npieces: 2000
capacity: 554792
1 647 547 
2 236 135 
3 354 253 
4 361 262 
5 314 215 
6 553 453 
7 605 504 
8 434 335 
9 924 824 
10 128 29 
11 195 95 
12 338 238 
13 500 399 
14 634 535 
15 187 88 
16 909 808 
17 132 32 
18 631 531 
19 903 804 
20 421 321 
21 405 304 
22 646 547 
23 708 607 
24 1054 954 
25 419 320 
26 526 427 
27 968 869 
28 758 659 
29 596 497 
30 645 546 
31 626 525 
32 204 103 
33 1090 991 
34 181 80 
35 362 263 
36 841 740 
37 1026 927 
38 836 736 
39 916 815 
40 271 170 
41 733 634 
42 362 261 
43 844 745 
44 645 545 
45 677 578 
46 139 38 
47 976 877 
48 546 445 
49 319 218 
50 414 315 
51 302 202 
52 734 635 
53 339 240 
54 132 31 
55 832 732 
56 384 283 
57 991 892 
58 705 606 
59 484 383 
60 897 797 
61 395 296 
62 722 622 
63 648 547 
64 210 110 
65 467 367 
66 739 639 
67 941 840 
68 903 802 
69 626 527 
70 792 693 
71 197 97 
72 197 97 
73 1045 945 
74 758 658 
75 143 43 
76 449 348 
77 162 62 
78 971 870 
79 761 660 
80 690 590 
81 854 753 
82 556 457 
83 306 206 
84 1041 941 
85 333 233 
86 650 549 
87 488 387 
88 220 119 
89 354 253 
90 937 838 
91 651 552 
92 107 8 
93 293 192 
94 871 771 
95 439 339 
96 268 168 
97 575 476 
98 817 716 
99 235 135 
100 564 463 
101 835 736 
102 559 459 
103 154 53 
104 896 795 
105 849 748 
106 729 629 
107 941 842 
108 841 742 
109 1063 962 
110 467 368 
111 1049 950 
112 358 258 
113 464 364 
114 889 788 
115 428 328 
116 257 158 
117 773 674 
118 160 60 
119 609 508 
120 861 760 
121 1071 971 
122 472 372 
123 499 399 
124 935 834 
125 204 104 
126 807 706 
127 1035 935 
128 898 799 
129 275 174 
130 329 230 
131 921 821 
132 1001 900 
133 455 354 
134 750 651 
135 681 580 
136 878 777 
137 176 76 
138 130 30 
139 189 89 
140 227 127 
141 243 142 
142 465 364 
143 197 98 
144 463 362 
145 303 204 
146 272 173 
147 500 401 
148 394 294 
149 872 772 
150 762 661 
151 221 120 
152 745 644 
153 682 581 
154 1011 911 
155 138 37 
156 558 459 
157 452 353 
158 157 58 
159 993 893 
160 237 136 
161 735 636 
162 938 838 
163 541 441 
164 573 473 
165 1064 964 
166 298 197 
167 889 790 
168 279 179 
169 837 737 
170 337 236 
171 554 454 
172 204 105 
173 369 268 
174 414 313 
175 654 554 
176 657 558 
177 676 577 
178 1071 972 
179 421 321 
180 387 287 
181 930 830 
182 388 288 
183 682 583 
184 232 131 
185 169 68 
186 123 24 
187 742 641 
188 927 828 
189 902 803 
190 1056 956 
191 936 837 
192 219 118 
193 580 479 
194 496 395 
195 480 380 
196 241 141 
197 1060 959 
198 254 153 
199 694 594 
200 972 872 
201 750 650 
202 395 296 
203 750 650 
204 1047 946 
205 269 170 
206 491 392 
207 350 251 
208 624 525 
209 662 562 
210 531 432 
211 746 647 
212 963 863 
213 359 258 
214 671 572 
215 612 513 
216 699 598 
217 1058 959 
218 858 759 
219 1089 988 
220 496 397 
221 736 637 
222 795 696 
223 932 832 
224 435 335 
225 1058 959 
226 659 559 
227 546 446 
228 595 496 
229 167 66 
230 867 766 
231 1061 960 
232 181 81 
233 509 408 
234 278 177 
235 1047 948 
236 359 259 
237 1004 904 
238 421 320 
239 443 344 
240 444 344 
241 372 272 
242 263 162 
243 753 652 
244 897 798 
245 178 77 
246 285 186 
247 713 613 
248 1024 925 
249 786 687 
250 792 691 
251 763 662 
252 882 782 
253 1075 976 
254 593 493 
255 137 38 
256 496 396 
257 254 155 
258 579 479 
259 651 550 
260 273 172 
261 650 550 
262 271 172 
263 366 266 
264 715 614 
265 421 322 
266 733 633 
267 360 261 
268 440 339 
269 157 56 
270 621 522 
271 108 7 
272 346 246 
273 991 891 
274 671 570 
275 957 856 
276 1058 957 
277 509 410 
278 214 113 
279 873 772 
280 866 767 
281 311 212 
282 112 13 
283 161 62 
284 251 150 
285 392 291 
286 784 684 
287 899 798 
288 1057 956 
289 151 52 
290 866 766 
291 976 877 
292 794 695 
293 367 267 
294 274 173 
295 177 78 
296 401 302 
297 486 385 
298 130 29 
299 881 781 
300 760 659 
301 179 79 
302 874 774 
303 558 457 
304 675 576 
305 615 514 
306 498 399 
307 1053 954 
308 473 372 
309 554 455 
310 567 466 
311 704 605 
312 378 277 
313 305 205 
314 1042 941 
315 185 85 
316 272 173 
317 485 384 
318 641 540 
319 741 641 
320 765 664 
321 644 545 
322 862 762 
323 487 387 
324 1060 961 
325 436 336 
326 961 862 
327 489 389 
328 214 114 
329 426 325 
330 196 96 
331 800 699 
332 551 450 
333 660 560 
334 992 891 
335 922 821 
336 353 254 
337 354 254 
338 1038 938 
339 870 771 
340 910 811 
341 545 444 
342 736 637 
343 589 489 
344 892 791 
345 246 147 
346 597 498 
347 1054 955 
348 104 5 
349 128 28 
350 859 758 
351 586 487 
352 299 199 
353 448 347 
354 1078 979 
355 852 751 
356 1073 972 
357 826 726 
358 981 882 
359 913 814 
360 164 65 
361 785 685 
362 267 168 
363 1068 968 
364 1006 905 
365 533 433 
366 654 554 
367 839 740 
368 419 319 
369 113 14 
370 941 842 
371 814 715 
372 134 33 
373 368 267 
374 1037 937 
375 786 687 
376 177 76 
377 434 334 
378 1089 989 
379 532 431 
380 153 52 
381 525 426 
382 439 338 
383 515 415 
384 311 210 
385 623 522 
386 1061 962 
387 950 850 
388 280 181 
389 793 693 
390 323 223 
391 159 58 
392 607 508 
393 974 874 
394 506 405 
395 831 731 
396 389 288 
397 984 883 
398 919 819 
399 458 357 
400 376 276 
401 520 419 
402 212 112 
403 1006 905 
404 225 126 
405 230 129 
406 731 631 
407 1084 985 
408 1002 901 
409 304 205 
410 1002 901 
411 271 170 
412 285 186 
413 772 672 
414 756 656 
415 151 50 
416 868 769 
417 611 510 
418 883 783 
419 462 363 
420 108 7 
421 344 244 
422 347 246 
423 981 880 
424 966 867 
425 406 307 
426 779 680 
427 472 373 
428 171 71 
429 728 629 
430 514 413 
431 142 42 
432 744 645 
433 1049 949 
434 193 92 
435 907 806 
436 447 348 
437 406 305 
438 739 639 
439 257 157 
440 853 754 
441 573 473 
442 824 723 
443 152 51 
444 333 233 
445 891 790 
446 914 815 
447 364 264 
448 880 780 
449 995 894 
450 829 730 
451 249 148 
452 157 56 
453 208 108 
454 818 718 
455 246 145 
456 554 453 
457 381 282 
458 957 857 
459 929 830 
460 208 109 
461 691 592 
462 932 833 
463 412 312 
464 397 297 
465 1016 915 
466 1074 973 
467 222 121 
468 324 225 
469 885 785 
470 549 448 
471 526 427 
472 279 178 
473 725 625 
474 900 799 
475 463 363 
476 857 758 
477 1017 918 
478 939 839 
479 373 272 
480 471 370 
481 943 842 
482 837 738 
483 861 762 
484 910 809 
485 769 668 
486 109 8 
487 361 261 
488 422 323 
489 447 348 
490 901 800 
491 1099 998 
492 406 306 
493 568 468 
494 745 646 
495 782 682 
496 524 425 
497 1057 958 
498 960 860 
499 760 659 
500 673 573 
501 542 442 
502 448 347 
503 752 652 
504 235 134 
505 627 526 
506 828 728 
507 110 10 
508 191 92 
509 1019 918 
510 1006 906 
511 967 867 
512 462 363 
513 910 811 
514 948 847 
515 661 560 
516 1014 913 
517 505 405 
518 1047 948 
519 1096 996 
520 722 621 
521 408 308 
522 744 644 
523 671 571 
524 420 319 
525 963 864 
526 384 285 
527 505 406 
528 1096 997 
529 594 494 
530 363 264 
531 561 460 
532 228 129 
533 255 155 
534 613 512 
535 869 768 
536 794 693 
537 548 448 
538 962 863 
539 620 519 
540 574 473 
541 843 742 
542 161 61 
543 547 448 
544 302 201 
545 796 697 
546 206 107 
547 841 740 
548 253 153 
549 754 655 
550 894 793 
551 249 149 
552 1062 962 
553 859 760 
554 619 518 
555 195 96 
556 384 284 
557 744 645 
558 810 710 
559 897 797 
560 169 68 
561 654 554 
562 334 234 
563 416 315 
564 544 445 
565 953 853 
566 107 6 
567 138 38 
568 1029 928 
569 649 550 
570 1057 956 
571 471 371 
572 163 62 
573 211 111 
574 680 579 
575 363 264 
576 742 642 
577 927 828 
578 1009 908 
579 771 670 
580 316 217 
581 1085 985 
582 419 320 
583 995 896 
584 296 195 
585 724 624 
586 1032 933 
587 910 811 
588 318 217 
589 750 650 
590 476 376 
591 305 206 
592 345 246 
593 639 539 
594 126 26 
595 934 833 
596 629 528 
597 155 56 
598 497 397 
599 130 31 
600 348 247 
601 1078 977 
602 394 294 
603 984 885 
604 959 858 
605 908 809 
606 245 146 
607 128 27 
608 203 102 
609 983 883 
610 871 770 
611 812 711 
612 235 136 
613 471 372 
614 413 313 
615 980 879 
616 820 719 
617 209 110 
618 599 498 
619 977 877 
620 144 45 
621 259 160 
622 640 540 
623 911 810 
624 928 829 
625 1037 936 
626 507 408 
627 585 485 
628 481 380 
629 359 259 
630 1090 991 
631 494 395 
632 684 585 
633 1021 921 
634 682 582 
635 475 375 
636 282 182 
637 287 188 
638 552 451 
639 781 680 
640 987 886 
641 106 7 
642 490 390 
643 460 359 
644 978 879 
645 147 48 
646 471 371 
647 820 720 
648 116 15 
649 266 167 
650 824 725 
651 962 862 
652 990 889 
653 188 87 
654 926 826 
655 867 768 
656 1004 903 
657 462 362 
658 607 507 
659 245 145 
660 553 454 
661 234 135 
662 605 506 
663 998 897 
664 1074 975 
665 586 485 
666 536 435 
667 954 854 
668 869 770 
669 980 879 
670 944 845 
671 884 784 
672 151 50 
673 468 367 
674 1053 952 
675 698 598 
676 1064 965 
677 1007 908 
678 492 391 
679 152 51 
680 888 787 
681 1035 934 
682 610 509 
683 776 677 
684 831 732 
685 122 22 
686 677 577 
687 878 778 
688 295 196 
689 1094 993 
690 390 291 
691 1053 954 
692 718 617 
693 895 795 
694 938 838 
695 238 138 
696 773 672 
697 731 630 
698 945 846 
699 825 725 
700 233 133 
701 686 586 
702 206 105 
703 262 162 
704 502 401 
705 728 628 
706 917 816 
707 1024 923 
708 1041 940 
709 637 537 
710 185 84 
711 196 97 
712 823 722 
713 700 601 
714 1032 931 
715 638 539 
716 459 359 
717 945 846 
718 238 138 
719 264 165 
720 107 6 
721 528 428 
722 287 186 
723 1088 987 
724 287 186 
725 380 281 
726 1073 972 
727 570 469 
728 536 437 
729 1015 915 
730 546 447 
731 350 250 
732 933 832 
733 667 566 
734 1019 919 
735 858 759 
736 1049 949 
737 193 94 
738 290 189 
739 210 110 
740 854 753 
741 835 734 
742 735 635 
743 679 578 
744 504 405 
745 597 497 
746 842 742 
747 292 191 
748 358 258 
749 106 7 
750 833 732 
751 663 564 
752 782 682 
753 808 708 
754 586 485 
755 150 50 
756 463 364 
757 522 422 
758 905 804 
759 168 67 
760 938 838 
761 259 158 
762 1010 909 
763 921 822 
764 647 546 
765 286 187 
766 569 470 
767 564 463 
768 120 19 
769 401 300 
770 1037 936 
771 516 417 
772 572 471 
773 464 364 
774 257 156 
775 514 413 
776 352 252 
777 769 669 
778 794 695 
779 382 282 
780 481 380 
781 700 600 
782 725 624 
783 873 773 
784 1022 923 
785 749 649 
786 490 391 
787 858 759 
788 497 397 
789 778 677 
790 441 342 
791 479 380 
792 864 763 
793 152 52 
794 373 273 
795 957 856 
796 385 284 
797 444 345 
798 203 103 
799 589 489 
800 633 533 
801 435 335 
802 339 240 
803 1029 930 
804 521 420 
805 160 59 
806 505 406 
807 255 156 
808 106 6 
809 297 198 
810 769 670 
811 513 412 
812 1025 926 
813 517 418 
814 513 414 
815 821 721 
816 882 783 
817 1079 978 
818 753 654 
819 680 580 
820 1043 942 
821 617 516 
822 693 593 
823 237 136 
824 942 843 
825 516 416 
826 326 227 
827 742 641 
828 433 334 
829 651 551 
830 181 81 
831 428 327 
832 1046 947 
833 1057 958 
834 635 534 
835 285 185 
836 172 72 
837 397 298 
838 878 778 
839 1024 924 
840 137 36 
841 1057 956 
842 111 10 
843 191 92 
844 324 224 
845 119 20 
846 177 77 
847 195 95 
848 947 847 
849 949 848 
850 126 27 
851 412 311 
852 395 294 
853 720 619 
854 394 294 
855 304 205 
856 947 846 
857 970 871 
858 1063 962 
859 451 352 
860 931 831 
861 811 710 
862 825 726 
863 1041 942 
864 208 109 
865 847 746 
866 676 577 
867 443 344 
868 529 429 
869 982 882 
870 587 488 
871 1003 903 
872 866 765 
873 786 686 
874 633 532 
875 959 859 
876 142 41 
877 892 791 
878 538 438 
879 580 480 
880 110 10 
881 653 554 
882 593 493 
883 165 64 
884 731 631 
885 896 796 
886 1072 972 
887 538 438 
888 265 165 
889 1015 916 
890 970 871 
891 772 671 
892 747 648 
893 240 141 
894 856 755 
895 411 312 
896 1013 914 
897 134 35 
898 1016 915 
899 839 740 
900 413 312 
901 288 187 
902 244 143 
903 904 805 
904 191 90 
905 744 645 
906 839 740 
907 565 464 
908 389 290 
909 696 595 
910 486 385 
911 209 108 
912 980 881 
913 565 465 
914 937 837 
915 621 520 
916 217 118 
917 559 460 
918 304 204 
919 206 105 
920 595 496 
921 994 893 
922 438 337 
923 590 491 
924 181 81 
925 634 533 
926 888 787 
927 144 45 
928 494 395 
929 283 184 
930 286 185 
931 229 128 
932 736 636 
933 911 812 
934 155 56 
935 346 246 
936 792 691 
937 957 857 
938 349 249 
939 912 812 
940 855 754 
941 755 656 
942 857 757 
943 1030 930 
944 841 740 
945 665 565 
946 798 699 
947 122 23 
948 969 869 
949 370 270 
950 899 798 
951 546 447 
952 844 743 
953 575 475 
954 948 849 
955 244 143 
956 1012 913 
957 129 30 
958 711 612 
959 536 437 
960 356 255 
961 206 106 
962 505 406 
963 501 402 
964 324 223 
965 1059 958 
966 677 578 
967 725 625 
968 666 567 
969 677 577 
970 335 236 
971 724 623 
972 885 786 
973 433 332 
974 303 203 
975 534 435 
976 751 650 
977 416 317 
978 827 726 
979 225 124 
980 737 636 
981 227 128 
982 974 873 
983 804 704 
984 326 225 
985 153 54 
986 418 319 
987 188 89 
988 790 689 
989 219 119 
990 267 166 
991 371 271 
992 476 375 
993 101 1 
994 147 48 
995 527 427 
996 942 842 
997 811 712 
998 803 702 
999 186 87 
1000 924 823 
1001 417 318 
1002 136 37 
1003 995 896 
1004 551 450 
1005 687 586 
1006 878 778 
1007 698 598 
1008 512 412 
1009 1023 922 
1010 443 343 
1011 548 448 
1012 1039 939 
1013 799 699 
1014 379 278 
1015 639 539 
1016 915 815 
1017 664 565 
1018 174 74 
1019 367 266 
1020 236 136 
1021 997 897 
1022 439 339 
1023 153 52 
1024 975 875 
1025 456 356 
1026 597 496 
1027 575 474 
1028 951 852 
1029 832 731 
1030 209 108 
1031 676 575 
1032 943 843 
1033 699 599 
1034 167 67 
1035 149 48 
1036 788 689 
1037 267 168 
1038 430 331 
1039 327 228 
1040 484 385 
1041 456 355 
1042 883 782 
1043 512 411 
1044 686 585 
1045 931 830 
1046 240 140 
1047 179 80 
1048 253 152 
1049 748 648 
1050 1046 947 
1051 358 257 
1052 715 615 
1053 119 20 
1054 805 704 
1055 671 571 
1056 894 794 
1057 665 564 
1058 456 357 
1059 437 336 
1060 274 174 
1061 268 167 
1062 798 699 
1063 958 858 
1064 830 730 
1065 842 741 
1066 291 190 
1067 706 607 
1068 749 648 
1069 1066 967 
1070 731 630 
1071 784 685 
1072 421 322 
1073 1013 914 
1074 535 434 
1075 600 500 
1076 372 271 
1077 399 298 
1078 504 404 
1079 381 281 
1080 522 421 
1081 637 537 
1082 838 737 
1083 906 807 
1084 634 534 
1085 299 199 
1086 669 568 
1087 825 725 
1088 729 629 
1089 435 336 
1090 141 40 
1091 634 533 
1092 1099 1000 
1093 623 523 
1094 224 124 
1095 916 816 
1096 169 69 
1097 540 440 
1098 325 224 
1099 215 116 
1100 169 70 
1101 474 375 
1102 374 274 
1103 907 808 
1104 172 71 
1105 119 20 
1106 1047 948 
1107 439 340 
1108 376 276 
1109 507 407 
1110 1009 910 
1111 288 188 
1112 787 686 
1113 250 150 
1114 690 590 
1115 976 875 
1116 607 508 
1117 432 331 
1118 270 169 
1119 1005 906 
1120 993 892 
1121 1005 906 
1122 340 241 
1123 643 544 
1124 1092 993 
1125 692 592 
1126 179 78 
1127 388 288 
1128 343 243 
1129 132 31 
1130 988 887 
1131 756 656 
1132 545 444 
1133 851 751 
1134 987 888 
1135 801 702 
1136 219 119 
1137 937 836 
1138 151 51 
1139 432 331 
1140 636 537 
1141 951 852 
1142 261 161 
1143 412 313 
1144 293 194 
1145 260 159 
1146 674 575 
1147 721 622 
1148 999 898 
1149 266 167 
1150 945 844 
1151 333 233 
1152 923 822 
1153 715 615 
1154 1090 991 
1155 702 602 
1156 222 122 
1157 401 302 
1158 511 410 
1159 343 243 
1160 418 318 
1161 398 299 
1162 710 611 
1163 727 627 
1164 213 114 
1165 1068 967 
1166 717 616 
1167 644 543 
1168 1039 939 
1169 451 352 
1170 1037 936 
1171 637 536 
1172 379 278 
1173 597 498 
1174 218 118 
1175 647 546 
1176 934 834 
1177 656 557 
1178 882 783 
1179 389 288 
1180 1004 904 
1181 664 564 
1182 620 520 
1183 630 531 
1184 463 364 
1185 639 538 
1186 774 675 
1187 197 98 
1188 782 682 
1189 928 828 
1190 293 192 
1191 492 393 
1192 872 771 
1193 368 267 
1194 827 726 
1195 841 740 
1196 811 712 
1197 205 105 
1198 941 841 
1199 695 594 
1200 1046 947 
1201 277 177 
1202 951 851 
1203 416 316 
1204 893 794 
1205 515 416 
1206 1000 901 
1207 383 284 
1208 712 613 
1209 292 192 
1210 639 540 
1211 100 1 
1212 672 573 
1213 375 274 
1214 1042 942 
1215 779 679 
1216 210 109 
1217 396 297 
1218 1056 956 
1219 244 145 
1220 166 66 
1221 254 155 
1222 509 408 
1223 284 185 
1224 770 669 
1225 469 368 
1226 947 846 
1227 136 35 
1228 193 93 
1229 864 763 
1230 496 396 
1231 180 80 
1232 769 670 
1233 146 46 
1234 1056 955 
1235 619 518 
1236 419 318 
1237 293 192 
1238 801 701 
1239 575 474 
1240 1042 941 
1241 964 864 
1242 779 679 
1243 579 480 
1244 821 722 
1245 339 240 
1246 443 342 
1247 274 174 
1248 846 746 
1249 552 452 
1250 664 563 
1251 908 807 
1252 247 146 
1253 166 66 
1254 541 441 
1255 103 4 
1256 374 273 
1257 974 874 
1258 632 531 
1259 685 586 
1260 342 241 
1261 384 285 
1262 965 864 
1263 180 80 
1264 1040 941 
1265 940 840 
1266 894 793 
1267 444 343 
1268 430 330 
1269 531 431 
1270 411 311 
1271 125 26 
1272 435 335 
1273 135 36 
1274 274 175 
1275 528 429 
1276 164 63 
1277 387 287 
1278 940 839 
1279 939 840 
1280 630 531 
1281 1065 964 
1282 140 40 
1283 342 243 
1284 1077 978 
1285 685 586 
1286 1038 939 
1287 677 577 
1288 623 522 
1289 932 833 
1290 842 742 
1291 843 743 
1292 777 678 
1293 942 841 
1294 1065 966 
1295 679 579 
1296 285 184 
1297 667 566 
1298 423 324 
1299 276 175 
1300 234 133 
1301 293 192 
1302 365 266 
1303 370 269 
1304 930 830 
1305 208 108 
1306 337 237 
1307 405 306 
1308 158 59 
1309 507 406 
1310 149 50 
1311 778 677 
1312 1012 911 
1313 1036 937 
1314 453 354 
1315 459 358 
1316 406 305 
1317 544 443 
1318 988 888 
1319 454 353 
1320 675 574 
1321 777 676 
1322 532 431 
1323 823 722 
1324 638 538 
1325 679 580 
1326 434 334 
1327 933 833 
1328 177 78 
1329 950 849 
1330 266 165 
1331 496 397 
1332 907 808 
1333 525 425 
1334 891 791 
1335 645 546 
1336 603 504 
1337 645 546 
1338 276 176 
1339 393 293 
1340 570 470 
1341 722 623 
1342 890 790 
1343 792 692 
1344 218 119 
1345 654 555 
1346 1039 938 
1347 277 176 
1348 188 87 
1349 1079 980 
1350 929 830 
1351 945 844 
1352 971 870 
1353 430 331 
1354 626 525 
1355 720 621 
1356 1018 917 
1357 293 193 
1358 522 423 
1359 396 297 
1360 531 431 
1361 245 145 
1362 601 500 
1363 557 458 
1364 654 554 
1365 566 466 
1366 569 470 
1367 589 490 
1368 809 709 
1369 183 84 
1370 772 673 
1371 234 134 
1372 486 386 
1373 442 343 
1374 721 621 
1375 322 221 
1376 1071 971 
1377 972 873 
1378 107 8 
1379 709 608 
1380 986 885 
1381 602 502 
1382 680 581 
1383 462 361 
1384 845 746 
1385 402 303 
1386 982 881 
1387 274 173 
1388 117 16 
1389 931 830 
1390 510 410 
1391 216 116 
1392 712 613 
1393 801 702 
1394 598 497 
1395 130 29 
1396 865 764 
1397 169 69 
1398 817 718 
1399 600 501 
1400 236 135 
1401 429 330 
1402 219 120 
1403 794 694 
1404 744 645 
1405 613 513 
1406 936 836 
1407 742 641 
1408 735 634 
1409 456 356 
1410 527 427 
1411 108 7 
1412 960 859 
1413 108 9 
1414 673 574 
1415 988 889 
1416 764 665 
1417 1060 960 
1418 303 203 
1419 698 597 
1420 1054 955 
1421 641 540 
1422 1027 927 
1423 622 522 
1424 697 598 
1425 346 247 
1426 792 691 
1427 717 616 
1428 755 654 
1429 810 711 
1430 1028 928 
1431 942 842 
1432 657 556 
1433 193 93 
1434 105 5 
1435 1066 965 
1436 1090 991 
1437 424 323 
1438 714 614 
1439 611 512 
1440 761 661 
1441 703 603 
1442 415 316 
1443 913 812 
1444 725 625 
1445 1056 956 
1446 381 281 
1447 209 108 
1448 112 11 
1449 298 198 
1450 622 522 
1451 1030 931 
1452 896 797 
1453 823 722 
1454 640 541 
1455 1005 906 
1456 381 282 
1457 929 828 
1458 383 282 
1459 155 56 
1460 852 751 
1461 448 347 
1462 217 116 
1463 990 890 
1464 415 316 
1465 666 565 
1466 236 135 
1467 848 747 
1468 476 377 
1469 753 653 
1470 388 289 
1471 215 114 
1472 566 467 
1473 868 767 
1474 1079 978 
1475 267 168 
1476 585 486 
1477 1083 984 
1478 354 253 
1479 374 273 
1480 951 850 
1481 189 88 
1482 988 887 
1483 693 592 
1484 1052 951 
1485 134 33 
1486 714 613 
1487 496 397 
1488 1047 947 
1489 1076 975 
1490 685 584 
1491 411 312 
1492 452 352 
1493 804 703 
1494 340 241 
1495 560 460 
1496 117 16 
1497 813 714 
1498 298 198 
1499 931 831 
1500 984 883 
1501 357 257 
1502 130 29 
1503 161 62 
1504 696 597 
1505 387 288 
1506 1083 982 
1507 960 859 
1508 158 59 
1509 841 740 
1510 414 315 
1511 925 824 
1512 935 836 
1513 228 127 
1514 116 17 
1515 1046 947 
1516 652 553 
1517 413 313 
1518 345 246 
1519 743 642 
1520 546 446 
1521 459 358 
1522 997 898 
1523 834 734 
1524 637 537 
1525 600 500 
1526 428 328 
1527 630 529 
1528 508 408 
1529 502 403 
1530 561 460 
1531 902 801 
1532 650 549 
1533 769 669 
1534 335 236 
1535 530 429 
1536 479 379 
1537 402 301 
1538 123 24 
1539 441 340 
1540 482 383 
1541 477 377 
1542 119 19 
1543 543 443 
1544 604 505 
1545 157 58 
1546 567 466 
1547 145 45 
1548 493 394 
1549 116 17 
1550 772 673 
1551 718 618 
1552 657 558 
1553 877 777 
1554 302 203 
1555 774 674 
1556 549 449 
1557 566 465 
1558 1061 961 
1559 838 737 
1560 1008 907 
1561 300 201 
1562 652 551 
1563 608 507 
1564 922 822 
1565 670 569 
1566 192 91 
1567 225 126 
1568 761 660 
1569 650 551 
1570 580 479 
1571 305 204 
1572 472 371 
1573 468 367 
1574 816 716 
1575 525 424 
1576 519 418 
1577 285 186 
1578 956 855 
1579 409 310 
1580 1048 947 
1581 423 322 
1582 131 30 
1583 1041 941 
1584 334 233 
1585 509 409 
1586 134 33 
1587 1089 990 
1588 940 841 
1589 292 191 
1590 1087 987 
1591 734 635 
1592 174 74 
1593 127 27 
1594 332 231 
1595 1080 979 
1596 316 215 
1597 617 518 
1598 777 677 
1599 247 146 
1600 445 345 
1601 258 157 
1602 137 36 
1603 134 35 
1604 787 687 
1605 513 413 
1606 996 895 
1607 773 672 
1608 906 807 
1609 996 895 
1610 616 515 
1611 248 149 
1612 344 244 
1613 830 731 
1614 1016 916 
1615 950 850 
1616 628 528 
1617 305 206 
1618 496 397 
1619 221 120 
1620 276 176 
1621 1018 918 
1622 771 670 
1623 1060 960 
1624 697 597 
1625 942 842 
1626 808 709 
1627 1070 969 
1628 674 575 
1629 945 844 
1630 611 512 
1631 630 529 
1632 348 249 
1633 155 56 
1634 227 127 
1635 501 400 
1636 935 834 
1637 193 92 
1638 177 76 
1639 239 138 
1640 348 248 
1641 1012 912 
1642 584 484 
1643 928 827 
1644 640 540 
1645 1049 949 
1646 151 52 
1647 1095 994 
1648 134 34 
1649 1068 968 
1650 994 894 
1651 461 360 
1652 690 591 
1653 314 213 
1654 433 332 
1655 563 464 
1656 640 539 
1657 808 709 
1658 438 337 
1659 905 806 
1660 315 215 
1661 951 850 
1662 834 733 
1663 231 130 
1664 563 462 
1665 861 760 
1666 186 87 
1667 280 180 
1668 498 397 
1669 1040 940 
1670 366 266 
1671 1092 991 
1672 752 652 
1673 217 118 
1674 831 730 
1675 290 191 
1676 767 668 
1677 523 424 
1678 297 198 
1679 577 477 
1680 621 520 
1681 1073 974 
1682 794 693 
1683 1035 935 
1684 1090 990 
1685 1088 989 
1686 239 139 
1687 351 250 
1688 713 613 
1689 522 422 
1690 744 643 
1691 854 754 
1692 162 62 
1693 685 585 
1694 264 163 
1695 403 302 
1696 826 725 
1697 553 452 
1698 162 61 
1699 481 382 
1700 458 359 
1701 1015 916 
1702 782 682 
1703 737 638 
1704 640 539 
1705 733 632 
1706 1026 926 
1707 768 667 
1708 623 523 
1709 1030 931 
1710 900 801 
1711 437 338 
1712 101 2 
1713 628 528 
1714 685 586 
1715 672 573 
1716 463 364 
1717 993 893 
1718 390 291 
1719 588 487 
1720 534 435 
1721 373 274 
1722 950 850 
1723 496 397 
1724 361 262 
1725 918 817 
1726 118 19 
1727 1047 948 
1728 428 329 
1729 1080 981 
1730 733 632 
1731 1100 999 
1732 621 521 
1733 177 77 
1734 184 83 
1735 117 16 
1736 420 319 
1737 195 96 
1738 939 840 
1739 720 620 
1740 695 594 
1741 506 407 
1742 435 334 
1743 118 18 
1744 252 151 
1745 165 64 
1746 479 380 
1747 964 865 
1748 517 418 
1749 419 319 
1750 906 806 
1751 1074 975 
1752 185 84 
1753 1023 924 
1754 1001 902 
1755 161 62 
1756 895 796 
1757 428 329 
1758 848 749 
1759 370 270 
1760 1003 904 
1761 934 835 
1762 1006 905 
1763 746 647 
1764 1038 939 
1765 146 46 
1766 771 670 
1767 480 381 
1768 833 734 
1769 384 283 
1770 445 344 
1771 577 477 
1772 372 273 
1773 1047 948 
1774 863 764 
1775 999 900 
1776 291 192 
1777 665 564 
1778 881 780 
1779 826 725 
1780 924 824 
1781 957 856 
1782 381 281 
1783 1078 977 
1784 285 184 
1785 495 394 
1786 742 641 
1787 184 85 
1788 480 379 
1789 175 74 
1790 715 616 
1791 796 697 
1792 998 898 
1793 944 845 
1794 763 664 
1795 699 598 
1796 1023 924 
1797 429 328 
1798 990 891 
1799 336 237 
1800 307 208 
1801 905 804 
1802 376 277 
1803 895 796 
1804 658 559 
1805 565 465 
1806 225 124 
1807 221 121 
1808 639 540 
1809 536 436 
1810 167 66 
1811 497 398 
1812 305 205 
1813 174 75 
1814 794 695 
1815 656 557 
1816 982 881 
1817 394 293 
1818 804 705 
1819 919 820 
1820 534 433 
1821 743 644 
1822 818 717 
1823 971 872 
1824 301 201 
1825 552 452 
1826 783 684 
1827 341 242 
1828 298 197 
1829 998 899 
1830 910 809 
1831 940 839 
1832 1035 934 
1833 804 705 
1834 971 872 
1835 476 377 
1836 592 493 
1837 1075 975 
1838 145 46 
1839 573 473 
1840 863 764 
1841 974 873 
1842 784 685 
1843 666 566 
1844 430 330 
1845 123 22 
1846 145 46 
1847 1040 941 
1848 658 557 
1849 207 108 
1850 1098 998 
1851 709 609 
1852 612 511 
1853 346 246 
1854 840 739 
1855 1037 937 
1856 128 27 
1857 628 528 
1858 650 550 
1859 347 246 
1860 570 470 
1861 739 638 
1862 597 497 
1863 695 595 
1864 1083 984 
1865 335 234 
1866 301 200 
1867 210 109 
1868 895 794 
1869 360 261 
1870 717 617 
1871 190 91 
1872 556 456 
1873 887 787 
1874 210 109 
1875 633 533 
1876 257 158 
1877 405 305 
1878 834 735 
1879 234 135 
1880 920 821 
1881 291 192 
1882 348 249 
1883 479 380 
1884 961 860 
1885 397 297 
1886 495 396 
1887 904 804 
1888 580 480 
1889 915 816 
1890 353 254 
1891 339 240 
1892 226 126 
1893 663 562 
1894 920 819 
1895 718 619 
1896 321 222 
1897 317 217 
1898 874 774 
1899 643 544 
1900 459 360 
1901 200 100 
1902 139 38 
1903 396 296 
1904 818 719 
1905 796 697 
1906 464 364 
1907 839 739 
1908 1070 970 
1909 873 774 
1910 1020 921 
1911 751 651 
1912 260 160 
1913 628 529 
1914 807 706 
1915 489 390 
1916 357 257 
1917 376 276 
1918 513 413 
1919 319 219 
1920 310 209 
1921 975 876 
1922 640 539 
1923 956 857 
1924 969 870 
1925 307 207 
1926 1098 998 
1927 178 77 
1928 932 831 
1929 201 100 
1930 215 114 
1931 726 626 
1932 527 428 
1933 495 396 
1934 992 893 
1935 980 880 
1936 558 458 
1937 351 252 
1938 339 240 
1939 283 183 
1940 338 238 
1941 390 290 
1942 882 781 
1943 112 11 
1944 203 103 
1945 105 6 
1946 380 281 
1947 795 695 
1948 850 750 
1949 300 200 
1950 596 497 
1951 999 899 
1952 595 494 
1953 505 406 
1954 666 566 
1955 534 433 
1956 739 638 
1957 952 852 
1958 382 283 
1959 1020 921 
1960 1022 923 
1961 255 155 
1962 974 875 
1963 487 386 
1964 1062 961 
1965 680 580 
1966 841 741 
1967 1095 994 
1968 548 449 
1969 223 124 
1970 158 58 
1971 157 58 
1972 269 169 
1973 469 368 
1974 847 747 
1975 1031 932 
1976 1038 937 
1977 995 896 
1978 1056 957 
1979 169 70 
1980 471 370 
1981 993 893 
1982 185 86 
1983 178 79 
1984 883 783 
1985 808 708 
1986 586 486 
1987 428 327 
1988 226 125 
1989 183 82 
1990 1085 985 
1991 628 528 
1992 232 132 
1993 394 295 
1994 639 538 
1995 1005 905 
1996 728 629 
1997 618 517 
1998 315 215 
1999 306 207 
2000 198 99 
