npieces: 500
capacity: 1868498198
1 7407759 8407759 
2 1814113 2814113 
3 6410411 7410411 
4 5492402 6492402 
5 3515505 4515505 
6 5088275 6088275 
7 3619210 4619210 
8 3946831 4946831 
9 5642715 6642715 
10 4862037 5862037 
11 8506089 9506089 
12 8771548 9771548 
13 8835628 9835628 
14 443645 1443645 
15 346379 1346379 
16 1431815 2431815 
17 7289636 8289636 
18 536482 1536482 
19 3581929 4581929 
20 4241590 5241590 
21 3532787 4532787 
22 5114586 6114586 
23 3800906 4800906 
24 7194782 8194782 
25 7510235 8510235 
26 2475294 3475294 
27 9230715 10230715 
28 1015029 2015029 
29 2886020 3886020 
30 583626 1583626 
31 1903916 2903916 
32 9587903 10587903 
33 9764700 10764700 
34 1036737 2036737 
35 636647 1636647 
36 906949 1906949 
37 9319848 10319848 
38 8213422 9213422 
39 9118765 10118765 
40 4084517 5084517 
41 6780460 7780460 
42 8294885 9294885 
43 9494831 10494831 
44 4594946 5594946 
45 3302643 4302643 
46 245863 1245863 
47 5580966 6580966 
48 6617819 7617819 
49 7727804 8727804 
50 3179908 4179908 
51 1198031 2198031 
52 5774842 6774842 
53 7257473 8257473 
54 1396507 2396507 
55 1700231 2700231 
56 5372035 6372035 
57 8079013 9079013 
58 99453 1099453 
59 4668926 5668926 
60 6290988 7290988 
61 7361465 8361465 
62 5468528 6468528 
63 7146523 8146523 
64 837131 1837131 
65 5969131 6969131 
66 3532751 4532751 
67 1164268 2164268 
68 4109194 5109194 
69 52875 1052875 
70 7927503 8927503 
71 7105352 8105352 
72 6810360 7810360 
73 6867131 7867131 
74 6479068 7479068 
75 1573892 2573892 
76 707514 1707514 
77 2936371 3936371 
78 4191906 5191906 
79 917838 1917838 
80 8768031 9768031 
81 3316142 4316142 
82 2986023 3986023 
83 5428393 6428393 
84 5116113 6116113 
85 9197813 10197813 
86 8394133 9394133 
87 3806341 4806341 
88 4983142 5983142 
89 1969670 2969670 
90 8790678 9790678 
91 715130 1715130 
92 304534 1304534 
93 2145377 3145377 
94 6590936 7590936 
95 541857 1541857 
96 6696584 7696584 
97 1858798 2858798 
98 3624880 4624880 
99 1355919 2355919 
100 5658821 6658821 
101 8163342 9163342 
102 8583642 9583642 
103 8576367 9576367 
104 6688718 7688718 
105 3745468 4745468 
106 3542878 4542878 
107 3854139 4854139 
108 6485192 7485192 
109 1544288 2544288 
110 2404751 3404751 
111 904855 1904855 
112 5453653 6453653 
113 1530288 2530288 
114 1623726 2623726 
115 5519818 6519818 
116 6516863 7516863 
117 6132675 7132675 
118 1348395 2348395 
119 2859737 3859737 
120 6925902 7925902 
121 277300 1277300 
122 2741899 3741899 
123 2751298 3751298 
124 616313 1616313 
125 650351 1650351 
126 754661 1754661 
127 5903314 6903314 
128 4422585 5422585 
129 3747483 4747483 
130 6707718 7707718 
131 4678051 5678051 
132 1671992 2671992 
133 4304292 5304292 
134 8643252 9643252 
135 9811766 10811766 
136 2109353 3109353 
137 5208163 6208163 
138 6339984 7339984 
139 9791401 10791401 
140 8801777 9801777 
141 5456237 6456237 
142 6936852 7936852 
143 3614613 4614613 
144 5065858 6065858 
145 8314485 9314485 
146 3666364 4666364 
147 8522758 9522758 
148 2287305 3287305 
149 3079647 4079647 
150 6787266 7787266 
151 3077016 4077016 
152 7569213 8569213 
153 8702690 9702690 
154 3158017 4158017 
155 394538 1394538 
156 576152 1576152 
157 2524120 3524120 
158 652027 1652027 
159 2636738 3636738 
160 3584803 4584803 
161 6460453 7460453 
162 7556086 8556086 
163 3960829 4960829 
164 9538473 10538473 
165 8033346 9033346 
166 5134785 6134785 
167 3056177 4056177 
168 9443085 10443085 
169 8902245 9902245 
170 5387412 6387412 
171 1338657 2338657 
172 1465720 2465720 
173 3931215 4931215 
174 1187477 2187477 
175 4681179 5681179 
176 1648298 2648298 
177 15409 1015409 
178 2015223 3015223 
179 9876658 10876658 
180 4221810 5221810 
181 9892412 10892412 
182 7401277 8401277 
183 8380884 9380884 
184 3887673 4887673 
185 8767300 9767300 
186 4399389 5399389 
187 1416199 2416199 
188 6104120 7104120 
189 7365647 8365647 
190 2722943 3722943 
191 8348292 9348292 
192 1193546 2193546 
193 1343936 2343936 
194 3553828 4553828 
195 518896 1518896 
196 6007131 7007131 
197 7190107 8190107 
198 7119844 8119844 
199 9245171 10245171 
200 41728 1041728 
201 9744500 10744500 
202 9421072 10421072 
203 2292983 3292983 
204 7846305 8846305 
205 614777 1614777 
206 6959094 7959094 
207 8205439 9205439 
208 3525713 4525713 
209 7259032 8259032 
210 7434498 8434498 
211 5628961 6628961 
212 9230910 10230910 
213 693582 1693582 
214 2666497 3666497 
215 6832674 7832674 
216 3278660 4278660 
217 8312078 9312078 
218 221313 1221313 
219 1922860 2922860 
220 5309852 6309852 
221 8421258 9421258 
222 9327701 10327701 
223 7577390 8577390 
224 7297841 8297841 
225 3219360 4219360 
226 6715701 7715701 
227 1515088 2515088 
228 6414355 7414355 
229 2208868 3208868 
230 2104705 3104705 
231 6517522 7517522 
232 8922244 9922244 
233 582854 1582854 
234 4401830 5401830 
235 7487872 8487872 
236 758064 1758064 
237 9461856 10461856 
238 312857 1312857 
239 3041940 4041940 
240 4437754 5437754 
241 4577759 5577759 
242 6397441 7397441 
243 7317032 8317032 
244 8085234 9085234 
245 2728203 3728203 
246 4512753 5512753 
247 2885270 3885270 
248 1869154 2869154 
249 9727604 10727604 
250 9080275 10080275 
251 1442926 2442926 
252 1848584 2848584 
253 5493179 6493179 
254 6655200 7655200 
255 5363795 6363795 
256 25053 1025053 
257 9827962 10827962 
258 8047947 9047947 
259 4668658 5668658 
260 6215444 7215444 
261 1624785 2624785 
262 6753534 7753534 
263 706208 1706208 
264 1066270 2066270 
265 237966 1237966 
266 3622779 4622779 
267 6082191 7082191 
268 436458 1436458 
269 9063032 10063032 
270 5063141 6063141 
271 8339885 9339885 
272 985259 1985259 
273 9333432 10333432 
274 5494936 6494936 
275 1000090 2000090 
276 5849681 6849681 
277 3085413 4085413 
278 1321074 2321074 
279 5838531 6838531 
280 7570457 8570457 
281 2435370 3435370 
282 2314165 3314165 
283 4340512 5340512 
284 3631808 4631808 
285 2926230 3926230 
286 9788293 10788293 
287 4423430 5423430 
288 3869267 4869267 
289 7572992 8572992 
290 8185611 9185611 
291 8755497 9755497 
292 6306082 7306082 
293 9933589 10933589 
294 5252668 6252668 
295 9164466 10164466 
296 7083730 8083730 
297 85120 1085120 
298 4718004 5718004 
299 8178169 9178169 
300 4739090 5739090 
301 4083380 5083380 
302 7652924 8652924 
303 9498336 10498336 
304 65382 1065382 
305 4070489 5070489 
306 4155243 5155243 
307 9084875 10084875 
308 2716959 3716959 
309 7487953 8487953 
310 1933672 2933672 
311 3664191 4664191 
312 1491819 2491819 
313 3231205 4231205 
314 8676685 9676685 
315 6200342 7200342 
316 372744 1372744 
317 1578001 2578001 
318 5824679 6824679 
319 2125660 3125660 
320 2323092 3323092 
321 7366760 8366760 
322 5466650 6466650 
323 6420170 7420170 
324 450561 1450561 
325 9095717 10095717 
326 7205537 8205537 
327 6570589 7570589 
328 4040868 5040868 
329 7820112 8820112 
330 5256180 6256180 
331 3150481 4150481 
332 85356 1085356 
333 2457610 3457610 
334 9537410 10537410 
335 859199 1859199 
336 5135535 6135535 
337 3066869 4066869 
338 9089693 10089693 
339 3654160 4654160 
340 9309344 10309344 
341 1786306 2786306 
342 5476790 6476790 
343 8000541 9000541 
344 1716445 2716445 
345 5650904 6650904 
346 4196669 5196669 
347 8925477 9925477 
348 8806565 9806565 
349 6063390 7063390 
350 6475050 7475050 
351 8562922 9562922 
352 8594727 9594727 
353 6840677 7840677 
354 5184666 6184666 
355 5296296 6296296 
356 9147253 10147253 
357 5106549 6106549 
358 8080529 9080529 
359 6518707 7518707 
360 423448 1423448 
361 2216370 3216370 
362 5366494 6366494 
363 6271660 7271660 
364 1909053 2909053 
365 4861291 5861291 
366 6046620 7046620 
367 3847135 4847135 
368 7433484 8433484 
369 4700608 5700608 
370 9238868 10238868 
371 5105340 6105340 
372 4765337 5765337 
373 3004333 4004333 
374 8679744 9679744 
375 7032944 8032944 
376 5436403 6436403 
377 7394231 8394231 
378 3620523 4620523 
379 871456 1871456 
380 4490714 5490714 
381 949937 1949937 
382 9109236 10109236 
383 4487234 5487234 
384 5831951 6831951 
385 7496619 8496619 
386 3827505 4827505 
387 3824279 4824279 
388 3084483 4084483 
389 465784 1465784 
390 6607727 7607727 
391 121033 1121033 
392 1427889 2427889 
393 5262299 6262299 
394 3785880 4785880 
395 6983197 7983197 
396 1078343 2078343 
397 4840270 5840270 
398 7788910 8788910 
399 6879956 7879956 
400 6091647 7091647 
401 792174 1792174 
402 5222707 6222707 
403 7455396 8455396 
404 4196429 5196429 
405 5802118 6802118 
406 9137643 10137643 
407 1995086 2995086 
408 5835441 6835441 
409 1738422 2738422 
410 4467001 5467001 
411 660572 1660572 
412 8567404 9567404 
413 4678463 5678463 
414 1985254 2985254 
415 5240953 6240953 
416 2980431 3980431 
417 8352110 9352110 
418 9461761 10461761 
419 8089964 9089964 
420 7935534 8935534 
421 4360099 5360099 
422 7441184 8441184 
423 5363379 6363379 
424 5936628 6936628 
425 2642686 3642686 
426 3520324 4520324 
427 2946616 3946616 
428 4665168 5665168 
429 8634405 9634405 
430 3435355 4435355 
431 595122 1595122 
432 3142158 4142158 
433 4082611 5082611 
434 4192990 5192990 
435 1276059 2276059 
436 1575936 2575936 
437 5712320 6712320 
438 841371 1841371 
439 9105097 10105097 
440 9977882 10977882 
441 6879241 7879241 
442 7763213 8763213 
443 3516204 4516204 
444 8655262 9655262 
445 2434492 3434492 
446 7926375 8926375 
447 7136163 8136163 
448 7501804 8501804 
449 4461411 5461411 
450 4652208 5652208 
451 5746171 6746171 
452 1325819 2325819 
453 6228586 7228586 
454 3024775 4024775 
455 3537540 4537540 
456 3690597 4690597 
457 4051278 5051278 
458 5960200 6960200 
459 903762 1903762 
460 5263772 6263772 
461 888420 1888420 
462 77767 1077767 
463 7428493 8428493 
464 4899770 5899770 
465 7589316 8589316 
466 6607993 7607993 
467 3295349 4295349 
468 6965239 7965239 
469 5473616 6473616 
470 8363827 9363827 
471 155127 1155127 
472 6347316 7347316 
473 4425060 5425060 
474 3909322 4909322 
475 3859044 4859044 
476 9866676 10866676 
477 9326748 10326748 
478 4959065 5959065 
479 4861012 5861012 
480 8758762 9758762 
481 1930428 2930428 
482 3010784 4010784 
483 5857046 6857046 
484 6171884 7171884 
485 4459712 5459712 
486 5952521 6952521 
487 8943314 9943314 
488 1629575 2629575 
489 9592705 10592705 
490 2027911 3027911 
491 669886 1669886 
492 7109613 8109613 
493 2377217 3377217 
494 2516631 3516631 
495 6574585 7574585 
496 8366346 9366346 
497 2359251 3359251 
498 8605736 9605736 
499 6276487 7276487 
500 1623029 2623029 
