npieces: 5000
capacity: 757798
1 882 501 
2 1071 809 
3 991 663 
4 777 375 
5 237 32 
6 1084 836 
7 680 280 
8 197 22 
9 944 589 
10 944 589 
11 1147 982 
12 929 566 
13 829 434 
14 1134 949 
15 819 422 
16 1005 687 
17 609 221 
18 1117 909 
19 914 545 
20 1150 988 
21 1093 856 
22 968 626 
23 849 459 
24 742 339 
25 840 448 
26 672 273 
27 714 311 
28 214 26 
29 873 489 
30 1076 819 
31 638 244 
32 954 603 
33 904 531 
34 733 330 
35 741 338 
36 689 288 
37 723 320 
38 892 514 
39 797 397 
40 620 230 
41 823 427 
42 671 272 
43 706 304 
44 945 590 
45 931 569 
46 991 662 
47 802 403 
48 890 511 
49 1091 851 
50 850 460 
51 1040 750 
52 851 461 
53 1087 842 
54 908 536 
55 1051 771 
56 888 509 
57 978 641 
58 1049 767 
59 859 471 
60 721 318 
61 919 551 
62 903 529 
63 1070 808 
64 820 424 
65 931 569 
66 1062 792 
67 936 576 
68 996 672 
69 1091 851 
70 1093 856 
71 1078 824 
72 682 282 
73 1070 808 
74 1115 904 
75 667 269 
76 752 349 
77 366 77 
78 1125 928 
79 233 31 
80 377 82 
81 1038 746 
82 740 337 
83 1039 748 
84 326 61 
85 1151 992 
86 601 215 
87 456 121 
88 983 650 
89 1143 971 
90 925 561 
91 316 57 
92 785 384 
93 689 288 
94 622 231 
95 1120 915 
96 375 81 
97 1118 912 
98 474 131 
99 406 95 
100 1062 791 
101 551 179 
102 930 568 
103 441 113 
104 866 480 
105 945 590 
106 519 158 
107 619 229 
108 943 587 
109 1022 717 
110 701 299 
111 483 136 
112 707 305 
113 1115 904 
114 59 2 
115 965 621 
116 684 284 
117 500 146 
118 613 224 
119 1065 797 
120 1051 770 
121 607 220 
122 771 369 
123 736 333 
124 691 290 
125 620 230 
126 890 511 
127 1083 835 
128 760 357 
129 918 550 
130 183 19 
131 1115 905 
132 349 70 
133 1081 831 
134 511 153 
135 1054 776 
136 998 674 
137 1091 851 
138 454 120 
139 669 270 
140 334 64 
141 1090 849 
142 467 127 
143 1062 792 
144 822 426 
145 896 519 
146 498 145 
147 1118 912 
148 868 482 
149 777 375 
150 740 337 
151 986 655 
152 1131 941 
153 695 294 
154 858 470 
155 1072 811 
156 809 411 
157 878 496 
158 313 56 
159 377 82 
160 1064 796 
161 911 541 
162 739 336 
163 728 325 
164 1064 796 
165 919 551 
166 540 172 
167 1049 766 
168 878 495 
169 1078 825 
170 925 560 
171 724 321 
172 1153 997 
173 241 33 
174 478 133 
175 1124 926 
176 991 663 
177 1036 742 
178 491 141 
179 752 349 
180 1028 727 
181 395 90 
182 1026 724 
183 1015 704 
184 905 532 
185 1078 824 
186 1028 728 
187 607 220 
188 248 35 
189 934 574 
190 1002 682 
191 769 367 
192 1027 726 
193 1127 932 
194 1003 683 
195 1123 923 
196 967 624 
197 1120 915 
198 310 55 
199 835 441 
200 622 231 
201 769 367 
202 938 580 
203 611 223 
204 1148 985 
205 882 501 
206 460 123 
207 880 498 
208 918 550 
209 463 125 
210 995 670 
211 1044 756 
212 1052 772 
213 1070 808 
214 1122 920 
215 543 174 
216 752 349 
217 1101 874 
218 896 520 
219 1121 918 
220 1067 802 
221 546 176 
222 1095 861 
223 1042 754 
224 551 179 
225 646 251 
226 926 562 
227 1079 827 
228 893 516 
229 726 323 
230 701 299 
231 1102 875 
232 700 298 
233 760 357 
234 901 526 
235 103 6 
236 734 331 
237 1103 877 
238 734 331 
239 432 108 
240 1038 745 
241 887 508 
242 1076 820 
243 703 301 
244 1032 735 
245 880 498 
246 767 365 
247 742 339 
248 1042 754 
249 719 316 
250 1123 924 
251 795 395 
252 354 72 
253 913 543 
254 1097 865 
255 501 147 
256 735 332 
257 583 202 
258 820 423 
259 1027 725 
260 813 415 
261 1122 920 
262 1042 753 
263 942 586 
264 1151 992 
265 1130 939 
266 894 517 
267 391 88 
268 401 93 
269 1012 698 
270 344 68 
271 1130 940 
272 579 199 
273 938 579 
274 1049 767 
275 454 120 
276 1016 706 
277 814 417 
278 585 203 
279 1153 998 
280 672 273 
281 329 62 
282 865 478 
283 513 154 
284 1057 782 
285 903 529 
286 1049 767 
287 1143 971 
288 1111 895 
289 395 90 
290 771 369 
291 1046 761 
292 133 10 
293 853 464 
294 1125 928 
295 1028 728 
296 210 25 
297 1119 913 
298 988 657 
299 994 668 
300 971 630 
301 1030 730 
302 1053 774 
303 488 139 
304 778 376 
305 296 50 
306 313 56 
307 1092 853 
308 830 435 
309 726 323 
310 1042 754 
311 1104 879 
312 1133 948 
313 997 673 
314 911 540 
315 1034 739 
316 1094 858 
317 785 384 
318 1073 813 
319 354 72 
320 1088 846 
321 1006 689 
322 205 24 
323 119 8 
324 943 587 
325 1084 837 
326 533 167 
327 302 52 
328 889 510 
329 1148 984 
330 1142 970 
331 926 562 
332 1053 774 
333 371 79 
334 653 257 
335 1005 687 
336 766 364 
337 682 282 
338 598 213 
339 790 389 
340 447 116 
341 583 202 
342 488 139 
343 1085 838 
344 1021 714 
345 1017 707 
346 613 224 
347 883 502 
348 230 30 
349 1136 955 
350 917 549 
351 1127 932 
352 902 528 
353 237 32 
354 344 68 
355 471 129 
356 1120 915 
357 1121 918 
358 483 136 
359 889 510 
360 960 613 
361 783 382 
362 963 617 
363 993 666 
364 588 205 
365 1033 736 
366 928 565 
367 958 610 
368 666 268 
369 681 281 
370 840 448 
371 533 167 
372 1022 716 
373 1110 893 
374 1072 812 
375 1113 899 
376 969 627 
377 1040 750 
378 624 233 
379 742 339 
380 903 529 
381 749 346 
382 768 366 
383 1092 853 
384 960 613 
385 930 568 
386 736 333 
387 488 139 
388 248 35 
389 380 83 
390 1071 810 
391 1010 695 
392 469 128 
393 752 349 
394 759 356 
395 959 612 
396 881 500 
397 418 101 
398 1152 994 
399 964 619 
400 1000 678 
401 663 265 
402 388 87 
403 926 562 
404 1076 819 
405 1008 692 
406 1023 719 
407 1100 870 
408 354 72 
409 290 48 
410 722 319 
411 741 338 
412 822 426 
413 639 245 
414 1093 856 
415 864 477 
416 965 621 
417 454 120 
418 299 51 
419 570 192 
420 879 497 
421 881 500 
422 1031 733 
423 1027 725 
424 567 190 
425 1048 764 
426 752 349 
427 1075 817 
428 1145 977 
429 329 62 
430 1112 897 
431 873 489 
432 324 60 
433 356 73 
434 416 100 
435 652 256 
436 375 81 
437 520 159 
438 443 114 
439 1093 855 
440 1010 695 
441 342 67 
442 635 242 
443 416 100 
444 979 643 
445 1099 868 
446 1026 723 
447 656 259 
448 896 520 
449 1074 816 
450 907 535 
451 1041 751 
452 1066 799 
453 511 153 
454 983 650 
455 800 401 
456 777 375 
457 964 619 
458 1146 978 
459 579 199 
460 1100 870 
461 1008 691 
462 426 105 
463 945 590 
464 1009 693 
465 582 201 
466 858 470 
467 1062 792 
468 111 7 
469 912 542 
470 826 431 
471 1070 807 
472 992 665 
473 479 134 
474 849 458 
475 1066 799 
476 251 36 
477 1131 943 
478 820 423 
479 520 159 
480 157 14 
481 936 576 
482 913 543 
483 957 608 
484 1004 684 
485 958 610 
486 453 119 
487 727 324 
488 758 355 
489 815 418 
490 944 589 
491 534 168 
492 1071 809 
493 881 500 
494 1119 913 
495 829 434 
496 454 120 
497 885 505 
498 1057 781 
499 1079 826 
500 616 227 
501 316 57 
502 934 573 
503 517 157 
504 996 671 
505 1126 929 
506 919 552 
507 736 333 
508 856 467 
509 1131 942 
510 575 196 
511 560 185 
512 924 559 
513 1070 808 
514 577 197 
515 1152 995 
516 800 400 
517 936 576 
518 729 326 
519 609 221 
520 757 354 
521 1050 769 
522 1084 837 
523 1042 754 
524 1017 708 
525 655 258 
526 836 443 
527 1143 971 
528 1001 679 
529 983 649 
530 1050 769 
531 1070 807 
532 1151 991 
533 873 489 
534 817 420 
535 872 488 
536 698 296 
537 711 309 
538 794 394 
539 658 261 
540 653 257 
541 1109 890 
542 625 234 
543 178 18 
544 944 588 
545 1108 888 
546 533 167 
547 1115 905 
548 750 347 
549 471 129 
550 255 37 
551 1084 836 
552 735 332 
553 770 368 
554 874 490 
555 865 479 
556 991 662 
557 816 419 
558 971 630 
559 998 674 
560 861 473 
561 936 577 
562 830 435 
563 281 45 
564 829 434 
565 1013 700 
566 911 541 
567 749 346 
568 1113 900 
569 925 560 
570 1071 810 
571 467 127 
572 111 7 
573 764 361 
574 561 186 
575 778 376 
576 751 348 
577 1122 921 
578 705 303 
579 483 136 
580 940 582 
581 1070 807 
582 157 14 
583 1086 841 
584 780 378 
585 1020 712 
586 954 604 
587 1138 958 
588 1128 935 
589 1078 825 
590 855 466 
591 1020 712 
592 961 615 
593 1136 954 
594 456 121 
595 971 630 
596 562 187 
597 984 652 
598 1073 814 
599 874 490 
600 856 467 
601 527 163 
602 506 150 
603 1076 819 
604 299 51 
605 1103 877 
606 1064 795 
607 326 61 
608 950 598 
609 1148 985 
610 850 460 
611 880 498 
612 846 455 
613 173 17 
614 1115 904 
615 875 492 
616 645 250 
617 651 255 
618 719 316 
619 1131 943 
620 1074 815 
621 709 307 
622 738 335 
623 836 443 
624 1085 839 
625 1012 698 
626 797 397 
627 962 616 
628 145 12 
629 834 440 
630 779 377 
631 456 121 
632 818 421 
633 853 463 
634 1086 840 
635 861 473 
636 438 111 
637 720 317 
638 1150 988 
639 957 608 
640 1123 924 
641 1083 834 
642 705 303 
643 667 269 
644 1132 944 
645 1107 886 
646 627 235 
647 767 365 
648 1018 710 
649 951 599 
650 778 376 
651 527 163 
652 1053 775 
653 1067 801 
654 1065 798 
655 864 477 
656 1098 866 
657 1136 955 
658 768 366 
659 1048 765 
660 845 453 
661 1058 784 
662 1052 772 
663 151 13 
664 1083 834 
665 646 251 
666 865 479 
667 126 9 
668 244 34 
669 1112 897 
670 940 583 
671 1037 744 
672 767 365 
673 717 314 
674 877 494 
675 1126 931 
676 1014 703 
677 962 616 
678 1141 967 
679 949 596 
680 554 181 
681 622 231 
682 458 122 
683 1024 720 
684 960 613 
685 868 483 
686 667 269 
687 744 341 
688 828 433 
689 416 100 
690 718 315 
691 959 612 
692 905 532 
693 84 4 
694 992 665 
695 601 215 
696 1051 770 
697 996 671 
698 514 155 
699 1039 747 
700 1068 804 
701 756 353 
702 709 307 
703 533 167 
704 836 442 
705 474 131 
706 377 82 
707 843 451 
708 1005 686 
709 791 391 
710 463 125 
711 244 34 
712 651 255 
713 467 127 
714 946 592 
715 1100 871 
716 1003 683 
717 1075 817 
718 737 334 
719 342 67 
720 943 587 
721 1106 885 
722 923 558 
723 1144 973 
724 1105 882 
725 607 220 
726 1074 815 
727 119 8 
728 479 134 
729 969 627 
730 1057 781 
731 689 288 
732 894 517 
733 838 445 
734 671 272 
735 975 636 
736 173 17 
737 922 556 
738 933 572 
739 1110 893 
740 922 556 
741 1139 961 
742 856 467 
743 1018 709 
744 905 532 
745 201 23 
746 928 564 
747 952 601 
748 924 559 
749 750 347 
750 371 79 
751 1125 927 
752 1086 840 
753 729 326 
754 956 606 
755 1111 896 
756 1142 968 
757 925 561 
758 197 22 
759 1053 774 
760 192 21 
761 1041 751 
762 1102 875 
763 481 135 
764 667 269 
765 995 670 
766 1077 823 
767 896 520 
768 501 147 
769 955 605 
770 822 426 
771 1078 825 
772 947 593 
773 1001 679 
774 948 595 
775 438 111 
776 949 596 
777 871 487 
778 1113 901 
779 894 517 
780 1034 739 
781 1034 738 
782 849 458 
783 644 249 
784 1010 696 
785 1141 967 
786 1056 780 
787 1150 989 
788 1035 740 
789 560 185 
790 1124 926 
791 1087 843 
792 258 38 
793 414 99 
794 722 319 
795 1070 807 
796 577 197 
797 549 178 
798 945 590 
799 988 657 
800 456 121 
801 935 575 
802 961 614 
803 800 400 
804 1127 933 
805 717 314 
806 585 203 
807 467 127 
808 388 87 
809 352 71 
810 1047 763 
811 1113 899 
812 1110 894 
813 1146 980 
814 1005 686 
815 1002 682 
816 1098 867 
817 1132 944 
818 721 318 
819 917 549 
820 739 336 
821 961 614 
822 769 367 
823 1081 830 
824 758 355 
825 981 647 
826 865 479 
827 1012 698 
828 948 595 
829 1026 723 
830 1045 759 
831 1086 840 
832 471 129 
833 509 152 
834 1128 935 
835 747 344 
836 1082 832 
837 581 200 
838 917 549 
839 1113 901 
840 258 38 
841 1118 912 
842 776 374 
843 904 531 
844 739 336 
845 656 259 
846 994 667 
847 866 480 
848 1145 977 
849 359 74 
850 1014 702 
851 1018 710 
852 585 203 
853 258 38 
854 456 121 
855 1111 895 
856 780 379 
857 980 644 
858 226 29 
859 913 543 
860 873 489 
861 424 104 
862 946 592 
863 839 446 
864 1057 781 
865 993 666 
866 1092 853 
867 527 163 
868 646 251 
869 904 531 
870 1010 696 
871 1112 897 
872 688 287 
873 946 592 
874 1074 815 
875 894 517 
876 410 97 
877 1036 742 
878 1063 793 
879 950 597 
880 1051 770 
881 836 443 
882 296 50 
883 296 50 
884 782 381 
885 709 307 
886 1031 733 
887 368 78 
888 1124 926 
889 792 392 
890 872 488 
891 930 567 
892 1073 814 
893 903 529 
894 683 283 
895 836 442 
896 84 4 
897 474 131 
898 558 184 
899 1135 952 
900 905 532 
901 836 442 
902 796 396 
903 616 227 
904 944 588 
905 786 385 
906 1140 964 
907 624 233 
908 932 570 
909 517 157 
910 210 25 
911 834 440 
912 813 415 
913 965 621 
914 516 156 
915 962 616 
916 798 398 
917 618 228 
918 993 666 
919 1120 916 
920 1110 892 
921 1084 837 
922 785 384 
923 820 424 
924 673 274 
925 945 590 
926 762 359 
927 574 195 
928 1144 974 
929 598 213 
930 524 161 
931 865 478 
932 1073 813 
933 711 309 
934 426 105 
935 984 652 
936 382 84 
937 1079 826 
938 332 63 
939 777 375 
940 441 113 
941 936 576 
942 524 161 
943 1086 841 
944 307 54 
945 557 183 
946 445 115 
947 982 648 
948 776 374 
949 210 25 
950 467 127 
951 111 7 
952 479 134 
953 757 354 
954 598 213 
955 321 59 
956 944 589 
957 590 207 
958 1110 892 
959 646 251 
960 646 251 
961 1118 911 
962 695 294 
963 1019 711 
964 619 229 
965 552 180 
966 925 560 
967 963 618 
968 1014 703 
969 1083 834 
970 865 478 
971 834 440 
972 613 224 
973 1154 999 
974 1143 971 
975 747 344 
976 1105 881 
977 681 281 
978 946 591 
979 1087 842 
980 401 93 
981 983 650 
982 940 582 
983 1071 809 
984 958 610 
985 1121 919 
986 769 367 
987 1011 697 
988 1104 879 
989 719 316 
990 377 82 
991 1025 721 
992 904 531 
993 942 585 
994 1094 857 
995 1109 890 
996 837 444 
997 483 136 
998 1037 743 
999 833 439 
1000 434 109 
1001 938 579 
1002 1091 851 
1003 636 243 
1004 1092 853 
1005 993 666 
1006 1048 765 
1007 1131 941 
1008 1070 807 
1009 299 51 
1010 424 104 
1011 912 542 
1012 1150 988 
1013 977 640 
1014 420 102 
1015 723 320 
1016 958 610 
1017 869 484 
1018 730 327 
1019 316 57 
1020 581 200 
1021 744 341 
1022 1042 753 
1023 555 182 
1024 1138 959 
1025 539 171 
1026 785 384 
1027 546 176 
1028 500 146 
1029 871 487 
1030 799 399 
1031 963 617 
1032 669 270 
1033 577 197 
1034 1147 981 
1035 438 111 
1036 525 162 
1037 1126 930 
1038 756 353 
1039 908 536 
1040 1078 824 
1041 1048 765 
1042 976 638 
1043 1022 716 
1044 1002 682 
1045 873 489 
1046 853 463 
1047 436 110 
1048 917 549 
1049 841 449 
1050 1076 819 
1051 855 466 
1052 902 528 
1053 1076 819 
1054 1016 706 
1055 946 592 
1056 694 293 
1057 384 85 
1058 609 221 
1059 826 431 
1060 688 287 
1061 562 187 
1062 624 233 
1063 1034 738 
1064 1105 882 
1065 695 294 
1066 503 148 
1067 845 454 
1068 819 422 
1069 970 629 
1070 650 254 
1071 593 209 
1072 789 388 
1073 119 8 
1074 748 345 
1075 1113 900 
1076 1065 798 
1077 611 223 
1078 663 265 
1079 339 66 
1080 773 371 
1081 730 327 
1082 366 77 
1083 465 126 
1084 977 640 
1085 938 580 
1086 248 35 
1087 168 16 
1088 520 159 
1089 592 208 
1090 579 199 
1091 602 216 
1092 299 51 
1093 968 626 
1094 364 76 
1095 997 673 
1096 808 410 
1097 579 199 
1098 860 472 
1099 714 311 
1100 821 425 
1101 831 437 
1102 1052 772 
1103 885 505 
1104 989 659 
1105 1133 946 
1106 733 330 
1107 865 479 
1108 733 330 
1109 536 169 
1110 504 149 
1111 810 412 
1112 1150 988 
1113 837 444 
1114 539 171 
1115 857 468 
1116 1121 918 
1117 921 554 
1118 1138 958 
1119 1138 959 
1120 735 332 
1121 717 314 
1122 812 414 
1123 684 284 
1124 233 31 
1125 1005 686 
1126 373 80 
1127 981 646 
1128 1035 740 
1129 624 233 
1130 318 58 
1131 1038 746 
1132 964 619 
1133 897 521 
1134 970 628 
1135 895 518 
1136 1048 765 
1137 401 93 
1138 901 527 
1139 1068 804 
1140 667 269 
1141 1107 886 
1142 498 145 
1143 447 116 
1144 1037 744 
1145 664 266 
1146 1066 799 
1147 1018 709 
1148 702 300 
1149 552 180 
1150 765 362 
1151 364 76 
1152 893 516 
1153 906 533 
1154 664 266 
1155 1067 802 
1156 356 73 
1157 761 358 
1158 94 5 
1159 925 561 
1160 1012 698 
1161 474 131 
1162 1128 936 
1163 262 39 
1164 418 101 
1165 952 600 
1166 1117 908 
1167 765 362 
1168 849 459 
1169 1010 695 
1170 958 610 
1171 318 58 
1172 1093 855 
1173 814 416 
1174 820 423 
1175 874 490 
1176 730 327 
1177 388 87 
1178 1062 792 
1179 833 439 
1180 173 17 
1181 1034 738 
1182 1069 806 
1183 934 574 
1184 422 103 
1185 763 360 
1186 1126 931 
1187 1142 970 
1188 1047 763 
1189 1094 858 
1190 904 531 
1191 701 299 
1192 1102 875 
1193 875 492 
1194 1146 980 
1195 1032 735 
1196 530 165 
1197 1061 789 
1198 685 285 
1199 824 428 
1200 959 611 
1201 998 674 
1202 513 154 
1203 1091 851 
1204 785 384 
1205 493 142 
1206 307 54 
1207 557 183 
1208 854 465 
1209 864 477 
1210 368 78 
1211 562 187 
1212 1137 957 
1213 1052 772 
1214 831 436 
1215 422 103 
1216 347 69 
1217 862 475 
1218 808 410 
1219 1051 771 
1220 1117 908 
1221 909 538 
1222 1055 778 
1223 525 162 
1224 1141 967 
1225 230 30 
1226 719 316 
1227 334 64 
1228 1080 829 
1229 1127 933 
1230 1001 680 
1231 727 324 
1232 1151 991 
1233 1110 893 
1234 919 551 
1235 918 550 
1236 614 225 
1237 426 105 
1238 1150 989 
1239 828 433 
1240 162 15 
1241 788 387 
1242 717 314 
1243 700 298 
1244 747 344 
1245 757 354 
1246 727 324 
1247 729 326 
1248 776 374 
1249 1040 750 
1250 619 229 
1251 1050 768 
1252 575 196 
1253 451 118 
1254 397 91 
1255 982 648 
1256 825 430 
1257 1111 896 
1258 549 178 
1259 618 228 
1260 585 203 
1261 897 521 
1262 759 356 
1263 717 314 
1264 687 286 
1265 847 456 
1266 1046 761 
1267 1012 699 
1268 509 152 
1269 840 447 
1270 704 302 
1271 1016 706 
1272 769 367 
1273 903 529 
1274 772 370 
1275 718 315 
1276 1098 866 
1277 401 93 
1278 837 444 
1279 1150 988 
1280 1098 867 
1281 471 129 
1282 721 318 
1283 1141 966 
1284 843 451 
1285 820 423 
1286 1031 732 
1287 905 532 
1288 977 640 
1289 749 346 
1290 226 29 
1291 1129 938 
1292 873 489 
1293 879 497 
1294 1046 760 
1295 825 430 
1296 807 408 
1297 1143 971 
1298 1070 808 
1299 692 291 
1300 568 191 
1301 582 201 
1302 973 633 
1303 337 65 
1304 904 531 
1305 715 312 
1306 1062 792 
1307 677 277 
1308 462 124 
1309 1043 755 
1310 1113 901 
1311 714 311 
1312 725 322 
1313 850 460 
1314 1080 828 
1315 1088 846 
1316 854 465 
1317 830 435 
1318 388 87 
1319 1131 941 
1320 1057 781 
1321 985 653 
1322 694 293 
1323 537 170 
1324 620 230 
1325 798 398 
1326 1065 798 
1327 393 89 
1328 619 229 
1329 961 615 
1330 565 189 
1331 911 540 
1332 864 477 
1333 592 208 
1334 145 12 
1335 678 278 
1336 988 658 
1337 737 334 
1338 849 458 
1339 1007 690 
1340 796 396 
1341 519 158 
1342 778 376 
1343 1108 888 
1344 811 413 
1345 714 311 
1346 1154 999 
1347 42 1 
1348 479 134 
1349 928 564 
1350 750 347 
1351 384 85 
1352 819 422 
1353 907 535 
1354 339 66 
1355 905 532 
1356 472 130 
1357 1010 695 
1358 1061 789 
1359 210 25 
1360 939 581 
1361 1123 922 
1362 1134 950 
1363 792 392 
1364 672 273 
1365 474 131 
1366 373 80 
1367 1025 721 
1368 1110 892 
1369 586 204 
1370 605 218 
1371 978 641 
1372 1095 860 
1373 960 613 
1374 856 467 
1375 957 608 
1376 932 571 
1377 893 515 
1378 688 287 
1379 1004 685 
1380 1047 763 
1381 614 225 
1382 866 480 
1383 1064 796 
1384 681 281 
1385 953 602 
1386 923 557 
1387 1135 952 
1388 871 486 
1389 751 348 
1390 966 622 
1391 785 384 
1392 699 297 
1393 966 622 
1394 1147 981 
1395 857 469 
1396 711 309 
1397 1034 738 
1398 783 382 
1399 133 10 
1400 1054 777 
1401 514 155 
1402 996 671 
1403 1109 890 
1404 460 123 
1405 1010 695 
1406 827 432 
1407 157 14 
1408 636 243 
1409 1096 862 
1410 432 108 
1411 743 340 
1412 197 22 
1413 898 522 
1414 971 630 
1415 205 24 
1416 739 336 
1417 989 660 
1418 222 28 
1419 852 462 
1420 860 472 
1421 727 324 
1422 632 239 
1423 1106 885 
1424 1089 847 
1425 644 249 
1426 592 208 
1427 304 53 
1428 963 617 
1429 960 613 
1430 893 516 
1431 1029 729 
1432 936 577 
1433 244 34 
1434 786 385 
1435 895 518 
1436 1029 729 
1437 531 166 
1438 695 294 
1439 1046 761 
1440 545 175 
1441 904 530 
1442 650 254 
1443 923 557 
1444 375 81 
1445 1019 711 
1446 825 429 
1447 725 322 
1448 700 298 
1449 1100 871 
1450 988 657 
1451 986 654 
1452 1011 697 
1453 395 90 
1454 511 153 
1455 731 328 
1456 511 153 
1457 728 325 
1458 764 361 
1459 961 615 
1460 1149 987 
1461 1064 796 
1462 1091 852 
1463 467 127 
1464 667 269 
1465 1067 801 
1466 408 96 
1467 562 187 
1468 1073 814 
1469 926 562 
1470 1013 701 
1471 414 99 
1472 1058 783 
1473 640 246 
1474 1014 702 
1475 866 480 
1476 836 443 
1477 313 56 
1478 530 165 
1479 1043 755 
1480 332 63 
1481 749 346 
1482 855 466 
1483 848 457 
1484 472 130 
1485 562 187 
1486 934 573 
1487 978 641 
1488 281 45 
1489 931 569 
1490 799 399 
1491 514 155 
1492 1068 804 
1493 777 375 
1494 882 501 
1495 1083 834 
1496 1123 923 
1497 977 640 
1498 844 452 
1499 964 619 
1500 214 26 
1501 942 585 
1502 1120 917 
1503 585 203 
1504 992 665 
1505 1055 778 
1506 500 146 
1507 1134 949 
1508 916 547 
1509 1048 765 
1510 890 511 
1511 958 609 
1512 919 551 
1513 1052 773 
1514 644 249 
1515 1018 709 
1516 765 362 
1517 1089 848 
1518 836 442 
1519 662 264 
1520 1137 957 
1521 151 13 
1522 794 394 
1523 724 321 
1524 928 565 
1525 1134 950 
1526 961 615 
1527 675 276 
1528 939 581 
1529 679 279 
1530 1036 742 
1531 781 380 
1532 449 117 
1533 938 580 
1534 924 559 
1535 472 130 
1536 600 214 
1537 839 446 
1538 844 452 
1539 774 372 
1540 1030 731 
1541 1027 726 
1542 1002 681 
1543 1027 726 
1544 244 34 
1545 1058 784 
1546 1120 917 
1547 702 300 
1548 814 416 
1549 1122 921 
1550 613 224 
1551 1117 909 
1552 509 152 
1553 511 153 
1554 829 434 
1555 672 273 
1556 1052 772 
1557 1012 698 
1558 472 130 
1559 965 620 
1560 525 162 
1561 737 334 
1562 1044 756 
1563 866 480 
1564 791 391 
1565 1068 804 
1566 983 649 
1567 230 30 
1568 481 135 
1569 218 27 
1570 645 250 
1571 1009 693 
1572 445 115 
1573 666 268 
1574 1103 877 
1575 835 441 
1576 884 504 
1577 850 460 
1578 858 470 
1579 1031 733 
1580 567 190 
1581 568 191 
1582 622 231 
1583 623 232 
1584 753 350 
1585 768 366 
1586 834 440 
1587 1099 868 
1588 887 507 
1589 456 121 
1590 1107 886 
1591 764 361 
1592 1042 753 
1593 418 101 
1594 424 104 
1595 678 278 
1596 126 9 
1597 651 255 
1598 1130 940 
1599 1101 872 
1600 973 634 
1601 1001 679 
1602 600 214 
1603 879 497 
1604 1122 921 
1605 991 662 
1606 963 618 
1607 836 442 
1608 815 418 
1609 935 575 
1610 984 652 
1611 834 440 
1612 218 27 
1613 1054 777 
1614 688 287 
1615 339 66 
1616 777 375 
1617 749 346 
1618 561 186 
1619 847 456 
1620 732 329 
1621 1052 773 
1622 1113 900 
1623 1009 693 
1624 1044 756 
1625 960 613 
1626 827 432 
1627 349 70 
1628 993 666 
1629 1107 887 
1630 393 89 
1631 867 481 
1632 1078 825 
1633 1087 843 
1634 1131 943 
1635 1036 742 
1636 704 302 
1637 321 59 
1638 454 120 
1639 867 481 
1640 753 350 
1641 899 523 
1642 1093 856 
1643 1018 709 
1644 408 96 
1645 262 39 
1646 454 120 
1647 513 154 
1648 954 604 
1649 1154 999 
1650 909 538 
1651 641 247 
1652 825 430 
1653 1131 941 
1654 988 658 
1655 205 24 
1656 1012 699 
1657 863 476 
1658 230 30 
1659 1020 712 
1660 356 73 
1661 1140 963 
1662 1093 855 
1663 914 544 
1664 1003 683 
1665 941 584 
1666 640 246 
1667 1009 694 
1668 823 427 
1669 685 285 
1670 976 639 
1671 1014 702 
1672 519 158 
1673 832 438 
1674 1135 952 
1675 618 228 
1676 218 27 
1677 840 448 
1678 921 554 
1679 201 23 
1680 875 491 
1681 802 403 
1682 1014 703 
1683 853 464 
1684 988 658 
1685 914 545 
1686 605 218 
1687 1046 760 
1688 503 148 
1689 1153 996 
1690 536 169 
1691 782 381 
1692 439 112 
1693 1146 979 
1694 284 46 
1695 145 12 
1696 967 624 
1697 711 309 
1698 958 609 
1699 946 592 
1700 557 183 
1701 868 483 
1702 871 487 
1703 1151 993 
1704 848 457 
1705 948 594 
1706 589 206 
1707 1134 950 
1708 1103 877 
1709 722 319 
1710 368 78 
1711 875 491 
1712 1088 846 
1713 860 472 
1714 290 48 
1715 979 643 
1716 1061 789 
1717 699 297 
1718 725 322 
1719 1018 710 
1720 755 352 
1721 824 428 
1722 624 233 
1723 1026 723 
1724 912 542 
1725 1138 959 
1726 1110 894 
1727 1010 695 
1728 689 288 
1729 1129 938 
1730 988 657 
1731 1130 940 
1732 393 89 
1733 386 86 
1734 878 496 
1735 726 323 
1736 714 311 
1737 1045 758 
1738 1093 856 
1739 978 641 
1740 1107 887 
1741 835 441 
1742 1119 914 
1743 760 357 
1744 905 532 
1745 504 149 
1746 352 71 
1747 205 24 
1748 913 543 
1749 818 421 
1750 999 676 
1751 1008 691 
1752 1033 736 
1753 251 36 
1754 1081 831 
1755 1064 796 
1756 1098 867 
1757 579 199 
1758 688 287 
1759 469 128 
1760 1153 996 
1761 508 151 
1762 1037 743 
1763 443 114 
1764 1051 771 
1765 796 396 
1766 843 451 
1767 725 322 
1768 1132 944 
1769 757 354 
1770 792 392 
1771 738 335 
1772 1142 968 
1773 422 103 
1774 119 8 
1775 1061 789 
1776 1095 860 
1777 909 538 
1778 789 388 
1779 590 207 
1780 604 217 
1781 1150 989 
1782 557 183 
1783 1069 806 
1784 708 306 
1785 899 524 
1786 1067 801 
1787 1005 686 
1788 1006 688 
1789 1146 980 
1790 511 153 
1791 689 288 
1792 983 650 
1793 831 436 
1794 973 633 
1795 458 122 
1796 887 508 
1797 929 566 
1798 567 190 
1799 1093 856 
1800 875 492 
1801 695 294 
1802 917 549 
1803 1045 758 
1804 940 583 
1805 920 553 
1806 1144 975 
1807 382 84 
1808 546 176 
1809 1125 927 
1810 939 581 
1811 469 128 
1812 614 225 
1813 537 170 
1814 514 155 
1815 812 414 
1816 967 624 
1817 928 564 
1818 925 561 
1819 1123 923 
1820 969 627 
1821 949 596 
1822 934 573 
1823 1040 749 
1824 773 371 
1825 848 457 
1826 614 225 
1827 735 332 
1828 344 68 
1829 1048 765 
1830 527 163 
1831 188 20 
1832 910 539 
1833 772 370 
1834 935 575 
1835 391 88 
1836 1049 766 
1837 373 80 
1838 660 263 
1839 265 40 
1840 352 71 
1841 1065 797 
1842 773 371 
1843 1083 835 
1844 663 265 
1845 734 331 
1846 963 617 
1847 804 405 
1848 498 145 
1849 752 349 
1850 449 117 
1851 244 34 
1852 1096 862 
1853 1086 841 
1854 1006 689 
1855 853 464 
1856 680 280 
1857 1100 871 
1858 307 54 
1859 441 113 
1860 1060 788 
1861 784 383 
1862 947 593 
1863 555 182 
1864 1069 806 
1865 1141 967 
1866 753 350 
1867 869 484 
1868 899 524 
1869 73 3 
1870 613 224 
1871 377 82 
1872 395 90 
1873 921 554 
1874 688 287 
1875 748 345 
1876 1145 976 
1877 896 519 
1878 1037 743 
1879 1126 930 
1880 1137 957 
1881 752 349 
1882 806 407 
1883 994 667 
1884 972 631 
1885 886 506 
1886 754 351 
1887 412 98 
1888 914 544 
1889 675 276 
1890 1082 832 
1891 833 439 
1892 1007 690 
1893 966 622 
1894 996 672 
1895 1121 918 
1896 843 451 
1897 1072 811 
1898 1051 771 
1899 500 146 
1900 1146 978 
1901 1006 689 
1902 513 154 
1903 606 219 
1904 622 231 
1905 1108 888 
1906 641 247 
1907 947 593 
1908 1005 686 
1909 1037 744 
1910 1150 990 
1911 838 445 
1912 1110 892 
1913 1150 990 
1914 1027 726 
1915 1032 734 
1916 866 480 
1917 1036 742 
1918 1061 789 
1919 1002 682 
1920 795 395 
1921 1094 858 
1922 913 543 
1923 952 600 
1924 936 576 
1925 536 169 
1926 581 200 
1927 1076 820 
1928 1130 940 
1929 967 624 
1930 1039 748 
1931 380 83 
1932 1153 998 
1933 1117 908 
1934 911 541 
1935 682 282 
1936 162 15 
1937 929 566 
1938 900 525 
1939 1016 706 
1940 574 195 
1941 1099 869 
1942 705 303 
1943 833 439 
1944 650 254 
1945 1150 990 
1946 1083 834 
1947 759 356 
1948 807 408 
1949 791 391 
1950 1031 733 
1951 354 72 
1952 42 1 
1953 890 511 
1954 1039 748 
1955 788 387 
1956 188 20 
1957 992 664 
1958 1086 841 
1959 958 609 
1960 534 168 
1961 1009 693 
1962 766 363 
1963 744 341 
1964 807 409 
1965 1056 779 
1966 1101 874 
1967 762 359 
1968 893 515 
1969 1116 907 
1970 840 448 
1971 912 542 
1972 1128 935 
1973 1053 774 
1974 861 473 
1975 1081 830 
1976 980 644 
1977 1041 751 
1978 380 83 
1979 1051 771 
1980 453 119 
1981 894 517 
1982 368 78 
1983 474 131 
1984 953 602 
1985 955 605 
1986 504 149 
1987 930 568 
1988 1151 992 
1989 656 259 
1990 802 403 
1991 856 467 
1992 883 502 
1993 691 290 
1994 1065 798 
1995 915 546 
1996 887 508 
1997 951 599 
1998 813 415 
1999 998 674 
2000 757 354 
2001 536 169 
2002 866 480 
2003 364 76 
2004 274 43 
2005 823 427 
2006 1102 876 
2007 1102 876 
2008 887 508 
2009 1125 928 
2010 903 529 
2011 1099 869 
2012 851 461 
2013 589 206 
2014 988 657 
2015 157 14 
2016 1141 966 
2017 683 283 
2018 1056 780 
2019 1114 903 
2020 380 83 
2021 585 203 
2022 889 510 
2023 607 220 
2024 1063 793 
2025 1081 831 
2026 660 263 
2027 860 472 
2028 1088 846 
2029 659 262 
2030 950 598 
2031 726 323 
2032 1068 804 
2033 913 543 
2034 517 157 
2035 857 468 
2036 744 341 
2037 1124 925 
2038 952 600 
2039 508 151 
2040 652 256 
2041 748 345 
2042 629 237 
2043 602 216 
2044 880 498 
2045 974 635 
2046 875 492 
2047 1100 870 
2048 945 590 
2049 848 457 
2050 1037 743 
2051 957 608 
2052 870 485 
2053 895 518 
2054 758 355 
2055 765 362 
2056 451 118 
2057 1017 708 
2058 418 101 
2059 867 481 
2060 1073 814 
2061 963 617 
2062 519 158 
2063 500 146 
2064 1139 961 
2065 956 606 
2066 1151 991 
2067 679 279 
2068 1107 887 
2069 968 626 
2070 760 357 
2071 936 577 
2072 895 518 
2073 1149 987 
2074 728 325 
2075 812 414 
2076 991 663 
2077 1150 989 
2078 1037 744 
2079 647 252 
2080 391 88 
2081 1078 824 
2082 1101 872 
2083 999 676 
2084 798 398 
2085 857 469 
2086 707 305 
2087 913 543 
2088 1032 734 
2089 1033 737 
2090 908 536 
2091 1060 788 
2092 1114 902 
2093 988 657 
2094 853 463 
2095 1128 935 
2096 821 425 
2097 875 492 
2098 901 526 
2099 1017 707 
2100 770 368 
2101 1026 724 
2102 488 139 
2103 897 521 
2104 1062 792 
2105 916 548 
2106 683 283 
2107 103 6 
2108 537 170 
2109 801 402 
2110 386 86 
2111 982 648 
2112 895 518 
2113 493 142 
2114 981 646 
2115 604 217 
2116 754 351 
2117 456 121 
2118 467 127 
2119 549 178 
2120 756 353 
2121 1014 703 
2122 652 256 
2123 1025 721 
2124 1121 918 
2125 928 565 
2126 1050 769 
2127 994 667 
2128 1084 836 
2129 973 634 
2130 460 123 
2131 682 282 
2132 688 287 
2133 1139 961 
2134 953 602 
2135 438 111 
2136 939 581 
2137 384 85 
2138 760 357 
2139 1135 952 
2140 1106 885 
2141 810 412 
2142 540 172 
2143 445 115 
2144 557 183 
2145 366 77 
2146 210 25 
2147 771 369 
2148 659 262 
2149 1097 865 
2150 714 311 
2151 430 107 
2152 408 96 
2153 735 332 
2154 839 446 
2155 1046 760 
2156 710 308 
2157 1068 804 
2158 188 20 
2159 304 53 
2160 572 194 
2161 699 297 
2162 564 188 
2163 1123 922 
2164 479 134 
2165 964 619 
2166 646 251 
2167 299 51 
2168 1069 805 
2169 508 151 
2170 939 581 
2171 817 420 
2172 1117 910 
2173 717 314 
2174 916 548 
2175 938 580 
2176 700 298 
2177 562 187 
2178 873 489 
2179 801 402 
2180 1131 941 
2181 928 565 
2182 1125 928 
2183 1003 683 
2184 443 114 
2185 822 426 
2186 373 80 
2187 963 617 
2188 885 505 
2189 522 160 
2190 792 392 
2191 1110 892 
2192 850 460 
2193 1111 896 
2194 780 379 
2195 598 213 
2196 1004 684 
2197 1016 705 
2198 980 644 
2199 436 110 
2200 548 177 
2201 779 377 
2202 1149 986 
2203 218 27 
2204 791 391 
2205 875 492 
2206 1106 885 
2207 809 411 
2208 892 514 
2209 1016 706 
2210 1040 750 
2211 889 510 
2212 829 434 
2213 1117 909 
2214 1056 779 
2215 706 304 
2216 991 662 
2217 1086 840 
2218 872 488 
2219 887 508 
2220 629 237 
2221 1154 1000 
2222 845 454 
2223 412 98 
2224 1041 752 
2225 761 358 
2226 813 415 
2227 549 178 
2228 1071 810 
2229 1102 875 
2230 1045 759 
2231 895 518 
2232 371 79 
2233 665 267 
2234 1120 916 
2235 1095 859 
2236 438 111 
2237 988 658 
2238 813 415 
2239 1028 727 
2240 1039 748 
2241 316 57 
2242 1142 969 
2243 970 628 
2244 632 239 
2245 997 673 
2246 1141 966 
2247 674 275 
2248 1061 790 
2249 956 606 
2250 540 172 
2251 318 58 
2252 624 233 
2253 831 437 
2254 693 292 
2255 531 166 
2256 469 128 
2257 598 213 
2258 1070 808 
2259 1086 841 
2260 1061 790 
2261 1038 746 
2262 1140 963 
2263 1127 932 
2264 1020 713 
2265 151 13 
2266 954 604 
2267 1084 837 
2268 940 582 
2269 911 540 
2270 801 402 
2271 921 555 
2272 634 241 
2273 747 344 
2274 977 640 
2275 1095 860 
2276 904 531 
2277 644 249 
2278 1034 738 
2279 609 221 
2280 1151 993 
2281 251 36 
2282 1088 846 
2283 973 634 
2284 1048 764 
2285 449 117 
2286 503 148 
2287 827 432 
2288 954 603 
2289 905 532 
2290 403 94 
2291 458 122 
2292 318 58 
2293 684 284 
2294 957 608 
2295 1136 953 
2296 658 261 
2297 1100 871 
2298 334 64 
2299 1119 914 
2300 811 413 
2301 809 411 
2302 687 286 
2303 344 68 
2304 1097 865 
2305 1070 807 
2306 1103 877 
2307 465 126 
2308 650 254 
2309 832 438 
2310 168 16 
2311 811 413 
2312 373 80 
2313 1116 906 
2314 1027 725 
2315 636 243 
2316 543 174 
2317 841 449 
2318 151 13 
2319 356 73 
2320 1042 753 
2321 490 140 
2322 241 33 
2323 434 109 
2324 970 628 
2325 983 650 
2326 906 534 
2327 657 260 
2328 517 157 
2329 1006 689 
2330 880 498 
2331 992 665 
2332 673 274 
2333 703 301 
2334 399 92 
2335 802 403 
2336 304 53 
2337 1085 838 
2338 622 231 
2339 1133 947 
2340 1050 768 
2341 506 150 
2342 1100 871 
2343 1021 715 
2344 756 353 
2345 1115 904 
2346 1090 849 
2347 940 583 
2348 913 543 
2349 787 386 
2350 495 143 
2351 865 479 
2352 886 506 
2353 1030 731 
2354 1055 778 
2355 73 3 
2356 995 670 
2357 326 61 
2358 825 429 
2359 990 661 
2360 168 16 
2361 1072 811 
2362 119 8 
2363 921 554 
2364 840 447 
2365 638 244 
2366 1007 690 
2367 827 432 
2368 938 579 
2369 839 446 
2370 883 502 
2371 1029 729 
2372 1046 761 
2373 218 27 
2374 1103 878 
2375 233 31 
2376 1110 893 
2377 545 175 
2378 395 90 
2379 894 517 
2380 406 95 
2381 813 415 
2382 1083 834 
2383 382 84 
2384 832 438 
2385 958 610 
2386 951 599 
2387 412 98 
2388 896 519 
2389 1095 860 
2390 889 510 
2391 302 52 
2392 871 486 
2393 912 542 
2394 863 476 
2395 804 405 
2396 880 498 
2397 352 71 
2398 1002 682 
2399 597 212 
2400 658 261 
2401 1117 909 
2402 932 570 
2403 780 378 
2404 561 186 
2405 657 260 
2406 162 15 
2407 867 481 
2408 1120 917 
2409 1131 941 
2410 699 297 
2411 565 189 
2412 791 390 
2413 1074 815 
2414 307 54 
2415 1117 910 
2416 1073 813 
2417 937 578 
2418 765 362 
2419 922 556 
2420 956 607 
2421 508 151 
2422 806 407 
2423 1151 993 
2424 1135 951 
2425 1046 760 
2426 418 101 
2427 1087 842 
2428 542 173 
2429 463 125 
2430 636 243 
2431 1077 822 
2432 1030 730 
2433 1052 773 
2434 574 195 
2435 1013 700 
2436 942 585 
2437 1033 736 
2438 1132 945 
2439 997 673 
2440 941 584 
2441 743 340 
2442 693 292 
2443 833 439 
2444 922 556 
2445 863 476 
2446 796 396 
2447 611 223 
2448 936 576 
2449 915 546 
2450 1132 945 
2451 662 264 
2452 451 118 
2453 744 341 
2454 725 322 
2455 490 140 
2456 959 611 
2457 596 211 
2458 927 563 
2459 1129 937 
2460 1058 783 
2461 633 240 
2462 818 421 
2463 1128 934 
2464 486 138 
2465 1069 805 
2466 724 321 
2467 1059 785 
2468 1093 856 
2469 412 98 
2470 255 37 
2471 1131 943 
2472 629 237 
2473 299 51 
2474 965 621 
2475 789 388 
2476 1087 842 
2477 782 381 
2478 1129 938 
2479 713 310 
2480 517 157 
2481 1136 954 
2482 1085 838 
2483 1027 726 
2484 251 36 
2485 814 417 
2486 1061 790 
2487 945 590 
2488 139 11 
2489 1045 758 
2490 678 278 
2491 1051 771 
2492 671 272 
2493 670 271 
2494 602 216 
2495 628 236 
2496 851 461 
2497 255 37 
2498 1131 941 
2499 800 400 
2500 798 398 
2501 946 591 
2502 1050 769 
2503 666 268 
2504 1005 686 
2505 339 66 
2506 1109 890 
2507 664 266 
2508 1110 894 
2509 916 547 
2510 926 562 
2511 916 547 
2512 630 238 
2513 513 154 
2514 967 624 
2515 519 158 
2516 1097 865 
2517 914 544 
2518 953 602 
2519 1110 893 
2520 554 181 
2521 241 33 
2522 783 382 
2523 956 606 
2524 570 192 
2525 916 547 
2526 980 644 
2527 902 528 
2528 916 548 
2529 1061 789 
2530 255 37 
2531 484 137 
2532 430 107 
2533 334 64 
2534 1005 686 
2535 966 622 
2536 886 506 
2537 879 497 
2538 744 341 
2539 750 347 
2540 214 26 
2541 735 332 
2542 842 450 
2543 1018 710 
2544 1087 842 
2545 757 354 
2546 1096 863 
2547 1062 792 
2548 995 670 
2549 445 115 
2550 424 104 
2551 974 635 
2552 527 163 
2553 933 572 
2554 933 572 
2555 1146 980 
2556 1081 831 
2557 1007 690 
2558 1011 697 
2559 886 506 
2560 1140 965 
2561 629 237 
2562 893 515 
2563 619 229 
2564 1154 999 
2565 694 293 
2566 609 221 
2567 1138 959 
2568 958 610 
2569 1046 760 
2570 1113 901 
2571 1027 726 
2572 1140 965 
2573 1139 961 
2574 618 228 
2575 1121 919 
2576 1071 809 
2577 904 530 
2578 299 51 
2579 922 556 
2580 1119 913 
2581 979 643 
2582 1151 991 
2583 422 103 
2584 927 563 
2585 746 343 
2586 589 206 
2587 1153 996 
2588 349 70 
2589 368 78 
2590 688 287 
2591 500 146 
2592 412 98 
2593 1117 909 
2594 197 22 
2595 673 274 
2596 725 322 
2597 1037 743 
2598 857 468 
2599 1117 910 
2600 1026 724 
2601 1118 911 
2602 1007 690 
2603 948 595 
2604 806 407 
2605 574 195 
2606 453 119 
2607 769 367 
2608 551 179 
2609 1059 786 
2610 728 325 
2611 500 146 
2612 597 212 
2613 669 270 
2614 205 24 
2615 1067 801 
2616 1089 847 
2617 701 299 
2618 729 326 
2619 1131 942 
2620 788 387 
2621 1110 893 
2622 601 215 
2623 716 313 
2624 1046 761 
2625 1027 725 
2626 1013 701 
2627 1105 881 
2628 324 60 
2629 1080 829 
2630 985 653 
2631 862 475 
2632 779 377 
2633 329 62 
2634 1113 900 
2635 836 442 
2636 866 480 
2637 1059 785 
2638 1083 835 
2639 490 140 
2640 1028 728 
2641 1116 907 
2642 562 187 
2643 943 587 
2644 531 166 
2645 877 494 
2646 316 57 
2647 983 649 
2648 555 182 
2649 479 134 
2650 937 578 
2651 318 58 
2652 373 80 
2653 536 169 
2654 424 104 
2655 1117 909 
2656 344 68 
2657 1057 782 
2658 874 490 
2659 674 275 
2660 1100 870 
2661 839 446 
2662 590 207 
2663 1114 902 
2664 921 554 
2665 1085 838 
2666 1052 772 
2667 1064 795 
2668 902 528 
2669 1142 970 
2670 840 448 
2671 866 480 
2672 624 233 
2673 823 427 
2674 1066 799 
2675 819 422 
2676 940 583 
2677 500 146 
2678 938 580 
2679 660 263 
2680 581 200 
2681 958 610 
2682 810 412 
2683 1001 680 
2684 1117 908 
2685 1090 849 
2686 484 137 
2687 1024 720 
2688 1034 738 
2689 845 454 
2690 845 453 
2691 981 647 
2692 436 110 
2693 1048 764 
2694 898 522 
2695 1138 959 
2696 1117 910 
2697 1117 910 
2698 698 296 
2699 761 358 
2700 287 47 
2701 1015 704 
2702 1010 695 
2703 1025 721 
2704 1080 828 
2705 989 660 
2706 941 584 
2707 513 154 
2708 1028 727 
2709 978 642 
2710 520 159 
2711 788 387 
2712 659 262 
2713 1110 894 
2714 862 475 
2715 558 184 
2716 479 134 
2717 811 413 
2718 1076 820 
2719 732 329 
2720 596 211 
2721 1019 711 
2722 490 140 
2723 751 348 
2724 1114 902 
2725 610 222 
2726 1092 854 
2727 545 175 
2728 1113 900 
2729 255 37 
2730 359 74 
2731 539 171 
2732 981 646 
2733 377 82 
2734 1085 838 
2735 210 25 
2736 1068 803 
2737 1073 813 
2738 900 525 
2739 1119 913 
2740 1053 774 
2741 1061 790 
2742 965 620 
2743 629 237 
2744 883 502 
2745 1016 705 
2746 262 39 
2747 954 603 
2748 1108 888 
2749 857 469 
2750 1132 944 
2751 914 544 
2752 951 599 
2753 739 336 
2754 522 160 
2755 344 68 
2756 736 333 
2757 881 500 
2758 1088 844 
2759 278 44 
2760 858 470 
2761 1027 725 
2762 872 488 
2763 969 627 
2764 887 507 
2765 1006 689 
2766 791 391 
2767 714 311 
2768 1026 724 
2769 1117 910 
2770 763 360 
2771 339 66 
2772 906 533 
2773 600 214 
2774 1116 906 
2775 1100 870 
2776 1097 865 
2777 775 373 
2778 897 521 
2779 791 391 
2780 572 194 
2781 1090 849 
2782 326 61 
2783 831 437 
2784 1000 678 
2785 1078 825 
2786 988 658 
2787 878 495 
2788 1149 987 
2789 1041 751 
2790 1016 706 
2791 509 152 
2792 758 355 
2793 1061 789 
2794 251 36 
2795 278 44 
2796 860 472 
2797 836 443 
2798 840 448 
2799 943 587 
2800 854 465 
2801 1114 903 
2802 848 457 
2803 326 61 
2804 822 426 
2805 973 634 
2806 828 433 
2807 1153 997 
2808 930 568 
2809 963 617 
2810 201 23 
2811 610 222 
2812 271 42 
2813 214 26 
2814 399 92 
2815 1108 888 
2816 879 497 
2817 377 82 
2818 1046 760 
2819 361 75 
2820 834 440 
2821 970 629 
2822 443 114 
2823 786 385 
2824 702 300 
2825 479 134 
2826 1031 733 
2827 671 272 
2828 222 28 
2829 624 233 
2830 1152 995 
2831 543 174 
2832 511 153 
2833 1050 768 
2834 768 366 
2835 527 163 
2836 791 391 
2837 539 171 
2838 1054 777 
2839 1078 825 
2840 549 178 
2841 368 78 
2842 1064 795 
2843 738 335 
2844 952 601 
2845 230 30 
2846 1095 859 
2847 925 561 
2848 812 414 
2849 1060 788 
2850 1106 884 
2851 793 393 
2852 881 500 
2853 1015 704 
2854 664 266 
2855 748 345 
2856 557 183 
2857 877 494 
2858 927 563 
2859 1061 790 
2860 1096 863 
2861 944 588 
2862 1019 711 
2863 721 318 
2864 1140 964 
2865 1145 977 
2866 689 288 
2867 1101 874 
2868 673 274 
2869 840 447 
2870 921 554 
2871 302 52 
2872 784 383 
2873 525 162 
2874 636 243 
2875 271 42 
2876 936 576 
2877 799 399 
2878 1102 876 
2879 1097 865 
2880 352 71 
2881 1120 917 
2882 760 357 
2883 525 162 
2884 901 527 
2885 819 422 
2886 810 412 
2887 1001 679 
2888 1018 709 
2889 839 446 
2890 329 62 
2891 776 374 
2892 786 385 
2893 773 371 
2894 1008 692 
2895 720 317 
2896 765 362 
2897 1130 939 
2898 265 40 
2899 399 92 
2900 720 317 
2901 992 664 
2902 684 284 
2903 619 229 
2904 986 655 
2905 930 567 
2906 524 161 
2907 1114 903 
2908 463 125 
2909 596 211 
2910 1073 813 
2911 845 454 
2912 646 251 
2913 745 342 
2914 1060 787 
2915 817 420 
2916 1139 961 
2917 1129 937 
2918 533 167 
2919 183 19 
2920 332 63 
2921 1121 919 
2922 632 239 
2923 827 432 
2924 513 154 
2925 255 37 
2926 915 546 
2927 903 529 
2928 1113 900 
2929 1106 884 
2930 1068 804 
2931 310 55 
2932 371 79 
2933 975 637 
2934 1006 688 
2935 619 229 
2936 1087 842 
2937 910 539 
2938 1120 916 
2939 895 518 
2940 1012 698 
2941 666 268 
2942 1132 944 
2943 772 370 
2944 1059 786 
2945 860 472 
2946 1000 678 
2947 807 409 
2948 758 355 
2949 1111 896 
2950 780 379 
2951 491 141 
2952 1022 716 
2953 777 375 
2954 789 388 
2955 490 140 
2956 1047 762 
2957 887 508 
2958 1105 882 
2959 928 564 
2960 408 96 
2961 1057 782 
2962 934 574 
2963 226 29 
2964 972 632 
2965 687 286 
2966 478 133 
2967 1059 786 
2968 1135 952 
2969 534 168 
2970 959 612 
2971 1077 823 
2972 945 590 
2973 707 305 
2974 710 308 
2975 1022 716 
2976 1084 836 
2977 998 674 
2978 601 215 
2979 908 536 
2980 1056 780 
2981 881 499 
2982 671 272 
2983 776 374 
2984 183 19 
2985 592 208 
2986 871 487 
2987 139 11 
2988 921 554 
2989 1111 895 
2990 1101 874 
2991 1048 765 
2992 334 64 
2993 800 400 
2994 960 613 
2995 825 429 
2996 1054 777 
2997 1091 851 
2998 849 458 
2999 876 493 
3000 786 385 
3001 1127 933 
3002 293 49 
3003 73 3 
3004 914 545 
3005 1105 882 
3006 1097 865 
3007 666 268 
3008 210 25 
3009 399 92 
3010 1153 996 
3011 1025 721 
3012 788 387 
3013 318 58 
3014 777 375 
3015 1150 988 
3016 1057 782 
3017 740 337 
3018 1053 774 
3019 397 91 
3020 1001 680 
3021 878 495 
3022 278 44 
3023 735 332 
3024 794 394 
3025 412 98 
3026 909 537 
3027 1121 919 
3028 982 648 
3029 1140 964 
3030 1086 841 
3031 806 407 
3032 197 22 
3033 443 114 
3034 984 651 
3035 957 608 
3036 218 27 
3037 908 536 
3038 826 431 
3039 673 274 
3040 484 137 
3041 950 598 
3042 853 463 
3043 1133 948 
3044 942 586 
3045 619 229 
3046 1134 950 
3047 997 673 
3048 970 628 
3049 472 130 
3050 1060 787 
3051 812 414 
3052 906 534 
3053 1067 802 
3054 557 183 
3055 1101 873 
3056 866 480 
3057 344 68 
3058 572 194 
3059 816 419 
3060 436 110 
3061 682 282 
3062 393 89 
3063 1000 678 
3064 839 446 
3065 533 167 
3066 139 11 
3067 313 56 
3068 1099 868 
3069 571 193 
3070 620 230 
3071 307 54 
3072 1056 780 
3073 827 432 
3074 976 638 
3075 828 433 
3076 1082 832 
3077 845 453 
3078 1151 991 
3079 887 508 
3080 517 157 
3081 943 587 
3082 703 301 
3083 361 75 
3084 1034 739 
3085 1097 865 
3086 133 10 
3087 432 108 
3088 536 169 
3089 912 542 
3090 967 624 
3091 828 433 
3092 702 300 
3093 218 27 
3094 500 146 
3095 938 580 
3096 1066 800 
3097 647 252 
3098 1010 695 
3099 1098 866 
3100 955 605 
3101 1037 743 
3102 1058 783 
3103 1070 808 
3104 1140 963 
3105 932 570 
3106 875 491 
3107 982 648 
3108 1124 926 
3109 987 656 
3110 902 528 
3111 959 612 
3112 561 186 
3113 226 29 
3114 638 244 
3115 410 97 
3116 438 111 
3117 906 533 
3118 1148 983 
3119 567 190 
3120 504 149 
3121 662 264 
3122 445 115 
3123 1079 826 
3124 997 673 
3125 925 561 
3126 1068 804 
3127 715 312 
3128 479 134 
3129 644 249 
3130 841 449 
3131 1147 982 
3132 564 188 
3133 1122 920 
3134 739 336 
3135 410 97 
3136 939 581 
3137 1018 709 
3138 882 501 
3139 958 610 
3140 733 330 
3141 1101 872 
3142 596 211 
3143 1109 891 
3144 963 617 
3145 1009 694 
3146 1101 872 
3147 842 450 
3148 765 362 
3149 255 37 
3150 818 421 
3151 1127 933 
3152 1134 949 
3153 539 171 
3154 975 636 
3155 1120 916 
3156 1110 893 
3157 1007 690 
3158 1001 680 
3159 921 554 
3160 568 191 
3161 981 647 
3162 1151 991 
3163 564 188 
3164 183 19 
3165 1100 870 
3166 1149 987 
3167 901 527 
3168 854 465 
3169 976 639 
3170 1060 788 
3171 1084 837 
3172 980 645 
3173 810 412 
3174 966 623 
3175 1094 857 
3176 597 212 
3177 354 72 
3178 794 394 
3179 667 269 
3180 693 292 
3181 706 304 
3182 1061 789 
3183 959 611 
3184 233 31 
3185 790 389 
3186 988 657 
3187 1112 897 
3188 1132 944 
3189 814 416 
3190 1068 804 
3191 271 42 
3192 1102 875 
3193 1031 732 
3194 274 43 
3195 647 252 
3196 173 17 
3197 1037 744 
3198 622 231 
3199 84 4 
3200 1011 697 
3201 808 410 
3202 1118 912 
3203 1017 707 
3204 1010 696 
3205 1137 956 
3206 789 388 
3207 954 604 
3208 793 393 
3209 724 321 
3210 1058 784 
3211 893 515 
3212 1027 725 
3213 1024 720 
3214 1153 997 
3215 813 415 
3216 1143 972 
3217 1037 744 
3218 618 228 
3219 290 48 
3220 874 490 
3221 1051 770 
3222 359 74 
3223 316 57 
3224 525 162 
3225 861 474 
3226 1084 836 
3227 1100 870 
3228 906 534 
3229 1032 734 
3230 959 611 
3231 696 295 
3232 863 476 
3233 1150 988 
3234 548 177 
3235 1152 995 
3236 624 233 
3237 992 664 
3238 868 482 
3239 804 405 
3240 377 82 
3241 1140 963 
3242 462 124 
3243 958 610 
3244 812 414 
3245 188 20 
3246 1096 862 
3247 770 368 
3248 384 85 
3249 1102 875 
3250 928 564 
3251 1097 865 
3252 969 627 
3253 1145 976 
3254 173 17 
3255 811 413 
3256 1065 797 
3257 715 312 
3258 822 426 
3259 1126 931 
3260 1136 954 
3261 1138 960 
3262 271 42 
3263 424 104 
3264 993 666 
3265 871 487 
3266 919 552 
3267 804 405 
3268 583 202 
3269 1033 736 
3270 748 345 
3271 928 565 
3272 230 30 
3273 1131 941 
3274 944 588 
3275 970 628 
3276 923 557 
3277 857 469 
3278 690 289 
3279 962 616 
3280 1050 769 
3281 1144 974 
3282 1108 889 
3283 965 620 
3284 646 251 
3285 615 226 
3286 456 121 
3287 866 480 
3288 1030 730 
3289 783 382 
3290 230 30 
3291 740 337 
3292 775 373 
3293 929 566 
3294 1002 681 
3295 438 111 
3296 875 492 
3297 59 2 
3298 836 443 
3299 1050 769 
3300 594 210 
3301 628 236 
3302 1025 722 
3303 472 130 
3304 1052 773 
3305 826 431 
3306 1055 778 
3307 1041 751 
3308 1080 828 
3309 1126 929 
3310 1088 845 
3311 890 511 
3312 714 311 
3313 375 81 
3314 718 315 
3315 958 609 
3316 795 395 
3317 1139 961 
3318 1025 721 
3319 747 344 
3320 1079 827 
3321 1026 724 
3322 845 454 
3323 1067 802 
3324 371 79 
3325 1059 785 
3326 1029 729 
3327 607 220 
3328 1062 792 
3329 990 661 
3330 922 556 
3331 730 327 
3332 997 673 
3333 980 645 
3334 1133 947 
3335 1124 926 
3336 651 255 
3337 1029 729 
3338 990 661 
3339 975 637 
3340 1051 770 
3341 672 273 
3342 764 361 
3343 361 75 
3344 707 305 
3345 628 236 
3346 794 394 
3347 1054 776 
3348 814 417 
3349 1076 819 
3350 844 452 
3351 705 303 
3352 1154 999 
3353 244 34 
3354 586 204 
3355 782 381 
3356 1015 704 
3357 1118 911 
3358 561 186 
3359 865 479 
3360 334 64 
3361 800 401 
3362 486 138 
3363 976 639 
3364 1074 815 
3365 410 97 
3366 197 22 
3367 1062 792 
3368 1088 845 
3369 1130 940 
3370 870 485 
3371 804 405 
3372 1131 943 
3373 1100 870 
3374 1093 855 
3375 1144 973 
3376 388 87 
3377 705 303 
3378 688 287 
3379 1112 897 
3380 896 519 
3381 1038 746 
3382 1019 711 
3383 586 204 
3384 1144 974 
3385 800 401 
3386 1114 902 
3387 1090 850 
3388 942 585 
3389 1112 898 
3390 1018 709 
3391 410 97 
3392 822 426 
3393 364 76 
3394 1088 845 
3395 1126 930 
3396 900 525 
3397 443 114 
3398 1139 962 
3399 1062 792 
3400 478 133 
3401 1124 926 
3402 708 306 
3403 332 63 
3404 881 499 
3405 1100 871 
3406 568 191 
3407 1005 686 
3408 1121 919 
3409 1017 707 
3410 778 376 
3411 1144 973 
3412 1044 756 
3413 326 61 
3414 943 587 
3415 1074 815 
3416 1115 904 
3417 453 119 
3418 531 166 
3419 456 121 
3420 241 33 
3421 1006 688 
3422 706 304 
3423 633 240 
3424 570 192 
3425 763 360 
3426 1036 741 
3427 798 398 
3428 748 345 
3429 1023 718 
3430 799 399 
3431 1124 926 
3432 1082 833 
3433 942 585 
3434 658 261 
3435 830 435 
3436 923 558 
3437 616 227 
3438 859 471 
3439 324 60 
3440 1116 906 
3441 721 318 
3442 961 615 
3443 1012 699 
3444 996 672 
3445 585 203 
3446 511 153 
3447 1128 936 
3448 767 365 
3449 1023 718 
3450 501 147 
3451 733 330 
3452 896 519 
3453 843 451 
3454 990 661 
3455 620 230 
3456 764 361 
3457 875 491 
3458 898 522 
3459 1099 869 
3460 797 397 
3461 1104 879 
3462 609 221 
3463 428 106 
3464 746 343 
3465 1143 971 
3466 222 28 
3467 316 57 
3468 1089 848 
3469 796 396 
3470 941 584 
3471 771 369 
3472 1046 761 
3473 822 426 
3474 1055 778 
3475 605 218 
3476 916 547 
3477 1073 814 
3478 590 207 
3479 981 647 
3480 876 493 
3481 639 245 
3482 685 285 
3483 565 189 
3484 906 533 
3485 787 386 
3486 656 259 
3487 801 402 
3488 711 309 
3489 696 295 
3490 975 636 
3491 1147 982 
3492 1111 895 
3493 1143 972 
3494 462 124 
3495 1095 860 
3496 942 585 
3497 798 398 
3498 614 225 
3499 1149 986 
3500 1139 962 
3501 624 233 
3502 861 474 
3503 933 572 
3504 822 426 
3505 1036 742 
3506 445 115 
3507 1052 772 
3508 1092 853 
3509 326 61 
3510 422 103 
3511 911 541 
3512 1010 696 
3513 1017 707 
3514 999 676 
3515 1112 898 
3516 1079 826 
3517 775 373 
3518 271 42 
3519 944 588 
3520 1099 868 
3521 1152 995 
3522 1064 796 
3523 821 425 
3524 952 601 
3525 620 230 
3526 1110 892 
3527 995 669 
3528 678 278 
3529 1145 977 
3530 271 42 
3531 803 404 
3532 898 522 
3533 937 578 
3534 1040 750 
3535 955 605 
3536 826 431 
3537 572 194 
3538 909 537 
3539 1033 736 
3540 1144 975 
3541 914 545 
3542 992 664 
3543 1089 848 
3544 201 23 
3545 948 594 
3546 946 592 
3547 926 562 
3548 839 446 
3549 1022 717 
3550 561 186 
3551 844 452 
3552 197 22 
3553 611 223 
3554 1097 864 
3555 567 190 
3556 296 50 
3557 830 435 
3558 465 126 
3559 916 547 
3560 103 6 
3561 1133 948 
3562 536 169 
3563 716 313 
3564 1119 914 
3565 930 568 
3566 474 131 
3567 899 524 
3568 791 391 
3569 610 222 
3570 399 92 
3571 737 334 
3572 871 487 
3573 1066 800 
3574 1055 778 
3575 500 146 
3576 1070 808 
3577 1087 842 
3578 1087 842 
3579 789 388 
3580 968 626 
3581 592 208 
3582 759 356 
3583 395 90 
3584 1004 684 
3585 646 251 
3586 572 194 
3587 790 389 
3588 296 50 
3589 954 604 
3590 1128 936 
3591 662 264 
3592 210 25 
3593 1070 807 
3594 876 493 
3595 352 71 
3596 1122 921 
3597 410 97 
3598 293 49 
3599 593 209 
3600 359 74 
3601 615 226 
3602 675 276 
3603 590 207 
3604 1045 759 
3605 998 675 
3606 577 197 
3607 988 658 
3608 752 349 
3609 1078 825 
3610 982 648 
3611 936 576 
3612 857 468 
3613 890 512 
3614 1153 998 
3615 950 598 
3616 416 100 
3617 813 415 
3618 268 41 
3619 611 223 
3620 604 217 
3621 1007 690 
3622 657 260 
3623 1008 691 
3624 1037 744 
3625 1152 994 
3626 768 366 
3627 884 504 
3628 1005 687 
3629 1138 959 
3630 290 48 
3631 1004 685 
3632 483 136 
3633 1066 799 
3634 880 498 
3635 947 593 
3636 804 405 
3637 989 659 
3638 988 657 
3639 483 136 
3640 1084 837 
3641 509 152 
3642 564 188 
3643 685 285 
3644 1022 717 
3645 904 531 
3646 992 665 
3647 835 441 
3648 1070 808 
3649 278 44 
3650 364 76 
3651 1030 730 
3652 310 55 
3653 646 251 
3654 210 25 
3655 575 196 
3656 1046 761 
3657 918 550 
3658 1140 964 
3659 1095 859 
3660 462 124 
3661 866 480 
3662 723 320 
3663 307 54 
3664 126 9 
3665 750 347 
3666 1150 988 
3667 825 430 
3668 1136 955 
3669 481 135 
3670 840 447 
3671 975 636 
3672 884 504 
3673 1054 776 
3674 1044 756 
3675 434 109 
3676 230 30 
3677 380 83 
3678 1110 894 
3679 1086 841 
3680 601 215 
3681 633 240 
3682 934 573 
3683 977 640 
3684 192 21 
3685 936 577 
3686 622 231 
3687 1076 819 
3688 1077 822 
3689 241 33 
3690 483 136 
3691 652 256 
3692 800 400 
3693 479 134 
3694 1148 985 
3695 1131 942 
3696 530 165 
3697 1066 800 
3698 657 260 
3699 1048 764 
3700 946 592 
3701 1081 831 
3702 304 53 
3703 678 278 
3704 1061 790 
3705 769 367 
3706 958 610 
3707 1070 808 
3708 1069 806 
3709 833 439 
3710 1013 700 
3711 834 440 
3712 375 81 
3713 744 341 
3714 881 500 
3715 467 127 
3716 992 665 
3717 551 179 
3718 1014 702 
3719 643 248 
3720 1031 733 
3721 703 301 
3722 977 640 
3723 1020 712 
3724 938 579 
3725 807 408 
3726 1008 691 
3727 1113 900 
3728 1080 829 
3729 803 404 
3730 484 137 
3731 598 213 
3732 944 588 
3733 989 659 
3734 1140 965 
3735 1061 790 
3736 579 199 
3737 956 607 
3738 864 477 
3739 145 12 
3740 797 397 
3741 453 119 
3742 1126 931 
3743 1040 749 
3744 1124 926 
3745 1101 874 
3746 1077 823 
3747 1136 953 
3748 975 637 
3749 498 145 
3750 1150 990 
3751 1048 764 
3752 834 440 
3753 1136 953 
3754 1018 710 
3755 316 57 
3756 858 470 
3757 1081 830 
3758 467 127 
3759 826 431 
3760 705 303 
3761 1090 849 
3762 1002 682 
3763 1138 960 
3764 896 520 
3765 539 171 
3766 226 29 
3767 882 501 
3768 1013 700 
3769 1144 975 
3770 530 165 
3771 780 378 
3772 73 3 
3773 959 611 
3774 904 531 
3775 1125 928 
3776 971 630 
3777 1085 839 
3778 371 79 
3779 1009 693 
3780 698 296 
3781 802 403 
3782 951 599 
3783 1147 981 
3784 329 62 
3785 619 229 
3786 613 224 
3787 916 548 
3788 579 199 
3789 168 16 
3790 397 91 
3791 536 169 
3792 999 677 
3793 805 406 
3794 536 169 
3795 790 389 
3796 1149 986 
3797 1037 743 
3798 871 487 
3799 42 1 
3800 1043 755 
3801 601 215 
3802 916 547 
3803 899 523 
3804 1015 704 
3805 974 635 
3806 552 180 
3807 1105 881 
3808 821 425 
3809 575 196 
3810 960 613 
3811 1012 699 
3812 909 538 
3813 953 602 
3814 339 66 
3815 384 85 
3816 1114 903 
3817 1148 985 
3818 408 96 
3819 1116 906 
3820 908 536 
3821 972 631 
3822 560 185 
3823 1025 722 
3824 1121 918 
3825 809 411 
3826 1023 718 
3827 922 556 
3828 562 187 
3829 406 95 
3830 886 506 
3831 719 316 
3832 918 550 
3833 813 415 
3834 1009 693 
3835 1014 702 
3836 751 348 
3837 1066 799 
3838 729 326 
3839 840 448 
3840 924 559 
3841 663 265 
3842 1093 856 
3843 514 155 
3844 1106 883 
3845 1113 900 
3846 985 653 
3847 1007 690 
3848 718 315 
3849 449 117 
3850 888 509 
3851 1038 746 
3852 977 640 
3853 1063 793 
3854 439 112 
3855 1028 728 
3856 1012 698 
3857 941 584 
3858 878 495 
3859 1153 997 
3860 618 228 
3861 949 596 
3862 258 38 
3863 838 445 
3864 575 196 
3865 467 127 
3866 736 333 
3867 849 458 
3868 1132 944 
3869 680 280 
3870 700 298 
3871 1144 973 
3872 1101 873 
3873 1036 742 
3874 508 151 
3875 1096 862 
3876 862 475 
3877 963 618 
3878 717 314 
3879 918 550 
3880 460 123 
3881 988 657 
3882 632 239 
3883 399 92 
3884 1118 911 
3885 731 328 
3886 1028 728 
3887 1080 828 
3888 821 425 
3889 403 94 
3890 864 477 
3891 210 25 
3892 528 164 
3893 863 476 
3894 552 180 
3895 702 300 
3896 1026 724 
3897 1032 735 
3898 1122 921 
3899 947 593 
3900 1025 722 
3901 950 597 
3902 1121 918 
3903 1029 729 
3904 1128 934 
3905 969 627 
3906 887 508 
3907 1101 874 
3908 428 106 
3909 923 557 
3910 925 560 
3911 1132 944 
3912 711 309 
3913 776 374 
3914 1053 774 
3915 1066 800 
3916 845 453 
3917 942 586 
3918 1126 929 
3919 705 303 
3920 361 75 
3921 1130 939 
3922 624 233 
3923 329 62 
3924 474 131 
3925 835 441 
3926 1090 850 
3927 821 425 
3928 623 232 
3929 1041 752 
3930 430 107 
3931 937 578 
3932 1017 708 
3933 939 581 
3934 1004 684 
3935 708 306 
3936 831 437 
3937 126 9 
3938 912 542 
3939 42 1 
3940 614 225 
3941 1102 876 
3942 1111 895 
3943 925 560 
3944 1060 787 
3945 271 42 
3946 692 291 
3947 776 374 
3948 594 210 
3949 897 521 
3950 938 579 
3951 1041 751 
3952 1097 864 
3953 1136 953 
3954 410 97 
3955 761 358 
3956 1122 921 
3957 318 58 
3958 241 33 
3959 893 516 
3960 977 640 
3961 1112 897 
3962 787 386 
3963 307 54 
3964 145 12 
3965 1123 922 
3966 993 666 
3967 525 162 
3968 534 168 
3969 610 222 
3970 894 517 
3971 210 25 
3972 567 190 
3973 1081 831 
3974 422 103 
3975 111 7 
3976 1034 739 
3977 935 575 
3978 1048 764 
3979 966 622 
3980 956 606 
3981 503 148 
3982 436 110 
3983 1141 966 
3984 653 257 
3985 640 246 
3986 871 487 
3987 1138 960 
3988 1128 934 
3989 762 359 
3990 937 578 
3991 1092 853 
3992 133 10 
3993 786 385 
3994 506 150 
3995 816 419 
3996 540 172 
3997 646 251 
3998 801 402 
3999 908 536 
4000 1147 982 
4001 803 404 
4002 700 298 
4003 222 28 
4004 606 219 
4005 865 478 
4006 205 24 
4007 1123 923 
4008 1121 919 
4009 810 412 
4010 816 419 
4011 755 352 
4012 842 450 
4013 932 571 
4014 397 91 
4015 1087 843 
4016 1013 701 
4017 399 92 
4018 645 250 
4019 875 491 
4020 937 578 
4021 1132 944 
4022 1117 908 
4023 751 348 
4024 871 487 
4025 178 18 
4026 1154 999 
4027 842 450 
4028 1120 915 
4029 731 328 
4030 998 675 
4031 899 524 
4032 1053 775 
4033 549 178 
4034 780 379 
4035 1029 729 
4036 1131 943 
4037 690 289 
4038 921 554 
4039 960 613 
4040 610 222 
4041 861 473 
4042 918 550 
4043 504 149 
4044 281 45 
4045 493 142 
4046 558 184 
4047 961 614 
4048 893 515 
4049 645 250 
4050 513 154 
4051 708 306 
4052 1009 693 
4053 804 405 
4054 1045 759 
4055 594 210 
4056 834 440 
4057 1043 755 
4058 1027 725 
4059 344 68 
4060 484 137 
4061 874 490 
4062 976 638 
4063 858 470 
4064 432 108 
4065 1062 792 
4066 1116 906 
4067 1006 688 
4068 978 642 
4069 1033 736 
4070 950 597 
4071 971 630 
4072 424 104 
4073 479 134 
4074 722 319 
4075 701 299 
4076 1000 678 
4077 1088 846 
4078 705 303 
4079 1151 991 
4080 1069 805 
4081 962 616 
4082 332 63 
4083 874 490 
4084 558 184 
4085 1138 958 
4086 709 307 
4087 531 166 
4088 932 571 
4089 1146 980 
4090 511 153 
4091 558 184 
4092 1001 679 
4093 762 359 
4094 988 657 
4095 519 158 
4096 979 643 
4097 531 166 
4098 900 525 
4099 458 122 
4100 1004 684 
4101 965 620 
4102 1133 946 
4103 797 397 
4104 255 37 
4105 948 595 
4106 975 637 
4107 938 580 
4108 924 559 
4109 268 41 
4110 1066 799 
4111 678 278 
4112 537 170 
4113 776 374 
4114 571 193 
4115 781 380 
4116 963 617 
4117 1039 748 
4118 373 80 
4119 568 191 
4120 1109 890 
4121 384 85 
4122 909 537 
4123 944 589 
4124 862 475 
4125 902 528 
4126 960 613 
4127 875 492 
4128 912 542 
4129 923 557 
4130 976 638 
4131 970 629 
4132 449 117 
4133 1106 883 
4134 1154 1000 
4135 794 394 
4136 687 286 
4137 237 32 
4138 483 136 
4139 1104 879 
4140 1023 719 
4141 779 377 
4142 930 568 
4143 743 340 
4144 836 442 
4145 619 229 
4146 936 576 
4147 1118 912 
4148 605 218 
4149 1110 894 
4150 1141 966 
4151 660 263 
4152 751 348 
4153 1028 727 
4154 688 287 
4155 1124 925 
4156 730 327 
4157 258 38 
4158 248 35 
4159 800 401 
4160 474 131 
4161 910 539 
4162 364 76 
4163 868 482 
4164 281 45 
4165 901 527 
4166 940 583 
4167 347 69 
4168 807 409 
4169 1088 846 
4170 1128 936 
4171 796 396 
4172 630 238 
4173 1084 836 
4174 1129 938 
4175 1053 775 
4176 1147 981 
4177 1143 971 
4178 1031 733 
4179 579 199 
4180 428 106 
4181 726 323 
4182 1110 893 
4183 995 669 
4184 1126 929 
4185 1104 880 
4186 634 241 
4187 508 151 
4188 1016 705 
4189 689 288 
4190 848 457 
4191 1008 691 
4192 1052 772 
4193 835 441 
4194 1077 823 
4195 1105 882 
4196 1009 693 
4197 777 375 
4198 197 22 
4199 956 606 
4200 800 400 
4201 938 579 
4202 1000 678 
4203 248 35 
4204 928 564 
4205 1044 756 
4206 639 245 
4207 456 121 
4208 817 420 
4209 909 538 
4210 991 662 
4211 1154 999 
4212 1075 817 
4213 1044 757 
4214 1023 718 
4215 904 530 
4216 1075 817 
4217 932 570 
4218 1071 809 
4219 974 635 
4220 849 459 
4221 687 286 
4222 1145 977 
4223 1133 948 
4224 313 56 
4225 408 96 
4226 1074 815 
4227 145 12 
4228 1136 955 
4229 248 35 
4230 919 551 
4231 876 493 
4232 707 305 
4233 426 105 
4234 613 224 
4235 911 540 
4236 1094 858 
4237 902 528 
4238 873 489 
4239 1139 961 
4240 639 245 
4241 1097 864 
4242 744 341 
4243 1129 938 
4244 1089 847 
4245 574 195 
4246 777 375 
4247 618 228 
4248 710 308 
4249 278 44 
4250 819 422 
4251 513 154 
4252 399 92 
4253 785 384 
4254 133 10 
4255 1008 691 
4256 495 143 
4257 924 559 
4258 1133 948 
4259 940 583 
4260 1129 937 
4261 380 83 
4262 963 618 
4263 615 226 
4264 1018 710 
4265 651 255 
4266 534 168 
4267 119 8 
4268 1134 950 
4269 496 144 
4270 388 87 
4271 826 431 
4272 993 666 
4273 986 655 
4274 909 537 
4275 262 39 
4276 1099 868 
4277 478 133 
4278 983 650 
4279 607 220 
4280 1068 803 
4281 384 85 
4282 919 552 
4283 412 98 
4284 1130 940 
4285 1045 758 
4286 1064 796 
4287 1066 800 
4288 1059 785 
4289 678 278 
4290 696 295 
4291 1137 957 
4292 1000 678 
4293 495 143 
4294 980 645 
4295 805 406 
4296 349 70 
4297 1106 884 
4298 1017 708 
4299 577 197 
4300 849 458 
4301 476 132 
4302 1013 701 
4303 1143 971 
4304 1025 721 
4305 812 414 
4306 561 186 
4307 1077 822 
4308 268 41 
4309 742 339 
4310 839 446 
4311 1106 883 
4312 984 652 
4313 769 367 
4314 1151 992 
4315 985 653 
4316 734 331 
4317 1142 968 
4318 1037 743 
4319 718 315 
4320 1085 838 
4321 1150 989 
4322 687 286 
4323 1095 861 
4324 931 569 
4325 986 655 
4326 936 577 
4327 924 559 
4328 716 313 
4329 1034 738 
4330 934 574 
4331 530 165 
4332 1095 860 
4333 1099 869 
4334 1127 933 
4335 703 301 
4336 727 324 
4337 1065 797 
4338 1145 976 
4339 956 607 
4340 302 52 
4341 825 430 
4342 780 379 
4343 495 143 
4344 1071 809 
4345 458 122 
4346 743 340 
4347 942 585 
4348 624 233 
4349 1092 854 
4350 893 515 
4351 607 220 
4352 896 519 
4353 1048 764 
4354 849 459 
4355 1037 744 
4356 1091 852 
4357 1026 723 
4358 896 519 
4359 762 359 
4360 438 111 
4361 936 577 
4362 565 189 
4363 890 511 
4364 877 494 
4365 740 337 
4366 845 454 
4367 694 293 
4368 1059 786 
4369 324 60 
4370 646 251 
4371 1087 843 
4372 651 255 
4373 447 116 
4374 1126 929 
4375 1119 914 
4376 1115 904 
4377 564 188 
4378 1073 814 
4379 872 488 
4380 946 591 
4381 786 385 
4382 732 329 
4383 460 123 
4384 1146 978 
4385 780 379 
4386 304 53 
4387 586 204 
4388 924 559 
4389 810 412 
4390 1150 990 
4391 728 325 
4392 987 656 
4393 966 623 
4394 337 65 
4395 822 426 
4396 520 159 
4397 725 322 
4398 1006 688 
4399 904 531 
4400 1064 795 
4401 1130 940 
4402 462 124 
4403 1104 880 
4404 546 176 
4405 820 423 
4406 884 504 
4407 830 435 
4408 1083 835 
4409 1009 694 
4410 1091 852 
4411 841 449 
4412 1064 795 
4413 723 320 
4414 1032 735 
4415 1122 921 
4416 1033 737 
4417 562 187 
4418 796 396 
4419 741 338 
4420 1082 832 
4421 456 121 
4422 882 501 
4423 1145 977 
4424 1153 997 
4425 851 461 
4426 733 330 
4427 1050 768 
4428 545 175 
4429 1009 694 
4430 816 419 
4431 1111 896 
4432 763 360 
4433 674 275 
4434 1090 849 
4435 866 480 
4436 983 649 
4437 304 53 
4438 1050 769 
4439 691 290 
4440 1115 905 
4441 740 337 
4442 522 160 
4443 810 412 
4444 579 199 
4445 1079 826 
4446 791 391 
4447 1110 892 
4448 916 547 
4449 1136 954 
4450 1122 920 
4451 627 235 
4452 1041 752 
4453 983 649 
4454 1009 694 
4455 875 491 
4456 278 44 
4457 710 308 
4458 897 521 
4459 268 41 
4460 1124 926 
4461 722 319 
4462 907 535 
4463 1047 762 
4464 162 15 
4465 342 67 
4466 447 116 
4467 854 465 
4468 1122 921 
4469 205 24 
4470 904 530 
4471 679 279 
4472 1129 938 
4473 1130 939 
4474 484 137 
4475 828 433 
4476 808 410 
4477 484 137 
4478 919 552 
4479 912 542 
4480 558 184 
4481 1142 970 
4482 173 17 
4483 877 494 
4484 820 424 
4485 1069 806 
4486 671 272 
4487 574 195 
4488 1032 735 
4489 574 195 
4490 447 116 
4491 551 179 
4492 838 445 
4493 1146 980 
4494 934 573 
4495 984 651 
4496 1132 945 
4497 606 219 
4498 910 539 
4499 1131 941 
4500 1054 776 
4501 1118 911 
4502 911 541 
4503 1064 795 
4504 1111 895 
4505 1065 798 
4506 738 335 
4507 891 513 
4508 734 331 
4509 618 228 
4510 472 130 
4511 1124 926 
4512 1086 840 
4513 756 353 
4514 940 583 
4515 1113 899 
4516 730 327 
4517 696 295 
4518 994 668 
4519 749 346 
4520 1120 917 
4521 1136 953 
4522 517 157 
4523 813 415 
4524 655 258 
4525 1153 997 
4526 1149 987 
4527 953 602 
4528 1138 959 
4529 1051 770 
4530 558 184 
4531 627 235 
4532 859 471 
4533 1021 714 
4534 724 321 
4535 251 36 
4536 519 158 
4537 456 121 
4538 549 178 
4539 1119 914 
4540 618 228 
4541 1133 947 
4542 711 309 
4543 994 668 
4544 585 203 
4545 1148 985 
4546 1043 755 
4547 1047 762 
4548 618 228 
4549 1004 684 
4550 1118 912 
4551 258 38 
4552 934 574 
4553 936 576 
4554 1021 714 
4555 945 590 
4556 777 375 
4557 395 90 
4558 445 115 
4559 1045 759 
4560 827 432 
4561 1126 930 
4562 1105 882 
4563 904 531 
4564 928 564 
4565 1101 874 
4566 192 21 
4567 1068 804 
4568 786 385 
4569 916 548 
4570 472 130 
4571 1150 990 
4572 304 53 
4573 935 575 
4574 471 129 
4575 982 648 
4576 885 505 
4577 748 345 
4578 932 571 
4579 862 475 
4580 337 65 
4581 798 398 
4582 767 365 
4583 672 273 
4584 948 594 
4585 826 431 
4586 970 629 
4587 871 486 
4588 1087 842 
4589 1048 764 
4590 665 267 
4591 849 458 
4592 1098 867 
4593 958 610 
4594 936 577 
4595 1009 693 
4596 919 552 
4597 711 309 
4598 361 75 
4599 1054 777 
4600 1117 910 
4601 859 471 
4602 1015 704 
4603 927 563 
4604 1099 868 
4605 1081 830 
4606 610 222 
4607 765 362 
4608 562 187 
4609 925 561 
4610 1108 889 
4611 729 326 
4612 728 325 
4613 974 635 
4614 1076 820 
4615 973 633 
4616 936 577 
4617 791 391 
4618 1040 749 
4619 997 673 
4620 923 557 
4621 748 345 
4622 677 277 
4623 974 635 
4624 993 666 
4625 795 395 
4626 451 118 
4627 821 425 
4628 1017 708 
4629 657 260 
4630 1152 994 
4631 94 5 
4632 769 367 
4633 963 618 
4634 271 42 
4635 683 283 
4636 1016 706 
4637 879 497 
4638 1123 924 
4639 725 322 
4640 859 471 
4641 359 74 
4642 1099 868 
4643 1076 819 
4644 424 104 
4645 639 245 
4646 1012 699 
4647 623 232 
4648 1140 963 
4649 1124 926 
4650 1136 954 
4651 650 254 
4652 806 407 
4653 954 603 
4654 1020 712 
4655 921 555 
4656 797 397 
4657 1136 955 
4658 820 423 
4659 522 160 
4660 632 239 
4661 509 152 
4662 830 435 
4663 951 599 
4664 998 675 
4665 649 253 
4666 428 106 
4667 906 533 
4668 972 632 
4669 771 369 
4670 911 540 
4671 1132 945 
4672 590 207 
4673 1142 970 
4674 1017 707 
4675 361 75 
4676 718 315 
4677 537 170 
4678 684 284 
4679 517 157 
4680 1054 777 
4681 1018 709 
4682 850 460 
4683 1153 997 
4684 1062 792 
4685 1062 792 
4686 638 244 
4687 936 576 
4688 1090 850 
4689 380 83 
4690 598 213 
4691 509 152 
4692 126 9 
4693 168 16 
4694 540 172 
4695 1151 991 
4696 1083 834 
4697 978 641 
4698 479 134 
4699 920 553 
4700 1113 900 
4701 685 285 
4702 609 221 
4703 864 477 
4704 1067 801 
4705 139 11 
4706 168 16 
4707 727 324 
4708 666 268 
4709 881 500 
4710 1088 846 
4711 633 240 
4712 536 169 
4713 629 237 
4714 188 20 
4715 883 502 
4716 1015 704 
4717 1142 970 
4718 268 41 
4719 857 468 
4720 572 194 
4721 743 340 
4722 634 241 
4723 875 491 
4724 537 170 
4725 1052 772 
4726 287 47 
4727 888 509 
4728 251 36 
4729 711 309 
4730 1135 952 
4731 940 583 
4732 992 664 
4733 1113 901 
4734 1045 758 
4735 763 360 
4736 310 55 
4737 488 139 
4738 994 667 
4739 827 432 
4740 1018 709 
4741 787 386 
4742 978 641 
4743 835 441 
4744 1040 749 
4745 916 548 
4746 522 160 
4747 511 153 
4748 1024 720 
4749 424 104 
4750 1138 960 
4751 1131 942 
4752 737 334 
4753 1117 909 
4754 1087 842 
4755 770 368 
4756 318 58 
4757 862 475 
4758 1016 706 
4759 1097 865 
4760 973 633 
4761 1066 800 
4762 956 607 
4763 1041 752 
4764 1113 899 
4765 173 17 
4766 748 345 
4767 786 385 
4768 930 568 
4769 881 500 
4770 1007 690 
4771 1096 862 
4772 528 164 
4773 597 212 
4774 894 517 
4775 241 33 
4776 702 300 
4777 781 380 
4778 842 450 
4779 611 223 
4780 650 254 
4781 886 506 
4782 1074 815 
4783 1088 846 
4784 302 52 
4785 1022 717 
4786 846 455 
4787 1117 910 
4788 42 1 
4789 866 480 
4790 826 431 
4791 881 500 
4792 1025 721 
4793 759 356 
4794 1091 851 
4795 842 450 
4796 685 285 
4797 1046 761 
4798 478 133 
4799 814 416 
4800 975 637 
4801 955 605 
4802 1138 958 
4803 825 430 
4804 1120 915 
4805 1094 858 
4806 488 139 
4807 1096 862 
4808 858 470 
4809 1048 764 
4810 925 560 
4811 906 534 
4812 1143 972 
4813 1104 880 
4814 1010 696 
4815 938 580 
4816 877 494 
4817 543 174 
4818 1109 890 
4819 972 631 
4820 738 335 
4821 884 504 
4822 304 53 
4823 911 540 
4824 1009 693 
4825 1086 840 
4826 955 605 
4827 287 47 
4828 991 662 
4829 255 37 
4830 898 522 
4831 1084 837 
4832 984 652 
4833 901 526 
4834 652 256 
4835 408 96 
4836 854 465 
4837 1076 820 
4838 337 65 
4839 708 306 
4840 1056 779 
4841 1110 892 
4842 447 116 
4843 509 152 
4844 1145 976 
4845 1102 875 
4846 316 57 
4847 1132 944 
4848 1083 835 
4849 806 407 
4850 994 667 
4851 380 83 
4852 1036 741 
4853 1143 972 
4854 575 196 
4855 998 675 
4856 1130 940 
4857 1133 948 
4858 959 611 
4859 782 381 
4860 729 326 
4861 1131 941 
4862 1112 897 
4863 408 96 
4864 986 654 
4865 1014 703 
4866 1028 727 
4867 1084 836 
4868 971 630 
4869 1017 707 
4870 1067 801 
4871 1048 764 
4872 1083 835 
4873 759 356 
4874 619 229 
4875 527 163 
4876 796 396 
4877 1136 953 
4878 1120 916 
4879 645 250 
4880 627 235 
4881 903 529 
4882 930 568 
4883 1082 832 
4884 484 137 
4885 588 205 
4886 476 132 
4887 1151 992 
4888 900 525 
4889 652 256 
4890 826 431 
4891 103 6 
4892 865 478 
4893 1034 738 
4894 237 32 
4895 1122 921 
4896 1026 724 
4897 581 200 
4898 1105 882 
4899 178 18 
4900 700 298 
4901 1131 941 
4902 800 401 
4903 830 435 
4904 307 54 
4905 825 429 
4906 809 411 
4907 1086 841 
4908 976 639 
4909 462 124 
4910 1020 712 
4911 1129 938 
4912 678 278 
4913 296 50 
4914 1042 754 
4915 1131 943 
4916 491 141 
4917 973 633 
4918 876 493 
4919 726 323 
4920 1051 770 
4921 151 13 
4922 890 511 
4923 1094 857 
4924 1102 876 
4925 271 42 
4926 814 417 
4927 841 449 
4928 702 300 
4929 973 634 
4930 1102 875 
4931 974 635 
4932 620 230 
4933 1031 732 
4934 979 643 
4935 942 585 
4936 1073 813 
4937 1052 773 
4938 845 454 
4939 1020 713 
4940 593 209 
4941 1149 986 
4942 831 437 
4943 848 457 
4944 928 564 
4945 665 267 
4946 377 82 
4947 771 369 
4948 373 80 
4949 1075 818 
4950 951 599 
4951 1091 852 
4952 842 450 
4953 707 305 
4954 449 117 
4955 197 22 
4956 855 466 
4957 966 623 
4958 822 426 
4959 1092 854 
4960 1151 992 
4961 342 67 
4962 1097 865 
4963 995 669 
4964 747 344 
4965 1085 839 
4966 889 510 
4967 650 254 
4968 976 638 
4969 157 14 
4970 754 351 
4971 380 83 
4972 486 138 
4973 939 581 
4974 927 563 
4975 1073 813 
4976 928 565 
4977 923 557 
4978 1065 798 
4979 344 68 
4980 1002 682 
4981 481 135 
4982 1152 995 
4983 1039 747 
4984 1092 853 
4985 966 622 
4986 853 464 
4987 1052 773 
4988 1118 911 
4989 534 168 
4990 857 469 
4991 988 658 
4992 632 239 
4993 985 653 
4994 975 636 
4995 1038 746 
4996 801 402 
4997 465 126 
4998 561 186 
4999 1128 936 
5000 1056 779 
