npieces: 2000
capacity: 11403533102
1 1494677 2494677 
2 4391078 5391078 
3 8195286 9195286 
4 5798346 6798346 
5 6285920 7285920 
6 7673888 8673888 
7 1044445 2044445 
8 9981936 10981936 
9 102322 1102322 
10 6224041 7224041 
11 160483 1160483 
12 9968261 10968261 
13 784235 1784235 
14 1486361 2486361 
15 7353261 8353261 
16 4699959 5699959 
17 1894347 2894347 
18 4922374 5922374 
19 7410996 8410996 
20 1908590 2908590 
21 6586497 7586497 
22 6397191 7397191 
23 6008509 7008509 
24 3451999 4451999 
25 8862802 9862802 
26 1414803 2414803 
27 7308310 8308310 
28 7442110 8442110 
29 1849570 2849570 
30 4733831 5733831 
31 6110574 7110574 
32 9839120 10839120 
33 4739491 5739491 
34 1357254 2357254 
35 688978 1688978 
36 8664990 9664990 
37 8586711 9586711 
38 5682298 6682298 
39 2758720 3758720 
40 7703045 8703045 
41 7399875 8399875 
42 8678265 9678265 
43 6436969 7436969 
44 1036267 2036267 
45 2211058 3211058 
46 8435268 9435268 
47 8847624 9847624 
48 1444300 2444300 
49 4279330 5279330 
50 6271017 7271017 
51 1128794 2128794 
52 7915762 8915762 
53 5864400 6864400 
54 5257352 6257352 
55 9534009 10534009 
56 6631043 7631043 
57 9925595 10925595 
58 4586418 5586418 
59 3227737 4227737 
60 2947508 3947508 
61 2021719 3021719 
62 8957165 9957165 
63 82077 1082077 
64 8193308 9193308 
65 6727537 7727537 
66 5389972 6389972 
67 604567 1604567 
68 2156707 3156707 
69 3223418 4223418 
70 5576667 6576667 
71 5659803 6659803 
72 4049433 5049433 
73 3668626 4668626 
74 8956465 9956465 
75 5940350 6940350 
76 9884515 10884515 
77 6527602 7527602 
78 9928766 10928766 
79 5161968 6161968 
80 2842831 3842831 
81 9144277 10144277 
82 2084620 3084620 
83 774259 1774259 
84 8046601 9046601 
85 924548 1924548 
86 8149313 9149313 
87 7767671 8767671 
88 3942695 4942695 
89 8273149 9273149 
90 3611786 4611786 
91 4583444 5583444 
92 9969759 10969759 
93 4133951 5133951 
94 4412820 5412820 
95 5401699 6401699 
96 8205656 9205656 
97 8114101 9114101 
98 3561908 4561908 
99 3559034 4559034 
100 6796829 7796829 
101 9783868 10783868 
102 7834535 8834535 
103 7087746 8087746 
104 4204974 5204974 
105 905555 1905555 
106 9121267 10121267 
107 324342 1324342 
108 5665201 6665201 
109 3404382 4404382 
110 6655084 7655084 
111 1829881 2829881 
112 1253446 2253446 
113 1197591 2197591 
114 8245458 9245458 
115 9651028 10651028 
116 4915960 5915960 
117 9325586 10325586 
118 9127320 10127320 
119 5271564 6271564 
120 4013135 5013135 
121 9119082 10119082 
122 7048896 8048896 
123 8586396 9586396 
124 6696450 7696450 
125 3553549 4553549 
126 1224161 2224161 
127 9896532 10896532 
128 1544393 2544393 
129 7377313 8377313 
130 9526218 10526218 
131 1394510 2394510 
132 5333841 6333841 
133 3406994 4406994 
134 2484929 3484929 
135 3204744 4204744 
136 3913033 4913033 
137 855354 1855354 
138 9338468 10338468 
139 4159907 5159907 
140 1697049 2697049 
141 2315691 3315691 
142 9256881 10256881 
143 3965623 4965623 
144 9104435 10104435 
145 8446748 9446748 
146 6597921 7597921 
147 7438673 8438673 
148 8317057 9317057 
149 1760749 2760749 
150 1557614 2557614 
151 9237898 10237898 
152 7673726 8673726 
153 9564120 10564120 
154 3459958 4459958 
155 287685 1287685 
156 3773025 4773025 
157 6844214 7844214 
158 3428024 4428024 
159 5558404 6558404 
160 1441523 2441523 
161 3820907 4820907 
162 4210427 5210427 
163 3889127 4889127 
164 3556610 4556610 
165 2966768 3966768 
166 1116173 2116173 
167 4775363 5775363 
168 1115758 2115758 
169 2594683 3594683 
170 1462185 2462185 
171 1603803 2603803 
172 7483872 8483872 
173 5593549 6593549 
174 5166834 6166834 
175 2817214 3817214 
176 6177947 7177947 
177 1681176 2681176 
178 2692124 3692124 
179 3359805 4359805 
180 9294058 10294058 
181 8589834 9589834 
182 5379498 6379498 
183 5137286 6137286 
184 3095609 4095609 
185 2392826 3392826 
186 5841 1005841 
187 6497633 7497633 
188 1214656 2214656 
189 5285934 6285934 
190 9219324 10219324 
191 6184455 7184455 
192 5238362 6238362 
193 8165447 9165447 
194 6725097 7725097 
195 7877786 8877786 
196 8314484 9314484 
197 449610 1449610 
198 276592 1276592 
199 7311046 8311046 
200 2954016 3954016 
201 2136907 3136907 
202 1008612 2008612 
203 4843634 5843634 
204 6308041 7308041 
205 9754296 10754296 
206 696722 1696722 
207 9253538 10253538 
208 3271297 4271297 
209 800063 1800063 
210 482407 1482407 
211 784620 1784620 
212 5708663 6708663 
213 6755677 7755677 
214 5342766 6342766 
215 3667604 4667604 
216 5541380 6541380 
217 1539716 2539716 
218 1201910 2201910 
219 5901383 6901383 
220 5378404 6378404 
221 6185576 7185576 
222 672913 1672913 
223 3593713 4593713 
224 49026 1049026 
225 4404455 5404455 
226 6189497 7189497 
227 7197627 8197627 
228 6745707 7745707 
229 7848851 8848851 
230 2984142 3984142 
231 7131428 8131428 
232 9418853 10418853 
233 8387805 9387805 
234 8743867 9743867 
235 8061243 9061243 
236 2598553 3598553 
237 1486815 2486815 
238 4376566 5376566 
239 4953078 5953078 
240 8298091 9298091 
241 9406789 10406789 
242 42661 1042661 
243 4694578 5694578 
244 1049450 2049450 
245 6186713 7186713 
246 4094174 5094174 
247 490568 1490568 
248 3286371 4286371 
249 2835755 3835755 
250 1773319 2773319 
251 9243592 10243592 
252 2384656 3384656 
253 3269081 4269081 
254 4233564 5233564 
255 3710549 4710549 
256 316398 1316398 
257 9314432 10314432 
258 8739343 9739343 
259 2298141 3298141 
260 7874220 8874220 
261 7507391 8507391 
262 9308810 10308810 
263 9338995 10338995 
264 7265471 8265471 
265 6023652 7023652 
266 5627728 6627728 
267 5950602 6950602 
268 7455762 8455762 
269 6946102 7946102 
270 5481857 6481857 
271 5493968 6493968 
272 6250843 7250843 
273 6379103 7379103 
274 4556668 5556668 
275 8197988 9197988 
276 2218889 3218889 
277 6518643 7518643 
278 8691231 9691231 
279 4752566 5752566 
280 8026201 9026201 
281 9005985 10005985 
282 2253482 3253482 
283 8225978 9225978 
284 4376840 5376840 
285 9570037 10570037 
286 3134145 4134145 
287 8707785 9707785 
288 8551459 9551459 
289 3164359 4164359 
290 8098704 9098704 
291 5774100 6774100 
292 316666 1316666 
293 7657284 8657284 
294 2416777 3416777 
295 4161477 5161477 
296 7996979 8996979 
297 4654870 5654870 
298 18632 1018632 
299 7688628 8688628 
300 8787194 9787194 
301 675763 1675763 
302 8843544 9843544 
303 1276482 2276482 
304 1668822 2668822 
305 2993343 3993343 
306 5554191 6554191 
307 1773910 2773910 
308 3079447 4079447 
309 5818527 6818527 
310 4612180 5612180 
311 7811442 8811442 
312 8937580 9937580 
313 2463900 3463900 
314 3583873 4583873 
315 6794097 7794097 
316 9452433 10452433 
317 2047023 3047023 
318 581923 1581923 
319 6565727 7565727 
320 5448741 6448741 
321 3111791 4111791 
322 1137758 2137758 
323 5177588 6177588 
324 2357785 3357785 
325 3793044 4793044 
326 6269102 7269102 
327 2756655 3756655 
328 6372293 7372293 
329 7493799 8493799 
330 8169160 9169160 
331 2878732 3878732 
332 4763541 5763541 
333 417608 1417608 
334 7297055 8297055 
335 7765089 8765089 
336 4836576 5836576 
337 4704283 5704283 
338 9742210 10742210 
339 1764187 2764187 
340 2075481 3075481 
341 9693392 10693392 
342 5644258 6644258 
343 5845647 6845647 
344 6388894 7388894 
345 4742478 5742478 
346 1940658 2940658 
347 8882239 9882239 
348 9530350 10530350 
349 8762748 9762748 
350 2487527 3487527 
351 6494636 7494636 
352 668792 1668792 
353 7798444 8798444 
354 4674591 5674591 
355 9171091 10171091 
356 652366 1652366 
357 274596 1274596 
358 3684062 4684062 
359 1254085 2254085 
360 2722168 3722168 
361 8758985 9758985 
362 1819251 2819251 
363 8045414 9045414 
364 9369381 10369381 
365 8903018 9903018 
366 8028537 9028537 
367 8595650 9595650 
368 553085 1553085 
369 3380902 4380902 
370 4081913 5081913 
371 6364871 7364871 
372 385297 1385297 
373 9688700 10688700 
374 3588269 4588269 
375 5120291 6120291 
376 9042420 10042420 
377 3852781 4852781 
378 177119 1177119 
379 3384059 4384059 
380 6987747 7987747 
381 5013968 6013968 
382 5733104 6733104 
383 7002052 8002052 
384 3062175 4062175 
385 4697778 5697778 
386 4681077 5681077 
387 5796162 6796162 
388 6328284 7328284 
389 5378407 6378407 
390 1217532 2217532 
391 6906395 7906395 
392 8371153 9371153 
393 649009 1649009 
394 1792492 2792492 
395 7552535 8552535 
396 1143280 2143280 
397 6629516 7629516 
398 3978378 4978378 
399 5485815 6485815 
400 5729712 6729712 
401 6648724 7648724 
402 2657048 3657048 
403 3512942 4512942 
404 1894277 2894277 
405 9882004 10882004 
406 1586712 2586712 
407 3586496 4586496 
408 802546 1802546 
409 730156 1730156 
410 9427502 10427502 
411 614006 1614006 
412 1553332 2553332 
413 7382942 8382942 
414 1146659 2146659 
415 2274491 3274491 
416 1429663 2429663 
417 8531253 9531253 
418 9183750 10183750 
419 6861143 7861143 
420 2167047 3167047 
421 6316626 7316626 
422 1825261 2825261 
423 2477509 3477509 
424 7514837 8514837 
425 1438356 2438356 
426 3722841 4722841 
427 5007218 6007218 
428 4143417 5143417 
429 6651811 7651811 
430 9076535 10076535 
431 945173 1945173 
432 6911614 7911614 
433 5433370 6433370 
434 6559107 7559107 
435 3756069 4756069 
436 6083705 7083705 
437 53903 1053903 
438 4686471 5686471 
439 2752124 3752124 
440 1155611 2155611 
441 1091647 2091647 
442 7261249 8261249 
443 1092614 2092614 
444 8682662 9682662 
445 1510747 2510747 
446 4597347 5597347 
447 3589541 4589541 
448 9822076 10822076 
449 9985641 10985641 
450 6150516 7150516 
451 9280933 10280933 
452 7185427 8185427 
453 2998745 3998745 
454 6728724 7728724 
455 2609623 3609623 
456 4392325 5392325 
457 3273637 4273637 
458 1973724 2973724 
459 1734604 2734604 
460 9586244 10586244 
461 7710883 8710883 
462 6215012 7215012 
463 7919408 8919408 
464 4111595 5111595 
465 8283626 9283626 
466 8145630 9145630 
467 9919552 10919552 
468 7707951 8707951 
469 2021471 3021471 
470 1443295 2443295 
471 3304041 4304041 
472 5224948 6224948 
473 6381019 7381019 
474 1096766 2096766 
475 8077311 9077311 
476 2961020 3961020 
477 308474 1308474 
478 84373 1084373 
479 4140438 5140438 
480 8474426 9474426 
481 5564419 6564419 
482 105061 1105061 
483 2535809 3535809 
484 4810949 5810949 
485 4015983 5015983 
486 2742742 3742742 
487 5976165 6976165 
488 9757416 10757416 
489 8510104 9510104 
490 1047323 2047323 
491 705528 1705528 
492 9579862 10579862 
493 7057407 8057407 
494 8855924 9855924 
495 4685147 5685147 
496 2247291 3247291 
497 1575610 2575610 
498 8446157 9446157 
499 4468882 5468882 
500 1969133 2969133 
501 5261560 6261560 
502 5342596 6342596 
503 8485404 9485404 
504 7348353 8348353 
505 124978 1124978 
506 5714632 6714632 
507 7711411 8711411 
508 602746 1602746 
509 988401 1988401 
510 8495900 9495900 
511 8825634 9825634 
512 1534429 2534429 
513 5158454 6158454 
514 6047227 7047227 
515 3213118 4213118 
516 6007520 7007520 
517 4080777 5080777 
518 3708566 4708566 
519 9544322 10544322 
520 9932416 10932416 
521 781217 1781217 
522 4990009 5990009 
523 9855179 10855179 
524 1792050 2792050 
525 4064172 5064172 
526 5507531 6507531 
527 9064364 10064364 
528 6309041 7309041 
529 9078205 10078205 
530 8679668 9679668 
531 8375151 9375151 
532 1382006 2382006 
533 533072 1533072 
534 2294745 3294745 
535 3806249 4806249 
536 1788998 2788998 
537 991482 1991482 
538 5834115 6834115 
539 7820537 8820537 
540 2076261 3076261 
541 2402225 3402225 
542 6041437 7041437 
543 5065309 6065309 
544 5523432 6523432 
545 8365237 9365237 
546 9780956 10780956 
547 2955440 3955440 
548 896808 1896808 
549 8525467 9525467 
550 7454137 8454137 
551 1009092 2009092 
552 5160659 6160659 
553 7059444 8059444 
554 1771610 2771610 
555 3567256 4567256 
556 8402332 9402332 
557 5852958 6852958 
558 5384911 6384911 
559 5634742 6634742 
560 4000274 5000274 
561 2170662 3170662 
562 5115895 6115895 
563 7937708 8937708 
564 8267151 9267151 
565 2723673 3723673 
566 7815875 8815875 
567 1992740 2992740 
568 6968775 7968775 
569 3513958 4513958 
570 403602 1403602 
571 4130978 5130978 
572 8662016 9662016 
573 1330097 2330097 
574 674364 1674364 
575 3484762 4484762 
576 7304288 8304288 
577 8331190 9331190 
578 3031851 4031851 
579 6138796 7138796 
580 7911522 8911522 
581 6805144 7805144 
582 1761698 2761698 
583 755133 1755133 
584 3123427 4123427 
585 9548230 10548230 
586 824353 1824353 
587 1032755 2032755 
588 3733977 4733977 
589 1455688 2455688 
590 1644257 2644257 
591 6965260 7965260 
592 9723042 10723042 
593 4585004 5585004 
594 564474 1564474 
595 7946140 8946140 
596 1319930 2319930 
597 6924423 7924423 
598 7897637 8897637 
599 6655265 7655265 
600 9416839 10416839 
601 8230186 9230186 
602 7052443 8052443 
603 2880772 3880772 
604 1652495 2652495 
605 6560355 7560355 
606 704284 1704284 
607 7108399 8108399 
608 2454601 3454601 
609 4473325 5473325 
610 7357835 8357835 
611 5990021 6990021 
612 1379025 2379025 
613 608757 1608757 
614 8378934 9378934 
615 4637315 5637315 
616 6788276 7788276 
617 8434377 9434377 
618 5359412 6359412 
619 7610737 8610737 
620 1071915 2071915 
621 2957343 3957343 
622 6194280 7194280 
623 560324 1560324 
624 6101477 7101477 
625 7800576 8800576 
626 9011746 10011746 
627 7897619 8897619 
628 5356797 6356797 
629 6048975 7048975 
630 2078820 3078820 
631 1326004 2326004 
632 6207883 7207883 
633 4454394 5454394 
634 3093185 4093185 
635 8336371 9336371 
636 8132310 9132310 
637 1789244 2789244 
638 8948577 9948577 
639 3002350 4002350 
640 3277735 4277735 
641 2789388 3789388 
642 7947554 8947554 
643 2819728 3819728 
644 6702265 7702265 
645 8392613 9392613 
646 6233689 7233689 
647 1256360 2256360 
648 9807308 10807308 
649 2086067 3086067 
650 490294 1490294 
651 678181 1678181 
652 5578840 6578840 
653 2460567 3460567 
654 6852293 7852293 
655 4796400 5796400 
656 6719583 7719583 
657 8381655 9381655 
658 4630673 5630673 
659 2037222 3037222 
660 7653723 8653723 
661 9229733 10229733 
662 7558755 8558755 
663 2182641 3182641 
664 9501143 10501143 
665 7365898 8365898 
666 9266984 10266984 
667 1538498 2538498 
668 9204122 10204122 
669 6376751 7376751 
670 4106480 5106480 
671 2362285 3362285 
672 9866365 10866365 
673 2465608 3465608 
674 8662803 9662803 
675 5727136 6727136 
676 1454686 2454686 
677 4652958 5652958 
678 7397870 8397870 
679 2504129 3504129 
680 3730477 4730477 
681 5594935 6594935 
682 6003019 7003019 
683 3579940 4579940 
684 1626148 2626148 
685 1195555 2195555 
686 3561055 4561055 
687 5469094 6469094 
688 4011411 5011411 
689 999910 1999910 
690 8709484 9709484 
691 7355496 8355496 
692 7396569 8396569 
693 4274941 5274941 
694 676103 1676103 
695 8592491 9592491 
696 2216303 3216303 
697 5345423 6345423 
698 5006708 6006708 
699 4084421 5084421 
700 7441822 8441822 
701 5053234 6053234 
702 2574253 3574253 
703 8082558 9082558 
704 542161 1542161 
705 9942102 10942102 
706 4517761 5517761 
707 6485898 7485898 
708 6457989 7457989 
709 392018 1392018 
710 9869402 10869402 
711 8669410 9669410 
712 514140 1514140 
713 6632969 7632969 
714 2613015 3613015 
715 6322497 7322497 
716 3445073 4445073 
717 4582456 5582456 
718 9532055 10532055 
719 1463544 2463544 
720 751110 1751110 
721 948959 1948959 
722 6182359 7182359 
723 507118 1507118 
724 9272634 10272634 
725 3353674 4353674 
726 1880371 2880371 
727 2440888 3440888 
728 8261078 9261078 
729 1497147 2497147 
730 6443209 7443209 
731 5590353 6590353 
732 9240486 10240486 
733 318646 1318646 
734 7548283 8548283 
735 8319606 9319606 
736 8060581 9060581 
737 4504809 5504809 
738 369554 1369554 
739 6836384 7836384 
740 8002801 9002801 
741 1101109 2101109 
742 8266880 9266880 
743 4231583 5231583 
744 1484893 2484893 
745 4882397 5882397 
746 2672574 3672574 
747 4564048 5564048 
748 5421605 6421605 
749 9177418 10177418 
750 6482260 7482260 
751 5871739 6871739 
752 6695356 7695356 
753 2278392 3278392 
754 7366263 8366263 
755 5203147 6203147 
756 2690498 3690498 
757 7839873 8839873 
758 7937996 8937996 
759 2632810 3632810 
760 3895698 4895698 
761 8065604 9065604 
762 1027403 2027403 
763 1222969 2222969 
764 6328183 7328183 
765 6374322 7374322 
766 8569278 9569278 
767 9856809 10856809 
768 2544638 3544638 
769 1269685 2269685 
770 9561961 10561961 
771 409913 1409913 
772 2372326 3372326 
773 8257341 9257341 
774 6113348 7113348 
775 3247500 4247500 
776 9343924 10343924 
777 6067815 7067815 
778 4495844 5495844 
779 2832038 3832038 
780 5580771 6580771 
781 603852 1603852 
782 2215544 3215544 
783 6429379 7429379 
784 4054585 5054585 
785 5419876 6419876 
786 9430638 10430638 
787 3491668 4491668 
788 7657397 8657397 
789 6253462 7253462 
790 5376437 6376437 
791 3542295 4542295 
792 1132709 2132709 
793 7489245 8489245 
794 9731998 10731998 
795 2911057 3911057 
796 4887123 5887123 
797 649240 1649240 
798 805340 1805340 
799 7659819 8659819 
800 314591 1314591 
801 5628014 6628014 
802 8715050 9715050 
803 772007 1772007 
804 4025256 5025256 
805 788315 1788315 
806 6098187 7098187 
807 5491645 6491645 
808 4175716 5175716 
809 7175772 8175772 
810 6101677 7101677 
811 8422550 9422550 
812 8714704 9714704 
813 3628979 4628979 
814 7264871 8264871 
815 3785188 4785188 
816 2822273 3822273 
817 5530840 6530840 
818 556897 1556897 
819 7446620 8446620 
820 3637720 4637720 
821 8974972 9974972 
822 966611 1966611 
823 1020625 2020625 
824 7240979 8240979 
825 3767098 4767098 
826 5934438 6934438 
827 5528174 6528174 
828 3509633 4509633 
829 6989661 7989661 
830 9874230 10874230 
831 9200656 10200656 
832 1832142 2832142 
833 51272 1051272 
834 2533369 3533369 
835 6352318 7352318 
836 6147068 7147068 
837 7795718 8795718 
838 9477177 10477177 
839 4640453 5640453 
840 7202930 8202930 
841 3760239 4760239 
842 2508605 3508605 
843 4625268 5625268 
844 5347246 6347246 
845 2963955 3963955 
846 1493638 2493638 
847 4057073 5057073 
848 7514775 8514775 
849 7683078 8683078 
850 6216309 7216309 
851 4810423 5810423 
852 232558 1232558 
853 5991848 6991848 
854 8476042 9476042 
855 2352301 3352301 
856 6415842 7415842 
857 8011152 9011152 
858 7043015 8043015 
859 4435299 5435299 
860 1476034 2476034 
861 3926900 4926900 
862 3757362 4757362 
863 2325099 3325099 
864 573261 1573261 
865 9971575 10971575 
866 7341818 8341818 
867 6526290 7526290 
868 2344229 3344229 
869 8534320 9534320 
870 934321 1934321 
871 7144506 8144506 
872 3839970 4839970 
873 8370131 9370131 
874 7611192 8611192 
875 9597589 10597589 
876 146115 1146115 
877 6209279 7209279 
878 4725048 5725048 
879 9286144 10286144 
880 6416384 7416384 
881 7867043 8867043 
882 915660 1915660 
883 2593850 3593850 
884 8324027 9324027 
885 1483661 2483661 
886 2591165 3591165 
887 6416959 7416959 
888 2389908 3389908 
889 4377233 5377233 
890 9960805 10960805 
891 2830981 3830981 
892 965468 1965468 
893 9444946 10444946 
894 2900148 3900148 
895 601426 1601426 
896 8629985 9629985 
897 9570736 10570736 
898 9411153 10411153 
899 7361464 8361464 
900 8125032 9125032 
901 1133518 2133518 
902 5098200 6098200 
903 5726639 6726639 
904 4361912 5361912 
905 6226238 7226238 
906 1863234 2863234 
907 2113357 3113357 
908 6237011 7237011 
909 236364 1236364 
910 4748898 5748898 
911 4693924 5693924 
912 4620480 5620480 
913 3357412 4357412 
914 4185228 5185228 
915 2047928 3047928 
916 7942531 8942531 
917 6275489 7275489 
918 1430480 2430480 
919 2570139 3570139 
920 5857199 6857199 
921 181619 1181619 
922 7103460 8103460 
923 8010535 9010535 
924 6810642 7810642 
925 6055147 7055147 
926 4822303 5822303 
927 4532568 5532568 
928 528270 1528270 
929 3866918 4866918 
930 7240098 8240098 
931 3090371 4090371 
932 1203207 2203207 
933 3737812 4737812 
934 5938321 6938321 
935 3567927 4567927 
936 3872120 4872120 
937 4274916 5274916 
938 4803967 5803967 
939 313583 1313583 
940 6579744 7579744 
941 7001806 8001806 
942 6970856 7970856 
943 8804720 9804720 
944 4477786 5477786 
945 3796220 4796220 
946 4812503 5812503 
947 1593093 2593093 
948 9180555 10180555 
949 2359125 3359125 
950 1259560 2259560 
951 4893525 5893525 
952 5223477 6223477 
953 6199912 7199912 
954 3673064 4673064 
955 5047198 6047198 
956 381736 1381736 
957 2239922 3239922 
958 4463576 5463576 
959 2831376 3831376 
960 6421975 7421975 
961 6004237 7004237 
962 8496273 9496273 
963 2542408 3542408 
964 6359240 7359240 
965 4324405 5324405 
966 7881409 8881409 
967 603239 1603239 
968 9950629 10950629 
969 2720119 3720119 
970 8227603 9227603 
971 2560719 3560719 
972 1050096 2050096 
973 5379576 6379576 
974 6341037 7341037 
975 7789434 8789434 
976 5004244 6004244 
977 4219039 5219039 
978 6736467 7736467 
979 8669430 9669430 
980 7313046 8313046 
981 7668000 8668000 
982 7476777 8476777 
983 2647681 3647681 
984 2169898 3169898 
985 3864230 4864230 
986 322325 1322325 
987 9120701 10120701 
988 8497890 9497890 
989 1687196 2687196 
990 8908611 9908611 
991 9624720 10624720 
992 986561 1986561 
993 8258201 9258201 
994 5946434 6946434 
995 1302298 2302298 
996 1771630 2771630 
997 2808934 3808934 
998 2324043 3324043 
999 504660 1504660 
1000 1986756 2986756 
1001 4834092 5834092 
1002 4195874 5195874 
1003 3615042 4615042 
1004 779910 1779910 
1005 5007679 6007679 
1006 5957782 6957782 
1007 7838036 8838036 
1008 3728688 4728688 
1009 1249665 2249665 
1010 671266 1671266 
1011 7027807 8027807 
1012 3415273 4415273 
1013 7821812 8821812 
1014 121014 1121014 
1015 996146 1996146 
1016 673684 1673684 
1017 2642656 3642656 
1018 4820111 5820111 
1019 5594840 6594840 
1020 3820677 4820677 
1021 3926557 4926557 
1022 8043458 9043458 
1023 1524458 2524458 
1024 6721616 7721616 
1025 3080574 4080574 
1026 3078233 4078233 
1027 6114958 7114958 
1028 9971262 10971262 
1029 9508186 10508186 
1030 5799828 6799828 
1031 7192720 8192720 
1032 3355993 4355993 
1033 1697336 2697336 
1034 1308369 2308369 
1035 398235 1398235 
1036 3104807 4104807 
1037 3440150 4440150 
1038 3048838 4048838 
1039 1688083 2688083 
1040 4787571 5787571 
1041 6335958 7335958 
1042 2423146 3423146 
1043 7909394 8909394 
1044 6801734 7801734 
1045 5870150 6870150 
1046 5584691 6584691 
1047 5611902 6611902 
1048 3227637 4227637 
1049 4120778 5120778 
1050 8976507 9976507 
1051 5964484 6964484 
1052 8020436 9020436 
1053 370600 1370600 
1054 7009468 8009468 
1055 5856179 6856179 
1056 5273224 6273224 
1057 572656 1572656 
1058 8645882 9645882 
1059 5213175 6213175 
1060 5036794 6036794 
1061 3374598 4374598 
1062 1157376 2157376 
1063 7199024 8199024 
1064 52200 1052200 
1065 7798990 8798990 
1066 652354 1652354 
1067 5791662 6791662 
1068 3639317 4639317 
1069 5509746 6509746 
1070 1431521 2431521 
1071 3051083 4051083 
1072 4557601 5557601 
1073 2023379 3023379 
1074 6871374 7871374 
1075 4215142 5215142 
1076 2831731 3831731 
1077 1195145 2195145 
1078 8143110 9143110 
1079 2326263 3326263 
1080 3033042 4033042 
1081 4010777 5010777 
1082 4503803 5503803 
1083 1682388 2682388 
1084 8744723 9744723 
1085 6529074 7529074 
1086 2007059 3007059 
1087 1074943 2074943 
1088 8394093 9394093 
1089 965284 1965284 
1090 972745 1972745 
1091 826281 1826281 
1092 9576680 10576680 
1093 3940574 4940574 
1094 262002 1262002 
1095 8974920 9974920 
1096 7393012 8393012 
1097 1566498 2566498 
1098 7690266 8690266 
1099 6792912 7792912 
1100 1737622 2737622 
1101 3479623 4479623 
1102 9030157 10030157 
1103 2940177 3940177 
1104 1215293 2215293 
1105 7786026 8786026 
1106 6256881 7256881 
1107 6047276 7047276 
1108 5117747 6117747 
1109 6740147 7740147 
1110 7362064 8362064 
1111 3307315 4307315 
1112 875055 1875055 
1113 8150015 9150015 
1114 6849588 7849588 
1115 3920860 4920860 
1116 4326919 5326919 
1117 2275375 3275375 
1118 478635 1478635 
1119 5953250 6953250 
1120 9309058 10309058 
1121 5912780 6912780 
1122 3628778 4628778 
1123 7611641 8611641 
1124 468556 1468556 
1125 3099990 4099990 
1126 7191886 8191886 
1127 2953452 3953452 
1128 5631491 6631491 
1129 9206632 10206632 
1130 3695869 4695869 
1131 772436 1772436 
1132 5467246 6467246 
1133 6758537 7758537 
1134 4258027 5258027 
1135 6215798 7215798 
1136 9056461 10056461 
1137 4058897 5058897 
1138 6455033 7455033 
1139 6724410 7724410 
1140 8067787 9067787 
1141 7652149 8652149 
1142 5518008 6518008 
1143 5829828 6829828 
1144 3069584 4069584 
1145 1590706 2590706 
1146 2736842 3736842 
1147 5984305 6984305 
1148 7460467 8460467 
1149 8351250 9351250 
1150 2125033 3125033 
1151 5923312 6923312 
1152 6234701 7234701 
1153 9826334 10826334 
1154 930306 1930306 
1155 816186 1816186 
1156 4319848 5319848 
1157 3246689 4246689 
1158 8186873 9186873 
1159 1269935 2269935 
1160 8477463 9477463 
1161 3475796 4475796 
1162 5644432 6644432 
1163 1186575 2186575 
1164 4804831 5804831 
1165 84907 1084907 
1166 2554722 3554722 
1167 7516305 8516305 
1168 4357075 5357075 
1169 598715 1598715 
1170 268681 1268681 
1171 7652324 8652324 
1172 3830525 4830525 
1173 8315654 9315654 
1174 5929183 6929183 
1175 2411199 3411199 
1176 6478200 7478200 
1177 4064613 5064613 
1178 8257890 9257890 
1179 1918247 2918247 
1180 9064219 10064219 
1181 662224 1662224 
1182 4366513 5366513 
1183 642493 1642493 
1184 3787984 4787984 
1185 152141 1152141 
1186 4683827 5683827 
1187 5197249 6197249 
1188 1685762 2685762 
1189 7570291 8570291 
1190 4346455 5346455 
1191 8039591 9039591 
1192 3172276 4172276 
1193 8278042 9278042 
1194 749685 1749685 
1195 8743508 9743508 
1196 2024751 3024751 
1197 6110882 7110882 
1198 4173523 5173523 
1199 2570101 3570101 
1200 8575828 9575828 
1201 5693148 6693148 
1202 3607236 4607236 
1203 3733756 4733756 
1204 7123471 8123471 
1205 3382040 4382040 
1206 3554028 4554028 
1207 3669689 4669689 
1208 2078188 3078188 
1209 8604236 9604236 
1210 3322526 4322526 
1211 2605713 3605713 
1212 3498948 4498948 
1213 3654621 4654621 
1214 5990118 6990118 
1215 3811165 4811165 
1216 1516303 2516303 
1217 9101 1009101 
1218 8432034 9432034 
1219 8836961 9836961 
1220 6041181 7041181 
1221 4258050 5258050 
1222 8629451 9629451 
1223 9359207 10359207 
1224 8505952 9505952 
1225 774127 1774127 
1226 1774930 2774930 
1227 9640055 10640055 
1228 2826145 3826145 
1229 9102433 10102433 
1230 2189605 3189605 
1231 3729206 4729206 
1232 2967251 3967251 
1233 9633192 10633192 
1234 3587920 4587920 
1235 7568473 8568473 
1236 4398533 5398533 
1237 7059552 8059552 
1238 4245824 5245824 
1239 7450564 8450564 
1240 8313200 9313200 
1241 9055387 10055387 
1242 3882020 4882020 
1243 641859 1641859 
1244 9007664 10007664 
1245 8705324 9705324 
1246 2856044 3856044 
1247 9050211 10050211 
1248 5480080 6480080 
1249 4869395 5869395 
1250 296691 1296691 
1251 5265006 6265006 
1252 1444542 2444542 
1253 2854016 3854016 
1254 3217337 4217337 
1255 6447618 7447618 
1256 1805981 2805981 
1257 6671110 7671110 
1258 2219849 3219849 
1259 4218701 5218701 
1260 2071034 3071034 
1261 7941341 8941341 
1262 4274618 5274618 
1263 1015143 2015143 
1264 8150998 9150998 
1265 6582995 7582995 
1266 4686544 5686544 
1267 1741388 2741388 
1268 890593 1890593 
1269 1562321 2562321 
1270 8725570 9725570 
1271 5772661 6772661 
1272 7704712 8704712 
1273 3131782 4131782 
1274 8252566 9252566 
1275 5081489 6081489 
1276 2219685 3219685 
1277 4240306 5240306 
1278 4306729 5306729 
1279 3259877 4259877 
1280 9276885 10276885 
1281 1664017 2664017 
1282 8356427 9356427 
1283 2795069 3795069 
1284 119144 1119144 
1285 7040610 8040610 
1286 8597510 9597510 
1287 3412109 4412109 
1288 8835825 9835825 
1289 8055698 9055698 
1290 7052543 8052543 
1291 2630057 3630057 
1292 2777212 3777212 
1293 5275914 6275914 
1294 4692086 5692086 
1295 4739102 5739102 
1296 9928159 10928159 
1297 8261906 9261906 
1298 6745064 7745064 
1299 4868267 5868267 
1300 2068905 3068905 
1301 1107424 2107424 
1302 5145684 6145684 
1303 3010143 4010143 
1304 5956664 6956664 
1305 9459137 10459137 
1306 3534746 4534746 
1307 128336 1128336 
1308 7551463 8551463 
1309 3316835 4316835 
1310 4020478 5020478 
1311 874741 1874741 
1312 3150819 4150819 
1313 9218621 10218621 
1314 2235852 3235852 
1315 7202337 8202337 
1316 3497503 4497503 
1317 9642907 10642907 
1318 2944790 3944790 
1319 8153629 9153629 
1320 2730462 3730462 
1321 7055305 8055305 
1322 3448089 4448089 
1323 6013664 7013664 
1324 7140461 8140461 
1325 8489948 9489948 
1326 5026494 6026494 
1327 8732525 9732525 
1328 249971 1249971 
1329 795032 1795032 
1330 8512316 9512316 
1331 696778 1696778 
1332 7938784 8938784 
1333 299905 1299905 
1334 6371930 7371930 
1335 6861976 7861976 
1336 1739139 2739139 
1337 5193985 6193985 
1338 1295954 2295954 
1339 6082772 7082772 
1340 932792 1932792 
1341 5385394 6385394 
1342 9116881 10116881 
1343 567337 1567337 
1344 5125182 6125182 
1345 6343241 7343241 
1346 4517019 5517019 
1347 9229167 10229167 
1348 8346663 9346663 
1349 1408160 2408160 
1350 5870028 6870028 
1351 2930628 3930628 
1352 3390696 4390696 
1353 9395679 10395679 
1354 7137721 8137721 
1355 4618821 5618821 
1356 3524112 4524112 
1357 1787718 2787718 
1358 5067765 6067765 
1359 5217386 6217386 
1360 1851798 2851798 
1361 8604952 9604952 
1362 525168 1525168 
1363 3612283 4612283 
1364 6648011 7648011 
1365 7869607 8869607 
1366 3405241 4405241 
1367 3072947 4072947 
1368 8965230 9965230 
1369 82937 1082937 
1370 5734372 6734372 
1371 6747631 7747631 
1372 5782622 6782622 
1373 678804 1678804 
1374 1321222 2321222 
1375 3044115 4044115 
1376 2671338 3671338 
1377 1121515 2121515 
1378 8558429 9558429 
1379 2915450 3915450 
1380 8807492 9807492 
1381 7106149 8106149 
1382 7368845 8368845 
1383 8061719 9061719 
1384 816405 1816405 
1385 6237190 7237190 
1386 6051973 7051973 
1387 1509165 2509165 
1388 2830762 3830762 
1389 7646268 8646268 
1390 7592960 8592960 
1391 2607015 3607015 
1392 5457739 6457739 
1393 6439240 7439240 
1394 1071912 2071912 
1395 4486421 5486421 
1396 8688812 9688812 
1397 7377735 8377735 
1398 8554452 9554452 
1399 5393347 6393347 
1400 2263293 3263293 
1401 8514909 9514909 
1402 1105906 2105906 
1403 4125176 5125176 
1404 5826588 6826588 
1405 3617533 4617533 
1406 6249856 7249856 
1407 6061128 7061128 
1408 1368171 2368171 
1409 7853782 8853782 
1410 3554612 4554612 
1411 8626326 9626326 
1412 3514939 4514939 
1413 2823005 3823005 
1414 3653820 4653820 
1415 2836010 3836010 
1416 3865831 4865831 
1417 6103923 7103923 
1418 9770656 10770656 
1419 5592811 6592811 
1420 5808638 6808638 
1421 4220212 5220212 
1422 8205251 9205251 
1423 5077433 6077433 
1424 5748632 6748632 
1425 890076 1890076 
1426 1496072 2496072 
1427 8093929 9093929 
1428 7626569 8626569 
1429 889685 1889685 
1430 9585424 10585424 
1431 1937374 2937374 
1432 2426036 3426036 
1433 5628257 6628257 
1434 6730786 7730786 
1435 2023104 3023104 
1436 2811319 3811319 
1437 1358560 2358560 
1438 2238244 3238244 
1439 5695580 6695580 
1440 9130436 10130436 
1441 2814143 3814143 
1442 8454214 9454214 
1443 4519064 5519064 
1444 3664975 4664975 
1445 8255741 9255741 
1446 3219518 4219518 
1447 1947793 2947793 
1448 5666403 6666403 
1449 9927899 10927899 
1450 6135981 7135981 
1451 2883411 3883411 
1452 9805520 10805520 
1453 9924512 10924512 
1454 1521057 2521057 
1455 5069236 6069236 
1456 7449727 8449727 
1457 9984262 10984262 
1458 9549748 10549748 
1459 8290509 9290509 
1460 6587622 7587622 
1461 1872324 2872324 
1462 1366353 2366353 
1463 4198422 5198422 
1464 7636758 8636758 
1465 6378169 7378169 
1466 1132310 2132310 
1467 2049821 3049821 
1468 8282481 9282481 
1469 3942194 4942194 
1470 7355349 8355349 
1471 9804387 10804387 
1472 2460410 3460410 
1473 5014232 6014232 
1474 3249461 4249461 
1475 5158227 6158227 
1476 8548037 9548037 
1477 2520377 3520377 
1478 7143798 8143798 
1479 6687968 7687968 
1480 9157261 10157261 
1481 6251505 7251505 
1482 3803346 4803346 
1483 4439610 5439610 
1484 8973668 9973668 
1485 3708149 4708149 
1486 5061630 6061630 
1487 7494572 8494572 
1488 9985541 10985541 
1489 2396155 3396155 
1490 2087376 3087376 
1491 4824341 5824341 
1492 3724741 4724741 
1493 3770121 4770121 
1494 5776890 6776890 
1495 2332288 3332288 
1496 1959848 2959848 
1497 6208025 7208025 
1498 3886068 4886068 
1499 5871587 6871587 
1500 8070288 9070288 
1501 7066086 8066086 
1502 993400 1993400 
1503 7607793 8607793 
1504 8203025 9203025 
1505 8362711 9362711 
1506 6476967 7476967 
1507 8635420 9635420 
1508 7192671 8192671 
1509 7477124 8477124 
1510 9949001 10949001 
1511 9274283 10274283 
1512 7028585 8028585 
1513 2061417 3061417 
1514 6857138 7857138 
1515 2666227 3666227 
1516 1405951 2405951 
1517 7538470 8538470 
1518 4329279 5329279 
1519 6874677 7874677 
1520 2450606 3450606 
1521 2214640 3214640 
1522 8325376 9325376 
1523 5326868 6326868 
1524 8474412 9474412 
1525 7674904 8674904 
1526 9178864 10178864 
1527 8260785 9260785 
1528 2386414 3386414 
1529 2033846 3033846 
1530 1437791 2437791 
1531 9989733 10989733 
1532 577112 1577112 
1533 3875442 4875442 
1534 6094961 7094961 
1535 1656218 2656218 
1536 9906060 10906060 
1537 8831470 9831470 
1538 2671678 3671678 
1539 3222854 4222854 
1540 2377571 3377571 
1541 4699987 5699987 
1542 4372378 5372378 
1543 9160325 10160325 
1544 9210874 10210874 
1545 1133559 2133559 
1546 2847856 3847856 
1547 9195730 10195730 
1548 9657572 10657572 
1549 4707240 5707240 
1550 686152 1686152 
1551 8764258 9764258 
1552 7081981 8081981 
1553 3202200 4202200 
1554 4958568 5958568 
1555 3969950 4969950 
1556 1759070 2759070 
1557 3288932 4288932 
1558 732566 1732566 
1559 2592315 3592315 
1560 5464300 6464300 
1561 7479875 8479875 
1562 5860603 6860603 
1563 4198007 5198007 
1564 419723 1419723 
1565 1962183 2962183 
1566 8406306 9406306 
1567 824049 1824049 
1568 9553009 10553009 
1569 5468499 6468499 
1570 6097568 7097568 
1571 145957 1145957 
1572 8237461 9237461 
1573 7316250 8316250 
1574 1729102 2729102 
1575 2810372 3810372 
1576 7146565 8146565 
1577 852943 1852943 
1578 7926962 8926962 
1579 3647788 4647788 
1580 5813463 6813463 
1581 7700207 8700207 
1582 5450364 6450364 
1583 9073737 10073737 
1584 2982263 3982263 
1585 6222503 7222503 
1586 4293420 5293420 
1587 2916743 3916743 
1588 1948448 2948448 
1589 3883490 4883490 
1590 660176 1660176 
1591 1617587 2617587 
1592 4999590 5999590 
1593 3394547 4394547 
1594 2351979 3351979 
1595 109037 1109037 
1596 906351 1906351 
1597 9380316 10380316 
1598 3917170 4917170 
1599 5686668 6686668 
1600 8999106 9999106 
1601 8999225 9999225 
1602 6751600 7751600 
1603 5889806 6889806 
1604 5270071 6270071 
1605 3039436 4039436 
1606 1478857 2478857 
1607 289466 1289466 
1608 3291470 4291470 
1609 8603046 9603046 
1610 5533851 6533851 
1611 9132629 10132629 
1612 4843164 5843164 
1613 6986478 7986478 
1614 1631168 2631168 
1615 5096573 6096573 
1616 5958816 6958816 
1617 3709137 4709137 
1618 6754416 7754416 
1619 177317 1177317 
1620 9929396 10929396 
1621 4550790 5550790 
1622 4387460 5387460 
1623 3416621 4416621 
1624 9407903 10407903 
1625 7519484 8519484 
1626 7284565 8284565 
1627 3360924 4360924 
1628 4188487 5188487 
1629 772131 1772131 
1630 875843 1875843 
1631 9891709 10891709 
1632 4394500 5394500 
1633 1692756 2692756 
1634 258897 1258897 
1635 428373 1428373 
1636 1518735 2518735 
1637 7104862 8104862 
1638 6057966 7057966 
1639 2737597 3737597 
1640 7333145 8333145 
1641 1924398 2924398 
1642 1918927 2918927 
1643 3272735 4272735 
1644 5017720 6017720 
1645 1822362 2822362 
1646 9561335 10561335 
1647 4565265 5565265 
1648 3515388 4515388 
1649 7172042 8172042 
1650 6472664 7472664 
1651 3035977 4035977 
1652 2124128 3124128 
1653 2065859 3065859 
1654 6698003 7698003 
1655 6295612 7295612 
1656 5039068 6039068 
1657 9635090 10635090 
1658 2545756 3545756 
1659 3311192 4311192 
1660 2894680 3894680 
1661 7674129 8674129 
1662 7474297 8474297 
1663 9011674 10011674 
1664 7467194 8467194 
1665 4816601 5816601 
1666 5139305 6139305 
1667 7765580 8765580 
1668 5992544 6992544 
1669 6398660 7398660 
1670 4980513 5980513 
1671 4338975 5338975 
1672 5057321 6057321 
1673 5726365 6726365 
1674 382321 1382321 
1675 1328097 2328097 
1676 9195822 10195822 
1677 7007719 8007719 
1678 2619526 3619526 
1679 6281626 7281626 
1680 8541711 9541711 
1681 4261446 5261446 
1682 3698569 4698569 
1683 2719817 3719817 
1684 5460327 6460327 
1685 5394574 6394574 
1686 9183972 10183972 
1687 3949558 4949558 
1688 1798753 2798753 
1689 3146599 4146599 
1690 234916 1234916 
1691 4025332 5025332 
1692 1955428 2955428 
1693 8802969 9802969 
1694 6494201 7494201 
1695 7776309 8776309 
1696 2636522 3636522 
1697 7487098 8487098 
1698 1187163 2187163 
1699 4784713 5784713 
1700 843887 1843887 
1701 3489393 4489393 
1702 1884871 2884871 
1703 2528245 3528245 
1704 1545732 2545732 
1705 5588262 6588262 
1706 7446823 8446823 
1707 7225324 8225324 
1708 3106562 4106562 
1709 4107720 5107720 
1710 9300816 10300816 
1711 8906541 9906541 
1712 8024668 9024668 
1713 6483962 7483962 
1714 7714981 8714981 
1715 7155320 8155320 
1716 2609806 3609806 
1717 2909787 3909787 
1718 2742104 3742104 
1719 5536494 6536494 
1720 7129010 8129010 
1721 2212144 3212144 
1722 8943697 9943697 
1723 2687300 3687300 
1724 9328305 10328305 
1725 6972081 7972081 
1726 5688359 6688359 
1727 4917155 5917155 
1728 8404630 9404630 
1729 7944813 8944813 
1730 516811 1516811 
1731 4729760 5729760 
1732 5848958 6848958 
1733 6755034 7755034 
1734 652996 1652996 
1735 7789907 8789907 
1736 7021996 8021996 
1737 3342589 4342589 
1738 2452116 3452116 
1739 9010454 10010454 
1740 6952377 7952377 
1741 3725234 4725234 
1742 344506 1344506 
1743 3709532 4709532 
1744 653672 1653672 
1745 3894425 4894425 
1746 1672529 2672529 
1747 7547947 8547947 
1748 1629976 2629976 
1749 5220893 6220893 
1750 3366230 4366230 
1751 4732215 5732215 
1752 4736722 5736722 
1753 2991138 3991138 
1754 5099655 6099655 
1755 6853661 7853661 
1756 6914178 7914178 
1757 6249930 7249930 
1758 286566 1286566 
1759 6261049 7261049 
1760 9349571 10349571 
1761 8741988 9741988 
1762 7074140 8074140 
1763 4354852 5354852 
1764 1514835 2514835 
1765 7961587 8961587 
1766 9573243 10573243 
1767 9178317 10178317 
1768 9349030 10349030 
1769 6100438 7100438 
1770 6828508 7828508 
1771 2532658 3532658 
1772 4074006 5074006 
1773 7075097 8075097 
1774 9824551 10824551 
1775 510524 1510524 
1776 1833143 2833143 
1777 2890839 3890839 
1778 507185 1507185 
1779 5435317 6435317 
1780 1037385 2037385 
1781 7227849 8227849 
1782 2985024 3985024 
1783 3958247 4958247 
1784 1877191 2877191 
1785 7656688 8656688 
1786 1056490 2056490 
1787 1515218 2515218 
1788 7922716 8922716 
1789 454619 1454619 
1790 8458907 9458907 
1791 2984841 3984841 
1792 7690741 8690741 
1793 2034837 3034837 
1794 6297524 7297524 
1795 411305 1411305 
1796 4620337 5620337 
1797 3616943 4616943 
1798 2059601 3059601 
1799 1881847 2881847 
1800 4468853 5468853 
1801 75365 1075365 
1802 4275619 5275619 
1803 9290005 10290005 
1804 484701 1484701 
1805 8739824 9739824 
1806 3813628 4813628 
1807 228577 1228577 
1808 9974733 10974733 
1809 3632232 4632232 
1810 8067434 9067434 
1811 6210539 7210539 
1812 6636901 7636901 
1813 3206867 4206867 
1814 3596282 4596282 
1815 7459472 8459472 
1816 8673043 9673043 
1817 2659150 3659150 
1818 5796638 6796638 
1819 5133111 6133111 
1820 4428994 5428994 
1821 2020950 3020950 
1822 9034281 10034281 
1823 700840 1700840 
1824 423216 1423216 
1825 3558964 4558964 
1826 8277494 9277494 
1827 7417220 8417220 
1828 2252637 3252637 
1829 6031107 7031107 
1830 7799977 8799977 
1831 507621 1507621 
1832 5683231 6683231 
1833 2882143 3882143 
1834 489741 1489741 
1835 55186 1055186 
1836 1335635 2335635 
1837 8792620 9792620 
1838 7780893 8780893 
1839 295775 1295775 
1840 5425581 6425581 
1841 5396096 6396096 
1842 9905438 10905438 
1843 2922911 3922911 
1844 6364721 7364721 
1845 8800430 9800430 
1846 3930089 4930089 
1847 2071367 3071367 
1848 6119099 7119099 
1849 7302768 8302768 
1850 7151559 8151559 
1851 2966049 3966049 
1852 8863032 9863032 
1853 7236528 8236528 
1854 2307188 3307188 
1855 990889 1990889 
1856 5762807 6762807 
1857 9291379 10291379 
1858 6098502 7098502 
1859 2248328 3248328 
1860 859418 1859418 
1861 668002 1668002 
1862 722535 1722535 
1863 4475818 5475818 
1864 8621990 9621990 
1865 5601271 6601271 
1866 3861566 4861566 
1867 5310462 6310462 
1868 5865018 6865018 
1869 8356544 9356544 
1870 6857709 7857709 
1871 4488778 5488778 
1872 610909 1610909 
1873 1624147 2624147 
1874 5474035 6474035 
1875 6679592 7679592 
1876 6887024 7887024 
1877 8359119 9359119 
1878 6957552 7957552 
1879 9287840 10287840 
1880 3606210 4606210 
1881 9024394 10024394 
1882 9412361 10412361 
1883 1757539 2757539 
1884 3108674 4108674 
1885 4301276 5301276 
1886 5354466 6354466 
1887 1581858 2581858 
1888 5421647 6421647 
1889 3442823 4442823 
1890 195784 1195784 
1891 4978697 5978697 
1892 3862188 4862188 
1893 8432578 9432578 
1894 4678513 5678513 
1895 9069148 10069148 
1896 2470415 3470415 
1897 5900128 6900128 
1898 8304346 9304346 
1899 6233644 7233644 
1900 6762072 7762072 
1901 4727202 5727202 
1902 2124496 3124496 
1903 527413 1527413 
1904 7649119 8649119 
1905 5489430 6489430 
1906 8177035 9177035 
1907 9906391 10906391 
1908 5630694 6630694 
1909 6736809 7736809 
1910 2313972 3313972 
1911 5149488 6149488 
1912 2549294 3549294 
1913 1436240 2436240 
1914 2261896 3261896 
1915 9328722 10328722 
1916 6698917 7698917 
1917 5239631 6239631 
1918 8054740 9054740 
1919 8708134 9708134 
1920 1161788 2161788 
1921 3842341 4842341 
1922 2730784 3730784 
1923 1706204 2706204 
1924 4088919 5088919 
1925 6504212 7504212 
1926 910376 1910376 
1927 3689998 4689998 
1928 4302558 5302558 
1929 5821776 6821776 
1930 6921605 7921605 
1931 7722224 8722224 
1932 2851185 3851185 
1933 4898884 5898884 
1934 2347307 3347307 
1935 4541878 5541878 
1936 7312056 8312056 
1937 53627 1053627 
1938 2439819 3439819 
1939 6013315 7013315 
1940 7151447 8151447 
1941 3986737 4986737 
1942 9763801 10763801 
1943 1301640 2301640 
1944 2181505 3181505 
1945 4103415 5103415 
1946 195304 1195304 
1947 5531201 6531201 
1948 5071524 6071524 
1949 8119805 9119805 
1950 1166897 2166897 
1951 631880 1631880 
1952 4532162 5532162 
1953 1430143 2430143 
1954 694258 1694258 
1955 849877 1849877 
1956 2447712 3447712 
1957 1719887 2719887 
1958 3432691 4432691 
1959 5641939 6641939 
1960 2255382 3255382 
1961 3146747 4146747 
1962 2837987 3837987 
1963 6805023 7805023 
1964 8968903 9968903 
1965 6203290 7203290 
1966 9284578 10284578 
1967 790623 1790623 
1968 8104939 9104939 
1969 6429368 7429368 
1970 8829464 9829464 
1971 4435581 5435581 
1972 7450376 8450376 
1973 4510939 5510939 
1974 9900162 10900162 
1975 6454591 7454591 
1976 6289088 7289088 
1977 2699954 3699954 
1978 3196621 4196621 
1979 3007365 4007365 
1980 9241219 10241219 
1981 3256537 4256537 
1982 7562202 8562202 
1983 3546526 4546526 
1984 8563428 9563428 
1985 7011915 8011915 
1986 1413474 2413474 
1987 4144582 5144582 
1988 6321674 7321674 
1989 2438245 3438245 
1990 1034803 2034803 
1991 6151616 7151616 
1992 9357885 10357885 
1993 4971539 5971539 
1994 5967769 6967769 
1995 8124684 9124684 
1996 9030304 10030304 
1997 122777 1122777 
1998 3345496 4345496 
1999 8377670 9377670 
2000 8880766 9880766 
