npieces: 2000
capacity: 8836431
1 1541 536 
2 6135 5132 
3 1082 74 
4 2292 1291 
5 10425 9428 
6 4990 3994 
7 1871 869 
8 4974 3980 
9 7347 6349 
10 2908 1914 
11 3149 2156 
12 1479 475 
13 8531 7540 
14 3296 2300 
15 9466 8461 
16 2691 1693 
17 4233 3237 
18 5384 4376 
19 10299 9297 
20 3405 2398 
21 8164 7157 
22 9086 8096 
23 2988 1996 
24 3879 2871 
25 5783 4789 
26 6188 5184 
27 7011 6010 
28 10931 9928 
29 1534 542 
30 7000 5999 
31 2325 1330 
32 3836 2828 
33 8548 7540 
34 6287 5277 
35 7306 6308 
36 5832 4841 
37 2398 1396 
38 5680 4677 
39 7452 6460 
40 8762 7759 
41 4932 3927 
42 7755 6762 
43 9234 8238 
44 2900 1910 
45 7580 6575 
46 10009 9003 
47 5613 4618 
48 10885 9890 
49 4807 3799 
50 2423 1424 
51 6039 5047 
52 8756 7760 
53 2803 1797 
54 3656 2652 
55 1355 345 
56 5345 4344 
57 8903 7913 
58 3114 2123 
59 8045 7036 
60 4693 3690 
61 4549 3549 
62 1809 819 
63 3728 2728 
64 7438 6435 
65 1215 212 
66 7619 6612 
67 8434 7437 
68 2950 1959 
69 1711 716 
70 6822 5818 
71 3154 2150 
72 8706 7702 
73 9598 8606 
74 7792 6791 
75 1176 184 
76 10500 9497 
77 6121 5115 
78 6187 5195 
79 5312 4305 
80 4920 3923 
81 10213 9214 
82 10218 9214 
83 9139 8139 
84 9374 8370 
85 6711 5710 
86 3466 2466 
87 7741 6744 
88 8940 7948 
89 9467 8458 
90 3499 2499 
91 8963 7957 
92 4367 3365 
93 3823 2813 
94 2918 1928 
95 8377 7384 
96 4244 3237 
97 9715 8713 
98 3130 2129 
99 6597 5604 
100 1679 676 
101 2427 1437 
102 5906 4904 
103 10249 9250 
104 5776 4768 
105 2974 1969 
106 3677 2674 
107 2358 1367 
108 9822 8819 
109 8729 7719 
110 3441 2445 
111 1110 115 
112 7677 6671 
113 1927 921 
114 4670 3665 
115 3070 2077 
116 5869 4867 
117 5561 4559 
118 10198 9201 
119 2394 1385 
120 7956 6965 
121 9231 8232 
122 6171 5177 
123 1252 260 
124 4696 3687 
125 6043 5053 
126 1856 863 
127 8417 7412 
128 10621 9620 
129 7967 6963 
130 6888 5891 
131 7132 6122 
132 7588 6593 
133 7287 6279 
134 5950 4960 
135 7914 6913 
136 8106 7102 
137 2243 1233 
138 9831 8827 
139 5844 4846 
140 5585 4580 
141 7405 6403 
142 7109 6113 
143 5133 4127 
144 9153 8151 
145 10086 9081 
146 8427 7434 
147 6038 5038 
148 7265 6275 
149 6175 5177 
150 1607 602 
151 10549 9549 
152 3104 2113 
153 1297 306 
154 2764 1772 
155 4574 3578 
156 6438 5440 
157 8743 7742 
158 1492 487 
159 9750 8746 
160 9180 8173 
161 6794 5793 
162 10298 9291 
163 4588 3582 
164 3132 2142 
165 6802 5801 
166 2496 1506 
167 1809 803 
168 5538 4528 
169 1100 94 
170 8291 7297 
171 4523 3515 
172 3216 2222 
173 5928 4929 
174 10122 9126 
175 9875 8871 
176 10526 9531 
177 9407 8414 
178 4312 3321 
179 7903 6910 
180 2015 1012 
181 5843 4843 
182 1950 957 
183 3144 2148 
184 2448 1440 
185 10847 9849 
186 2479 1469 
187 1556 550 
188 8054 7057 
189 6127 5136 
190 3405 2401 
191 4840 3850 
192 10002 8995 
193 4244 3236 
194 10969 9976 
195 10010 9009 
196 6950 5946 
197 8677 7668 
198 6718 5710 
199 5437 4439 
200 6838 5845 
201 2298 1303 
202 3684 2693 
203 10551 9551 
204 2263 1263 
205 1227 223 
206 3886 2893 
207 3706 2712 
208 8236 7242 
209 8648 7655 
210 7952 6957 
211 8243 7244 
212 9123 8116 
213 4239 3239 
214 6309 5305 
215 4411 3406 
216 2244 1251 
217 2281 1276 
218 6926 5932 
219 3476 2473 
220 5296 4298 
221 5284 4274 
222 9780 8781 
223 10105 9109 
224 4777 3780 
225 5900 4908 
226 2685 1692 
227 4206 3203 
228 5720 4725 
229 3229 2231 
230 5110 4115 
231 4347 3341 
232 6962 5966 
233 6691 5693 
234 5250 4246 
235 7383 6393 
236 7860 6856 
237 9496 8493 
238 9308 8309 
239 1883 885 
240 5229 4229 
241 6337 5333 
242 8453 7447 
243 4297 3305 
244 10143 9139 
245 9013 8010 
246 4621 3615 
247 6938 5930 
248 6118 5114 
249 5551 4556 
250 9642 8648 
251 1455 451 
252 8323 7323 
253 3011 2021 
254 8008 7018 
255 2119 1115 
256 6306 5297 
257 3604 2600 
258 6019 5028 
259 9426 8419 
260 1825 833 
261 2736 1731 
262 9208 8209 
263 2857 1847 
264 6988 5979 
265 9459 8463 
266 8971 7974 
267 2778 1770 
268 10539 9544 
269 9482 8477 
270 9627 8623 
271 8299 7292 
272 10522 9531 
273 6650 5640 
274 1928 935 
275 5316 4309 
276 3956 2962 
277 5913 4903 
278 9578 8574 
279 2158 1161 
280 3966 2964 
281 5177 4185 
282 8064 7074 
283 10344 9347 
284 6847 5843 
285 2002 1000 
286 8971 7977 
287 4991 3995 
288 3371 2361 
289 8308 7305 
290 8336 7331 
291 9135 8130 
292 9810 8812 
293 3292 2296 
294 10488 9498 
295 3733 2723 
296 7709 6699 
297 2791 1790 
298 1563 562 
299 10749 9746 
300 2351 1344 
301 4013 3020 
302 3132 2139 
303 4584 3582 
304 4239 3245 
305 3386 2383 
306 9598 8604 
307 9594 8591 
308 2401 1393 
309 4380 3388 
310 1641 647 
311 9023 8026 
312 2948 1938 
313 7371 6370 
314 9386 8394 
315 9877 8874 
316 8069 7074 
317 3105 2109 
318 7104 6105 
319 4996 4006 
320 3078 2077 
321 3342 2334 
322 7096 6087 
323 2335 1344 
324 1979 982 
325 8664 7669 
326 7420 6427 
327 8573 7570 
328 8735 7727 
329 7581 6586 
330 2603 1597 
331 1967 976 
332 7390 6383 
333 7869 6861 
334 1543 552 
335 2960 1962 
336 5159 4155 
337 6735 5739 
338 1173 183 
339 7970 6968 
340 8565 7568 
341 5021 4025 
342 10574 9578 
343 8107 7102 
344 1003 4 
345 8136 7128 
346 10834 9839 
347 8482 7480 
348 10063 9066 
349 6920 5921 
350 5921 4923 
351 4150 3148 
352 1274 284 
353 7399 6408 
354 6257 5248 
355 10721 9724 
356 1413 417 
357 3089 2091 
358 8647 7639 
359 6560 5555 
360 2065 1062 
361 10629 9634 
362 4735 3733 
363 7573 6581 
364 10740 9750 
365 10091 9086 
366 6374 5367 
367 6163 5153 
368 8459 7460 
369 3627 2619 
370 4773 3767 
371 3542 2544 
372 8974 7966 
373 9615 8624 
374 4021 3030 
375 6550 5556 
376 6906 5913 
377 4997 3995 
378 5385 4386 
379 10029 9036 
380 4175 3177 
381 3435 2439 
382 2673 1663 
383 6574 5580 
384 1083 87 
385 8653 7655 
386 8742 7743 
387 3792 2791 
388 7581 6586 
389 4137 3146 
390 9827 8828 
391 2991 1991 
392 2040 1041 
393 4521 3527 
394 7736 6746 
395 4870 3872 
396 4598 3605 
397 5628 4624 
398 7177 6168 
399 2025 1026 
400 4419 3417 
401 4366 3360 
402 9436 8445 
403 9735 8726 
404 1755 747 
405 1363 366 
406 7268 6268 
407 4128 3134 
408 3760 2770 
409 4246 3242 
410 9434 8434 
411 10361 9367 
412 9406 8415 
413 7208 6205 
414 6517 5525 
415 4999 4007 
416 6066 5070 
417 9525 8523 
418 8137 7140 
419 10578 9568 
420 4678 3684 
421 1109 113 
422 4363 3355 
423 9892 8893 
424 8078 7072 
425 1223 216 
426 6079 5069 
427 9394 8402 
428 6955 5964 
429 3984 2994 
430 6201 5210 
431 1736 735 
432 5048 4058 
433 9511 8506 
434 5996 5001 
435 6321 5323 
436 4238 3241 
437 6793 5798 
438 10906 9916 
439 8154 7162 
440 6334 5343 
441 9823 8822 
442 3022 2032 
443 3865 2872 
444 3908 2910 
445 3331 2339 
446 5149 4140 
447 3386 2381 
448 1591 593 
449 1654 659 
450 3106 2111 
451 10264 9257 
452 7343 6333 
453 6000 4993 
454 3688 2691 
455 3680 2678 
456 9108 8098 
457 8248 7239 
458 8192 7182 
459 7920 6923 
460 3280 2282 
461 9920 8917 
462 5815 4814 
463 6164 5173 
464 10061 9062 
465 7381 6376 
466 7724 6714 
467 9386 8382 
468 4993 3990 
469 5896 4886 
470 8817 7813 
471 6766 5768 
472 9164 8159 
473 9704 8702 
474 3836 2844 
475 2001 1008 
476 1068 67 
477 4490 3483 
478 3714 2708 
479 3347 2349 
480 5229 4239 
481 3589 2591 
482 5392 4383 
483 5708 4703 
484 3431 2438 
485 8150 7145 
486 2553 1557 
487 8352 7362 
488 1802 808 
489 5985 4977 
490 10575 9565 
491 6851 5851 
492 5301 4303 
493 3898 2889 
494 8428 7427 
495 2287 1287 
496 9073 8078 
497 6324 5323 
498 3840 2833 
499 10046 9056 
500 6596 5586 
501 6778 5775 
502 1255 248 
503 8418 7417 
504 9168 8163 
505 5690 4691 
506 4733 3733 
507 7149 6143 
508 3822 2817 
509 9604 8595 
510 3296 2287 
511 2434 1432 
512 8988 7992 
513 6488 5488 
514 5088 4084 
515 1313 309 
516 9022 8014 
517 6325 5322 
518 9429 8433 
519 4255 3265 
520 8677 7682 
521 7473 6473 
522 5262 4265 
523 7052 6048 
524 5289 4284 
525 4612 3613 
526 10301 9306 
527 10402 9411 
528 6580 5586 
529 6820 5827 
530 1246 253 
531 5318 4321 
532 10487 9486 
533 1317 320 
534 5457 4453 
535 10607 9597 
536 3056 2058 
537 8899 7893 
538 8616 7612 
539 7325 6324 
540 8939 7942 
541 9072 8075 
542 1740 746 
543 3116 2109 
544 2463 1454 
545 10960 9958 
546 2407 1408 
547 2906 1913 
548 8267 7270 
549 7829 6836 
550 7988 6982 
551 4796 3794 
552 2622 1615 
553 7503 6509 
554 5683 4675 
555 9516 8525 
556 4908 3905 
557 7753 6754 
558 5291 4291 
559 7930 6938 
560 8744 7745 
561 1919 927 
562 9814 8815 
563 1362 368 
564 6264 5258 
565 8008 7018 
566 7135 6139 
567 7537 6531 
568 9905 8901 
569 1354 355 
570 4205 3201 
571 10210 9200 
572 3141 2147 
573 4451 3444 
574 7529 6536 
575 4703 3709 
576 6835 5839 
577 7343 6337 
578 1136 129 
579 3874 2875 
580 6604 5614 
581 6879 5878 
582 7619 6629 
583 9676 8677 
584 6788 5792 
585 1539 541 
586 2270 1274 
587 5695 4688 
588 6716 5726 
589 5605 4599 
590 3011 2013 
591 9299 8299 
592 4670 3675 
593 5741 4736 
594 1218 215 
595 7098 6094 
596 2681 1685 
597 4769 3773 
598 10935 9930 
599 1640 636 
600 4739 3732 
601 2415 1406 
602 9061 8051 
603 6897 5906 
604 3681 2679 
605 5288 4286 
606 7862 6871 
607 7030 6024 
608 6370 5371 
609 9713 8720 
610 6555 5559 
611 4894 3900 
612 10788 9797 
613 8345 7345 
614 9503 8510 
615 8173 7164 
616 9254 8244 
617 2025 1019 
618 6587 5583 
619 7564 6570 
620 1264 274 
621 8584 7581 
622 3563 2553 
623 5096 4103 
624 5140 4130 
625 3812 2805 
626 1668 661 
627 5673 4666 
628 6136 5137 
629 4584 3592 
630 6438 5428 
631 7517 6520 
632 9464 8470 
633 2128 1126 
634 7141 6131 
635 5917 4924 
636 5411 4403 
637 8059 7049 
638 7971 6968 
639 9439 8429 
640 9518 8515 
641 7260 6260 
642 9135 8131 
643 1134 124 
644 9153 8156 
645 8800 7797 
646 4284 3280 
647 6782 5781 
648 10086 9084 
649 7374 6372 
650 8723 7730 
651 7200 6203 
652 5865 4862 
653 1362 356 
654 4769 3767 
655 4883 3885 
656 1011 4 
657 4415 3407 
658 1665 664 
659 1591 598 
660 7137 6139 
661 2880 1884 
662 7757 6759 
663 9857 8854 
664 10129 9132 
665 9507 8506 
666 3668 2672 
667 8796 7787 
668 2302 1303 
669 3868 2868 
670 4706 3706 
671 8220 7213 
672 6784 5783 
673 7187 6188 
674 6869 5877 
675 4574 3579 
676 2624 1634 
677 9410 8401 
678 1787 780 
679 7055 6064 
680 6003 5000 
681 7322 6331 
682 6872 5874 
683 2317 1314 
684 9721 8721 
685 9671 8667 
686 1476 470 
687 7134 6127 
688 3837 2833 
689 6127 5134 
690 7678 6688 
691 2373 1375 
692 6918 5926 
693 8632 7624 
694 5119 4115 
695 6485 5495 
696 8613 7605 
697 8693 7691 
698 4575 3579 
699 10369 9362 
700 1780 786 
701 2835 1839 
702 7696 6686 
703 5623 4631 
704 6493 5494 
705 2532 1529 
706 10833 9837 
707 7696 6696 
708 10499 9497 
709 2359 1366 
710 1491 481 
711 7843 6846 
712 5662 4663 
713 9277 8270 
714 5651 4656 
715 1991 992 
716 10174 9180 
717 9192 8195 
718 1891 887 
719 2881 1882 
720 7083 6075 
721 1948 945 
722 10257 9247 
723 3721 2712 
724 7583 6591 
725 6191 5182 
726 1529 537 
727 1688 698 
728 2630 1634 
729 9767 8776 
730 3105 2100 
731 1793 783 
732 6255 5253 
733 6364 5371 
734 10134 9124 
735 6360 5356 
736 10762 9762 
737 10599 9595 
738 3010 2010 
739 3944 2947 
740 7763 6766 
741 1114 115 
742 2207 1216 
743 3050 2047 
744 10647 9642 
745 8063 7054 
746 10143 9147 
747 2435 1444 
748 9619 8623 
749 2481 1484 
750 6772 5769 
751 5863 4865 
752 2888 1887 
753 4955 3945 
754 3731 2722 
755 4752 3759 
756 6010 5001 
757 4668 3659 
758 2623 1625 
759 7553 6544 
760 9426 8419 
761 5122 4115 
762 9164 8170 
763 6208 5203 
764 7345 6335 
765 3270 2280 
766 1724 731 
767 4701 3708 
768 3070 2072 
769 3346 2337 
770 4397 3405 
771 4941 3934 
772 10883 9876 
773 6794 5785 
774 4455 3449 
775 7540 6546 
776 8995 7985 
777 3269 2266 
778 10712 9716 
779 10845 9839 
780 8907 7897 
781 4084 3077 
782 3211 2205 
783 6957 5954 
784 4426 3424 
785 4244 3254 
786 10757 9756 
787 8825 7828 
788 1183 178 
789 8844 7842 
790 10678 9683 
791 7086 6089 
792 9186 8184 
793 4648 3641 
794 7088 6094 
795 2606 1613 
796 6587 5585 
797 7606 6614 
798 9666 8676 
799 1984 982 
800 5163 4154 
801 3199 2204 
802 4946 3941 
803 8385 7383 
804 10573 9577 
805 8335 7336 
806 6282 5291 
807 6804 5801 
808 6059 5067 
809 7222 6227 
810 2461 1451 
811 1943 945 
812 6095 5099 
813 2927 1919 
814 10978 9971 
815 1508 510 
816 8900 7900 
817 4358 3367 
818 1181 187 
819 2331 1321 
820 8155 7147 
821 2114 1121 
822 9764 8774 
823 1269 261 
824 5183 4192 
825 10366 9357 
826 4823 3824 
827 7065 6062 
828 8833 7835 
829 1976 980 
830 10452 9454 
831 1053 44 
832 4625 3624 
833 1661 667 
834 4147 3139 
835 8821 7822 
836 10351 9357 
837 8165 7167 
838 9491 8487 
839 1839 833 
840 4597 3593 
841 8649 7641 
842 2663 1663 
843 4735 3737 
844 5455 4453 
845 5674 4665 
846 6264 5274 
847 3940 2948 
848 1705 708 
849 7446 6445 
850 1908 912 
851 4440 3436 
852 7271 6275 
853 4791 3800 
854 2630 1635 
855 2888 1890 
856 5484 4491 
857 8074 7068 
858 2517 1519 
859 1952 949 
860 6473 5468 
861 9081 8083 
862 8207 7211 
863 9000 7995 
864 9072 8082 
865 2318 1311 
866 5543 4550 
867 10106 9109 
868 5643 4642 
869 10415 9407 
870 6305 5309 
871 6085 5084 
872 7273 6266 
873 5141 4139 
874 5792 4785 
875 6274 5272 
876 10618 9622 
877 1848 852 
878 6416 5411 
879 5929 4933 
880 9547 8551 
881 10840 9847 
882 1307 298 
883 8860 7869 
884 3459 2460 
885 3312 2313 
886 8496 7497 
887 9087 8083 
888 10162 9162 
889 4505 3513 
890 10134 9132 
891 1764 772 
892 5557 4549 
893 7686 6690 
894 3836 2840 
895 8196 7189 
896 4636 3639 
897 3890 2888 
898 4804 3808 
899 8874 7865 
900 4978 3973 
901 2004 1000 
902 4668 3660 
903 3160 2170 
904 1328 319 
905 10516 9514 
906 1887 881 
907 6479 5469 
908 2705 1711 
909 4432 3440 
910 6143 5150 
911 5484 4481 
912 7208 6198 
913 10311 9302 
914 9912 8922 
915 1692 701 
916 10949 9939 
917 3059 2049 
918 9943 8937 
919 8964 7958 
920 5835 4829 
921 4561 3570 
922 7667 6662 
923 7897 6888 
924 10966 9974 
925 6931 5938 
926 1489 488 
927 1676 666 
928 6435 5432 
929 10769 9765 
930 10341 9342 
931 7902 6893 
932 8335 7337 
933 5514 4521 
934 8552 7557 
935 8258 7259 
936 2059 1064 
937 7331 6326 
938 10544 9534 
939 2042 1049 
940 4445 3455 
941 6815 5805 
942 7858 6858 
943 1562 567 
944 7036 6033 
945 7501 6506 
946 5856 4864 
947 4922 3916 
948 6192 5194 
949 4949 3939 
950 3463 2467 
951 10427 9420 
952 7434 6436 
953 5745 4744 
954 8224 7214 
955 7847 6852 
956 8066 7070 
957 1415 419 
958 3115 2121 
959 6792 5802 
960 5323 4324 
961 9565 8567 
962 6908 5907 
963 2365 1375 
964 1934 924 
965 7492 6499 
966 5057 4055 
967 9409 8414 
968 1124 132 
969 5008 4014 
970 1193 185 
971 4900 3900 
972 10051 9047 
973 6049 5049 
974 7016 6008 
975 10462 9464 
976 3988 2983 
977 2275 1282 
978 1858 859 
979 3414 2409 
980 9050 8049 
981 5501 4509 
982 8197 7206 
983 8917 7909 
984 1885 878 
985 8017 7019 
986 1968 964 
987 3895 2886 
988 2281 1278 
989 4472 3476 
990 9562 8555 
991 4455 3460 
992 2010 1004 
993 3213 2206 
994 5423 4413 
995 10522 9520 
996 5566 4575 
997 8590 7589 
998 4791 3795 
999 3619 2628 
1000 9967 8964 
1001 7044 6035 
1002 3429 2434 
1003 10538 9541 
1004 4797 3799 
1005 2649 1639 
1006 6821 5831 
1007 4875 3875 
1008 3245 2249 
1009 1181 191 
1010 8777 7772 
1011 2097 1093 
1012 10087 9096 
1013 7047 6048 
1014 10058 9059 
1015 9642 8640 
1016 9712 8716 
1017 6509 5514 
1018 9143 8151 
1019 2141 1151 
1020 9861 8869 
1021 8899 7894 
1022 10498 9504 
1023 3519 2521 
1024 1042 48 
1025 4890 3881 
1026 10034 9037 
1027 7946 6943 
1028 5719 4721 
1029 2769 1776 
1030 2523 1513 
1031 8100 7100 
1032 6230 5224 
1033 5396 4388 
1034 4611 3608 
1035 3862 2853 
1036 8547 7550 
1037 7420 6421 
1038 1055 56 
1039 3046 2041 
1040 3398 2406 
1041 3275 2272 
1042 3624 2627 
1043 1089 80 
1044 8208 7214 
1045 8674 7675 
1046 4106 3097 
1047 8053 7053 
1048 8875 7869 
1049 5057 4053 
1050 2223 1224 
1051 10340 9342 
1052 9448 8452 
1053 5528 4537 
1054 1065 69 
1055 7271 6264 
1056 1297 303 
1057 2989 1993 
1058 4468 3474 
1059 1081 77 
1060 4651 3651 
1061 7487 6484 
1062 2110 1112 
1063 9851 8855 
1064 7352 6351 
1065 2288 1282 
1066 5549 4539 
1067 2894 1884 
1068 6351 5341 
1069 3074 2084 
1070 8624 7627 
1071 8748 7754 
1072 2319 1311 
1073 5880 4887 
1074 2208 1199 
1075 5546 4553 
1076 7121 6116 
1077 5492 4495 
1078 5027 4025 
1079 7660 6654 
1080 10856 9858 
1081 8759 7758 
1082 1594 598 
1083 6078 5076 
1084 8977 7979 
1085 9498 8508 
1086 1734 733 
1087 1606 610 
1088 1779 778 
1089 9672 8669 
1090 7231 6221 
1091 8784 7786 
1092 4337 3333 
1093 6487 5488 
1094 7250 6241 
1095 1677 677 
1096 10565 9562 
1097 4606 3597 
1098 2654 1661 
1099 10989 9993 
1100 10820 9811 
1101 1114 116 
1102 7316 6319 
1103 6878 5877 
1104 9320 8324 
1105 2419 1409 
1106 4287 3281 
1107 3724 2721 
1108 9152 8153 
1109 9739 8732 
1110 2322 1331 
1111 10385 9393 
1112 1726 731 
1113 9437 8435 
1114 2321 1331 
1115 7134 6128 
1116 7314 6313 
1117 1550 560 
1118 1259 262 
1119 2384 1383 
1120 8438 7441 
1121 7513 6503 
1122 1424 414 
1123 4886 3893 
1124 5739 4742 
1125 4565 3557 
1126 2645 1651 
1127 8004 7013 
1128 8230 7224 
1129 2913 1908 
1130 9255 8252 
1131 9786 8781 
1132 5643 4641 
1133 6024 5028 
1134 10283 9285 
1135 3292 2299 
1136 3031 2036 
1137 6126 5121 
1138 2684 1688 
1139 8380 7384 
1140 3690 2686 
1141 8049 7057 
1142 3521 2518 
1143 5397 4390 
1144 2013 1015 
1145 7283 6292 
1146 10765 9756 
1147 10822 9827 
1148 4016 3007 
1149 7846 6836 
1150 8521 7521 
1151 10773 9782 
1152 7337 6339 
1153 10843 9844 
1154 2885 1876 
1155 1625 623 
1156 5328 4327 
1157 7591 6595 
1158 1185 191 
1159 6376 5384 
1160 9679 8683 
1161 9527 8536 
1162 9370 8360 
1163 2113 1112 
1164 9783 8775 
1165 7784 6788 
1166 4192 3197 
1167 2277 1276 
1168 7082 6080 
1169 7023 6021 
1170 6697 5701 
1171 2243 1245 
1172 7308 6307 
1173 3609 2607 
1174 10949 9955 
1175 5727 4735 
1176 7574 6583 
1177 10851 9858 
1178 3930 2932 
1179 4220 3229 
1180 9854 8861 
1181 1340 345 
1182 6258 5261 
1183 10714 9712 
1184 3232 2225 
1185 8831 7831 
1186 9088 8080 
1187 3006 2007 
1188 8056 7047 
1189 3694 2697 
1190 4292 3285 
1191 8763 7758 
1192 2101 1104 
1193 6696 5688 
1194 3577 2579 
1195 9565 8569 
1196 1751 741 
1197 5990 4982 
1198 1266 262 
1199 9155 8151 
1200 9674 8680 
1201 5782 4782 
1202 7366 6360 
1203 7652 6657 
1204 10375 9383 
1205 8791 7781 
1206 7053 6058 
1207 10793 9785 
1208 1420 426 
1209 4155 3165 
1210 8088 7097 
1211 8986 7982 
1212 3119 2114 
1213 7988 6991 
1214 4746 3755 
1215 5134 4132 
1216 4500 3498 
1217 9440 8446 
1218 10777 9777 
1219 6497 5502 
1220 4718 3719 
1221 7834 6824 
1222 4279 3269 
1223 10186 9190 
1224 3192 2186 
1225 2694 1685 
1226 1135 139 
1227 7301 6304 
1228 7587 6586 
1229 5952 4952 
1230 2841 1841 
1231 2227 1229 
1232 3163 2171 
1233 4152 3147 
1234 1903 912 
1235 6463 5459 
1236 10861 9867 
1237 2725 1733 
1238 4723 3722 
1239 9385 8391 
1240 10945 9938 
1241 10256 9253 
1242 1707 700 
1243 10612 9621 
1244 1833 831 
1245 1760 757 
1246 3764 2763 
1247 10613 9619 
1248 10002 9007 
1249 1663 665 
1250 5491 4488 
1251 5517 4516 
1252 5945 4935 
1253 1036 31 
1254 5874 4878 
1255 10275 9265 
1256 1114 118 
1257 7339 6335 
1258 7502 6512 
1259 4266 3263 
1260 10551 9542 
1261 7490 6490 
1262 1390 397 
1263 7322 6317 
1264 6192 5194 
1265 10707 9709 
1266 6338 5342 
1267 1542 548 
1268 3613 2607 
1269 5050 4044 
1270 8801 7796 
1271 10377 9367 
1272 6918 5916 
1273 4763 3769 
1274 10274 9276 
1275 7017 6018 
1276 8260 7268 
1277 10667 9676 
1278 5285 4284 
1279 3783 2781 
1280 5816 4816 
1281 6748 5753 
1282 10143 9141 
1283 2855 1848 
1284 9467 8471 
1285 3318 2319 
1286 3113 2112 
1287 8963 7966 
1288 4522 3527 
1289 8214 7222 
1290 5619 4627 
1291 1609 612 
1292 2675 1675 
1293 7267 6270 
1294 5131 4123 
1295 6831 5832 
1296 2325 1333 
1297 5829 4835 
1298 7041 6049 
1299 7596 6596 
1300 8682 7682 
1301 7753 6749 
1302 5754 4759 
1303 2939 1946 
1304 8087 7083 
1305 7640 6649 
1306 10358 9354 
1307 6799 5799 
1308 2129 1136 
1309 1124 131 
1310 3706 2703 
1311 1292 290 
1312 10186 9180 
1313 2229 1230 
1314 3550 2551 
1315 4099 3099 
1316 4133 3142 
1317 4683 3688 
1318 7957 6957 
1319 1705 702 
1320 7908 6907 
1321 3316 2313 
1322 4343 3348 
1323 2095 1087 
1324 6363 5367 
1325 8535 7537 
1326 8885 7883 
1327 3456 2462 
1328 8731 7723 
1329 6570 5566 
1330 10742 9738 
1331 6339 5330 
1332 6179 5189 
1333 2718 1718 
1334 9598 8596 
1335 2731 1727 
1336 7455 6445 
1337 4900 3895 
1338 6167 5157 
1339 5965 4962 
1340 7746 6739 
1341 5651 4652 
1342 5764 4771 
1343 5287 4289 
1344 9439 8436 
1345 4986 3992 
1346 8179 7183 
1347 6584 5581 
1348 3621 2628 
1349 3465 2457 
1350 10018 9011 
1351 6185 5185 
1352 1633 627 
1353 9062 8072 
1354 7863 6866 
1355 3903 2898 
1356 8620 7610 
1357 8086 7078 
1358 1614 604 
1359 2029 1038 
1360 7339 6332 
1361 7023 6014 
1362 6033 5033 
1363 6251 5247 
1364 2746 1751 
1365 9962 8967 
1366 5186 4187 
1367 3947 2951 
1368 4045 3042 
1369 1122 129 
1370 8977 7982 
1371 1763 771 
1372 9061 8063 
1373 1742 740 
1374 9870 8874 
1375 9836 8842 
1376 9271 8264 
1377 10759 9750 
1378 5390 4397 
1379 7255 6253 
1380 1213 210 
1381 8202 7203 
1382 6088 5090 
1383 1974 982 
1384 10005 9007 
1385 8547 7540 
1386 9660 8654 
1387 3641 2650 
1388 7144 6149 
1389 8549 7547 
1390 6346 5343 
1391 3136 2137 
1392 9990 8986 
1393 6837 5843 
1394 1544 542 
1395 1599 602 
1396 4489 3481 
1397 7809 6818 
1398 9650 8651 
1399 10917 9922 
1400 3834 2844 
1401 6847 5847 
1402 4780 3781 
1403 7557 6555 
1404 6836 5842 
1405 8782 7790 
1406 5120 4129 
1407 6410 5406 
1408 4289 3287 
1409 10742 9737 
1410 7145 6144 
1411 10763 9756 
1412 1772 768 
1413 1557 550 
1414 6277 5275 
1415 7327 6334 
1416 9504 8494 
1417 6682 5677 
1418 3675 2680 
1419 5737 4730 
1420 5648 4648 
1421 10094 9089 
1422 4909 3908 
1423 10419 9423 
1424 4167 3171 
1425 7132 6140 
1426 10238 9240 
1427 3941 2949 
1428 5323 4315 
1429 9362 8372 
1430 4740 3733 
1431 2110 1103 
1432 10619 9609 
1433 4692 3690 
1434 5355 4362 
1435 6524 5530 
1436 3721 2716 
1437 4146 3144 
1438 10590 9595 
1439 1980 973 
1440 3856 2866 
1441 7559 6560 
1442 3981 2985 
1443 1868 873 
1444 8339 7342 
1445 3934 2929 
1446 9797 8798 
1447 7835 6825 
1448 10449 9456 
1449 2165 1155 
1450 9248 8239 
1451 7999 6992 
1452 9771 8770 
1453 3542 2551 
1454 9737 8746 
1455 7017 6015 
1456 9891 8887 
1457 5318 4313 
1458 2064 1063 
1459 3767 2765 
1460 10847 9852 
1461 3569 2560 
1462 9148 8153 
1463 4178 3183 
1464 7655 6665 
1465 4747 3738 
1466 5090 4092 
1467 1258 256 
1468 2180 1182 
1469 2777 1778 
1470 10784 9782 
1471 5542 4551 
1472 6216 5224 
1473 3741 2732 
1474 4950 3959 
1475 8084 7093 
1476 9594 8603 
1477 1894 901 
1478 7507 6506 
1479 2311 1318 
1480 2597 1591 
1481 1692 693 
1482 3995 2996 
1483 5675 4669 
1484 5113 4116 
1485 8387 7390 
1486 1337 338 
1487 9121 8122 
1488 4584 3576 
1489 7254 6252 
1490 6473 5469 
1491 5705 4709 
1492 6752 5757 
1493 7090 6084 
1494 5513 4518 
1495 7176 6177 
1496 4235 3245 
1497 7195 6199 
1498 6624 5627 
1499 1047 44 
1500 5212 4216 
1501 10603 9598 
1502 9385 8386 
1503 7192 6187 
1504 3358 2362 
1505 4758 3757 
1506 3774 2779 
1507 1191 192 
1508 8249 7240 
1509 3728 2737 
1510 9580 8576 
1511 9796 8805 
1512 8533 7537 
1513 5565 4564 
1514 5222 4230 
1515 10652 9648 
1516 6072 5070 
1517 3244 2246 
1518 6380 5371 
1519 6125 5119 
1520 9900 8899 
1521 1339 339 
1522 6857 5847 
1523 2064 1067 
1524 6175 5182 
1525 8242 7233 
1526 9912 8909 
1527 10308 9318 
1528 9085 8085 
1529 1419 416 
1530 8493 7497 
1531 1352 350 
1532 5109 4106 
1533 3236 2234 
1534 2982 1985 
1535 1689 682 
1536 1480 472 
1537 9479 8482 
1538 6879 5877 
1539 1623 617 
1540 2020 1012 
1541 5920 4918 
1542 4259 3264 
1543 6218 5224 
1544 3819 2814 
1545 10103 9103 
1546 2824 1815 
1547 1789 794 
1548 7317 6319 
1549 5661 4670 
1550 1560 550 
1551 7763 6767 
1552 3082 2091 
1553 8780 7790 
1554 1263 264 
1555 7945 6943 
1556 6350 5342 
1557 2412 1414 
1558 7911 6910 
1559 8849 7854 
1560 2239 1232 
1561 1197 198 
1562 7245 6244 
1563 3143 2136 
1564 6849 5843 
1565 4815 3814 
1566 2932 1936 
1567 4019 3027 
1568 10504 9505 
1569 2306 1308 
1570 7779 6772 
1571 10963 9953 
1572 8543 7552 
1573 7840 6836 
1574 6625 5625 
1575 3134 2125 
1576 2264 1263 
1577 3161 2151 
1578 2285 1284 
1579 6051 5051 
1580 10887 9880 
1581 8998 7991 
1582 10896 9891 
1583 9761 8762 
1584 10965 9966 
1585 10433 9438 
1586 8692 7694 
1587 4780 3779 
1588 8700 7710 
1589 7793 6788 
1590 2359 1368 
1591 8247 7240 
1592 8587 7583 
1593 1997 1000 
1594 5901 4892 
1595 3959 2952 
1596 4181 3188 
1597 3060 2051 
1598 1853 850 
1599 7650 6647 
1600 4535 3526 
1601 10776 9770 
1602 1534 537 
1603 8129 7128 
1604 4591 3596 
1605 5528 4522 
1606 1805 796 
1607 6318 5317 
1608 1451 452 
1609 10275 9276 
1610 4235 3232 
1611 9635 8642 
1612 7688 6681 
1613 1164 160 
1614 2178 1169 
1615 10079 9071 
1616 7693 6685 
1617 7951 6947 
1618 1594 586 
1619 10052 9061 
1620 10110 9117 
1621 6280 5275 
1622 1245 251 
1623 9117 8117 
1624 6115 5106 
1625 6325 5319 
1626 6980 5970 
1627 3712 2718 
1628 2179 1180 
1629 5371 4369 
1630 1783 773 
1631 1654 662 
1632 2166 1158 
1633 6874 5869 
1634 2756 1748 
1635 7341 6349 
1636 4370 3367 
1637 9131 8121 
1638 3654 2649 
1639 3652 2655 
1640 9949 8941 
1641 1084 93 
1642 7312 6313 
1643 10995 10000 
1644 10876 9873 
1645 5334 4330 
1646 10637 9633 
1647 4414 3423 
1648 9637 8647 
1649 4187 3181 
1650 6637 5627 
1651 1722 725 
1652 7481 6476 
1653 1012 10 
1654 3584 2585 
1655 4151 3141 
1656 1193 200 
1657 8102 7106 
1658 4685 3686 
1659 8578 7579 
1660 1388 380 
1661 1227 223 
1662 8011 7018 
1663 3648 2655 
1664 7943 6947 
1665 7419 6421 
1666 4477 3476 
1667 5184 4193 
1668 2532 1522 
1669 7493 6497 
1670 9905 8895 
1671 4568 3564 
1672 3567 2569 
1673 10020 9019 
1674 10405 9407 
1675 7439 6436 
1676 10187 9185 
1677 4042 3045 
1678 8211 7219 
1679 6350 5354 
1680 7775 6781 
1681 1780 779 
1682 2784 1778 
1683 6980 5988 
1684 4362 3355 
1685 1887 882 
1686 1839 832 
1687 6673 5671 
1688 6863 5858 
1689 9992 8987 
1690 4236 3240 
1691 9311 8319 
1692 1267 259 
1693 2751 1758 
1694 4594 3584 
1695 8772 7763 
1696 1802 794 
1697 8015 7025 
1698 2665 1658 
1699 1314 307 
1700 3420 2412 
1701 10239 9233 
1702 1754 751 
1703 5060 4059 
1704 7240 6248 
1705 8053 7061 
1706 3810 2803 
1707 2601 1600 
1708 3412 2408 
1709 8944 7936 
1710 3559 2550 
1711 2625 1631 
1712 7902 6911 
1713 4405 3405 
1714 2911 1919 
1715 1277 274 
1716 3879 2873 
1717 7511 6514 
1718 10602 9600 
1719 8476 7484 
1720 5374 4384 
1721 9485 8495 
1722 6767 5767 
1723 7986 6986 
1724 10851 9859 
1725 3535 2542 
1726 5206 4216 
1727 7919 6913 
1728 9438 8446 
1729 8899 7890 
1730 9608 8613 
1731 10025 9028 
1732 1272 262 
1733 2315 1306 
1734 8039 7032 
1735 8267 7277 
1736 8609 7612 
1737 9052 8045 
1738 5880 4885 
1739 1329 321 
1740 2574 1575 
1741 4981 3980 
1742 6635 5627 
1743 8769 7775 
1744 2167 1164 
1745 6201 5205 
1746 1946 945 
1747 9816 8814 
1748 10750 9751 
1749 7230 6220 
1750 9897 8907 
1751 3925 2932 
1752 7438 6433 
1753 4475 3473 
1754 4131 3123 
1755 5431 4427 
1756 9409 8409 
1757 2796 1806 
1758 2539 1538 
1759 1435 443 
1760 1042 45 
1761 5225 4216 
1762 6581 5590 
1763 8318 7316 
1764 9497 8496 
1765 9663 8667 
1766 7585 6587 
1767 9426 8434 
1768 6098 5091 
1769 2279 1280 
1770 3431 2437 
1771 9849 8842 
1772 6319 5326 
1773 6477 5481 
1774 1594 593 
1775 3607 2601 
1776 2934 1925 
1777 4870 3873 
1778 4702 3705 
1779 10164 9162 
1780 5083 4085 
1781 6567 5565 
1782 5692 4702 
1783 2179 1182 
1784 4659 3669 
1785 10175 9183 
1786 10122 9118 
1787 5143 4146 
1788 5158 4168 
1789 3302 2303 
1790 2703 1693 
1791 9158 8158 
1792 8853 7847 
1793 1187 194 
1794 5461 4461 
1795 1082 83 
1796 4494 3497 
1797 2085 1093 
1798 5215 4216 
1799 7237 6234 
1800 7095 6093 
1801 4256 3265 
1802 1912 914 
1803 10601 9593 
1804 5200 4204 
1805 7750 6742 
1806 8647 7657 
1807 1977 974 
1808 2407 1417 
1809 3883 2881 
1810 6864 5863 
1811 5611 4611 
1812 3513 2514 
1813 2093 1096 
1814 4961 3964 
1815 9563 8554 
1816 8871 7870 
1817 8427 7418 
1818 9014 8006 
1819 6320 5313 
1820 2452 1454 
1821 10073 9073 
1822 3601 2602 
1823 2138 1133 
1824 5856 4846 
1825 3970 2977 
1826 6735 5737 
1827 6350 5359 
1828 4053 3058 
1829 5193 4184 
1830 4031 3038 
1831 8889 7892 
1832 3449 2443 
1833 8588 7582 
1834 9454 8461 
1835 8831 7838 
1836 3136 2146 
1837 9939 8932 
1838 8691 7683 
1839 2122 1118 
1840 4017 3017 
1841 3720 2726 
1842 4663 3658 
1843 10483 9483 
1844 10224 9231 
1845 1434 427 
1846 10737 9747 
1847 10878 9882 
1848 3696 2698 
1849 8208 7201 
1850 4898 3899 
1851 5783 4790 
1852 7717 6716 
1853 3762 2771 
1854 4122 3128 
1855 8231 7238 
1856 9763 8768 
1857 3152 2149 
1858 2155 1147 
1859 4212 3211 
1860 10255 9259 
1861 6799 5795 
1862 2430 1422 
1863 9729 8720 
1864 5853 4845 
1865 7656 6663 
1866 7122 6117 
1867 5630 4634 
1868 1760 767 
1869 9935 8930 
1870 10585 9582 
1871 9253 8248 
1872 4470 3477 
1873 4088 3088 
1874 9361 8354 
1875 8084 7074 
1876 10918 9915 
1877 8837 7846 
1878 9096 8100 
1879 2717 1724 
1880 3742 2746 
1881 9420 8421 
1882 7495 6494 
1883 2975 1969 
1884 4754 3745 
1885 7610 6614 
1886 6858 5865 
1887 1172 169 
1888 10822 9821 
1889 3816 2813 
1890 1761 771 
1891 10213 9205 
1892 10554 9555 
1893 4514 3511 
1894 6280 5288 
1895 5391 4384 
1896 4795 3795 
1897 3570 2574 
1898 1946 955 
1899 1710 701 
1900 2868 1861 
1901 9025 8017 
1902 1385 379 
1903 7404 6413 
1904 8006 7004 
1905 1485 494 
1906 4366 3361 
1907 3169 2168 
1908 1924 919 
1909 5481 4475 
1910 6888 5886 
1911 10203 9200 
1912 10844 9837 
1913 9956 8950 
1914 3298 2303 
1915 9975 8979 
1916 2573 1566 
1917 8877 7881 
1918 3713 2714 
1919 2402 1400 
1920 7527 6518 
1921 10589 9593 
1922 8442 7440 
1923 9667 8670 
1924 4361 3371 
1925 7546 6548 
1926 7864 6859 
1927 3303 2306 
1928 4168 3164 
1929 4296 3297 
1930 1817 815 
1931 3155 2151 
1932 3564 2561 
1933 10843 9841 
1934 3534 2538 
1935 3181 2189 
1936 9368 8367 
1937 9650 8657 
1938 9607 8613 
1939 2758 1756 
1940 5090 4083 
1941 2102 1095 
1942 2290 1282 
1943 2040 1032 
1944 6784 5780 
1945 2854 1859 
1946 6851 5854 
1947 1998 988 
1948 6119 5123 
1949 7676 6685 
1950 3211 2206 
1951 4726 3728 
1952 2588 1595 
1953 6189 5195 
1954 5753 4755 
1955 7589 6582 
1956 8723 7715 
1957 5113 4105 
1958 7096 6088 
1959 7698 6694 
1960 9341 8344 
1961 7296 6288 
1962 7552 6560 
1963 7185 6183 
1964 9722 8726 
1965 4623 3633 
1966 4149 3146 
1967 4749 3751 
1968 7085 6094 
1969 6267 5257 
1970 10527 9519 
1971 7668 6671 
1972 6031 5038 
1973 10193 9197 
1974 10778 9776 
1975 1905 897 
1976 4207 3198 
1977 6313 5309 
1978 1036 42 
1979 10990 9995 
1980 5994 4991 
1981 3003 2002 
1982 6020 5011 
1983 1459 468 
1984 7952 6956 
1985 8984 7985 
1986 7018 6011 
1987 10991 9996 
1988 5660 4650 
1989 3736 2743 
1990 1293 286 
1991 8191 7181 
1992 9958 8953 
1993 3000 1996 
1994 5989 4991 
1995 8700 7694 
1996 10227 9218 
1997 10408 9410 
1998 5005 4012 
1999 2797 1804 
2000 1099 104 
