npieces: 2000
capacity: 9675496644
1 5726253 6726253 
2 4650846 5650846 
3 5202734 6202734 
4 494530 1494530 
5 2215416 3215416 
6 9532760 10532760 
7 9258549 10258549 
8 4475112 5475112 
9 5365322 6365322 
10 44769 1044769 
11 1244859 2244859 
12 6439933 7439933 
13 601987 1601987 
14 5451985 6451985 
15 1451525 2451525 
16 3877935 4877935 
17 8746723 9746723 
18 2041278 3041278 
19 9425548 10425548 
20 4781670 5781670 
21 7293465 8293465 
22 5403967 6403967 
23 4017173 5017173 
24 1401559 2401559 
25 6629482 7629482 
26 6319947 7319947 
27 2095598 3095598 
28 4187318 5187318 
29 3411706 4411706 
30 4997311 5997311 
31 8012358 9012358 
32 847240 1847240 
33 3007803 4007803 
34 7111934 8111934 
35 2792746 3792746 
36 4070678 5070678 
37 3116271 4116271 
38 7662130 8662130 
39 4403480 5403480 
40 6642813 7642813 
41 3017563 4017563 
42 9858993 10858993 
43 8375105 9375105 
44 3442019 4442019 
45 6003338 7003338 
46 1813628 2813628 
47 1365600 2365600 
48 627268 1627268 
49 946362 1946362 
50 5986401 6986401 
51 9201586 10201586 
52 6879722 7879722 
53 1773544 2773544 
54 7932864 8932864 
55 1342865 2342865 
56 4354939 5354939 
57 772211 1772211 
58 5511530 6511530 
59 3468977 4468977 
60 3510956 4510956 
61 2110191 3110191 
62 2636069 3636069 
63 9429237 10429237 
64 8788884 9788884 
65 9616905 10616905 
66 4947020 5947020 
67 2686191 3686191 
68 673179 1673179 
69 1750546 2750546 
70 5510291 6510291 
71 5758579 6758579 
72 9491857 10491857 
73 1805866 2805866 
74 5929193 6929193 
75 2318038 3318038 
76 1413467 2413467 
77 3277194 4277194 
78 3502966 4502966 
79 7346632 8346632 
80 5862215 6862215 
81 9573613 10573613 
82 7444420 8444420 
83 1073995 2073995 
84 344321 1344321 
85 9708060 10708060 
86 7816441 8816441 
87 4791375 5791375 
88 7862687 8862687 
89 3099669 4099669 
90 2777538 3777538 
91 7941612 8941612 
92 1430359 2430359 
93 9312599 10312599 
94 9410252 10410252 
95 7655227 8655227 
96 666704 1666704 
97 6064589 7064589 
98 7838828 8838828 
99 6203474 7203474 
100 6088597 7088597 
101 2933588 3933588 
102 7663967 8663967 
103 9091930 10091930 
104 5033894 6033894 
105 1744747 2744747 
106 3540779 4540779 
107 978126 1978126 
108 5382441 6382441 
109 385270 1385270 
110 3544612 4544612 
111 4034385 5034385 
112 6930238 7930238 
113 5450799 6450799 
114 1165834 2165834 
115 7726252 8726252 
116 9246320 10246320 
117 7625002 8625002 
118 4509008 5509008 
119 8643684 9643684 
120 8604231 9604231 
121 519426 1519426 
122 8673272 9673272 
123 5233396 6233396 
124 718202 1718202 
125 7451941 8451941 
126 8939673 9939673 
127 914476 1914476 
128 4298561 5298561 
129 3201081 4201081 
130 7017858 8017858 
131 5792038 6792038 
132 8328649 9328649 
133 4450090 5450090 
134 843129 1843129 
135 9059168 10059168 
136 5840065 6840065 
137 80082 1080082 
138 3565980 4565980 
139 2726139 3726139 
140 4543633 5543633 
141 125763 1125763 
142 7303145 8303145 
143 616591 1616591 
144 8667435 9667435 
145 2699316 3699316 
146 2830553 3830553 
147 5766825 6766825 
148 2449401 3449401 
149 5121541 6121541 
150 4325926 5325926 
151 9810914 10810914 
152 496886 1496886 
153 9375216 10375216 
154 3692846 4692846 
155 5420701 6420701 
156 9186777 10186777 
157 7641294 8641294 
158 8823024 9823024 
159 3981404 4981404 
160 1647851 2647851 
161 7669507 8669507 
162 1054387 2054387 
163 9384383 10384383 
164 5929082 6929082 
165 2852488 3852488 
166 8294341 9294341 
167 4852891 5852891 
168 4163942 5163942 
169 3840659 4840659 
170 3598049 4598049 
171 485939 1485939 
172 1760472 2760472 
173 3121893 4121893 
174 9514922 10514922 
175 4931094 5931094 
176 8296467 9296467 
177 8222512 9222512 
178 1824212 2824212 
179 3798165 4798165 
180 9937378 10937378 
181 6494114 7494114 
182 7573858 8573858 
183 8449886 9449886 
184 9765041 10765041 
185 1694610 2694610 
186 6994441 7994441 
187 7822777 8822777 
188 6469048 7469048 
189 677318 1677318 
190 3268020 4268020 
191 6017503 7017503 
192 1238226 2238226 
193 5078879 6078879 
194 6636321 7636321 
195 1969778 2969778 
196 8486124 9486124 
197 7805666 8805666 
198 5707816 6707816 
199 5445278 6445278 
200 3974168 4974168 
201 4541027 5541027 
202 9859612 10859612 
203 2695882 3695882 
204 1224001 2224001 
205 4181200 5181200 
206 3795402 4795402 
207 4436602 5436602 
208 6571513 7571513 
209 8033495 9033495 
210 969375 1969375 
211 4570308 5570308 
212 6126063 7126063 
213 105845 1105845 
214 9435366 10435366 
215 4977388 5977388 
216 2240892 3240892 
217 655132 1655132 
218 7541678 8541678 
219 8666399 9666399 
220 6023516 7023516 
221 8481664 9481664 
222 5395017 6395017 
223 6657097 7657097 
224 1366138 2366138 
225 1794815 2794815 
226 460273 1460273 
227 507027 1507027 
228 8401251 9401251 
229 8981419 9981419 
230 2792454 3792454 
231 616700 1616700 
232 7056861 8056861 
233 4071797 5071797 
234 6339571 7339571 
235 7337619 8337619 
236 722833 1722833 
237 800119 1800119 
238 3461934 4461934 
239 2368718 3368718 
240 8846691 9846691 
241 9333213 10333213 
242 4175453 5175453 
243 7477258 8477258 
244 8476386 9476386 
245 7305457 8305457 
246 2924566 3924566 
247 2257696 3257696 
248 6769371 7769371 
249 1330755 2330755 
250 2057023 3057023 
251 3721504 4721504 
252 1137416 2137416 
253 9264241 10264241 
254 177940 1177940 
255 2156205 3156205 
256 173158 1173158 
257 9416856 10416856 
258 3788359 4788359 
259 3599989 4599989 
260 9961636 10961636 
261 6401111 7401111 
262 6243778 7243778 
263 8930379 9930379 
264 4478647 5478647 
265 2610428 3610428 
266 9736840 10736840 
267 2839522 3839522 
268 7233290 8233290 
269 9941198 10941198 
270 60985 1060985 
271 895400 1895400 
272 7555027 8555027 
273 9629687 10629687 
274 3494452 4494452 
275 5007164 6007164 
276 5412225 6412225 
277 4181643 5181643 
278 3080791 4080791 
279 6639758 7639758 
280 5615697 6615697 
281 3173177 4173177 
282 8038498 9038498 
283 2166034 3166034 
284 3571968 4571968 
285 673421 1673421 
286 1895161 2895161 
287 7535649 8535649 
288 1352603 2352603 
289 3102431 4102431 
290 7921992 8921992 
291 1997804 2997804 
292 9498098 10498098 
293 3458908 4458908 
294 5918913 6918913 
295 6591133 7591133 
296 9603115 10603115 
297 235822 1235822 
298 9116288 10116288 
299 9661964 10661964 
300 7055218 8055218 
301 4439243 5439243 
302 694480 1694480 
303 7006746 8006746 
304 4676302 5676302 
305 8829527 9829527 
306 1775303 2775303 
307 4567982 5567982 
308 9801103 10801103 
309 5189047 6189047 
310 3233292 4233292 
311 9200330 10200330 
312 6009828 7009828 
313 5322548 6322548 
314 3392185 4392185 
315 519881 1519881 
316 1042441 2042441 
317 6668103 7668103 
318 2283099 3283099 
319 6074679 7074679 
320 1814045 2814045 
321 9864839 10864839 
322 9825046 10825046 
323 8890572 9890572 
324 5591313 6591313 
325 5844140 6844140 
326 2404454 3404454 
327 668423 1668423 
328 3951549 4951549 
329 8177855 9177855 
330 3953280 4953280 
331 8691812 9691812 
332 4235277 5235277 
333 2843616 3843616 
334 5501527 6501527 
335 240697 1240697 
336 7935576 8935576 
337 952371 1952371 
338 2076858 3076858 
339 6848691 7848691 
340 4059729 5059729 
341 9871336 10871336 
342 7602074 8602074 
343 5836775 6836775 
344 1406102 2406102 
345 3587558 4587558 
346 6291562 7291562 
347 193559 1193559 
348 5085542 6085542 
349 2376724 3376724 
350 5781535 6781535 
351 2347908 3347908 
352 2400368 3400368 
353 5750596 6750596 
354 1442007 2442007 
355 8578795 9578795 
356 7642950 8642950 
357 3078844 4078844 
358 5209622 6209622 
359 5785245 6785245 
360 9715184 10715184 
361 1123553 2123553 
362 1726891 2726891 
363 5220670 6220670 
364 8634013 9634013 
365 8693250 9693250 
366 6455601 7455601 
367 3339290 4339290 
368 9572341 10572341 
369 9013822 10013822 
370 228529 1228529 
371 6974239 7974239 
372 5920521 6920521 
373 6226964 7226964 
374 5904357 6904357 
375 4984059 5984059 
376 6003692 7003692 
377 189573 1189573 
378 4038167 5038167 
379 7622355 8622355 
380 5245275 6245275 
381 161768 1161768 
382 318120 1318120 
383 2678172 3678172 
384 8111767 9111767 
385 8023498 9023498 
386 3805741 4805741 
387 7258394 8258394 
388 9527764 10527764 
389 8601599 9601599 
390 2548532 3548532 
391 138611 1138611 
392 13641 1013641 
393 4256329 5256329 
394 3967140 4967140 
395 7346799 8346799 
396 4665960 5665960 
397 8260516 9260516 
398 1284418 2284418 
399 9577295 10577295 
400 3938472 4938472 
401 9269676 10269676 
402 1633232 2633232 
403 9745094 10745094 
404 3241213 4241213 
405 4721068 5721068 
406 6682704 7682704 
407 6828568 7828568 
408 9309290 10309290 
409 5306948 6306948 
410 7247206 8247206 
411 8145998 9145998 
412 868140 1868140 
413 8638518 9638518 
414 7766363 8766363 
415 4099987 5099987 
416 8996759 9996759 
417 1326157 2326157 
418 69182 1069182 
419 2375727 3375727 
420 6774143 7774143 
421 2335722 3335722 
422 6518821 7518821 
423 7436829 8436829 
424 837581 1837581 
425 8835500 9835500 
426 9530769 10530769 
427 4993482 5993482 
428 4781617 5781617 
429 5407675 6407675 
430 6188911 7188911 
431 8054125 9054125 
432 2503286 3503286 
433 1210418 2210418 
434 3734331 4734331 
435 121469 1121469 
436 4508145 5508145 
437 1587239 2587239 
438 2900415 3900415 
439 80724 1080724 
440 6346131 7346131 
441 3899735 4899735 
442 452729 1452729 
443 9761246 10761246 
444 4511134 5511134 
445 3030131 4030131 
446 8219 1008219 
447 3189885 4189885 
448 288500 1288500 
449 1168385 2168385 
450 810284 1810284 
451 9000061 10000061 
452 3662091 4662091 
453 6836465 7836465 
454 204 1000204 
455 5782831 6782831 
456 8286589 9286589 
457 2508861 3508861 
458 8520340 9520340 
459 5736612 6736612 
460 3557052 4557052 
461 2199611 3199611 
462 8848412 9848412 
463 5788936 6788936 
464 7752803 8752803 
465 4531458 5531458 
466 2790294 3790294 
467 5341208 6341208 
468 3480743 4480743 
469 7546487 8546487 
470 8513303 9513303 
471 113601 1113601 
472 5323500 6323500 
473 4138355 5138355 
474 3070454 4070454 
475 8299863 9299863 
476 2893684 3893684 
477 3248018 4248018 
478 9572045 10572045 
479 8505454 9505454 
480 887986 1887986 
481 8942107 9942107 
482 3097373 4097373 
483 4766041 5766041 
484 8882365 9882365 
485 889863 1889863 
486 6498446 7498446 
487 2343485 3343485 
488 4909536 5909536 
489 3132848 4132848 
490 6144467 7144467 
491 8797776 9797776 
492 1492686 2492686 
493 4178199 5178199 
494 28716 1028716 
495 7648179 8648179 
496 2045171 3045171 
497 1722834 2722834 
498 3600773 4600773 
499 4733290 5733290 
500 4366181 5366181 
501 1045008 2045008 
502 4923196 5923196 
503 2405620 3405620 
504 6116089 7116089 
505 3825226 4825226 
506 4329216 5329216 
507 2414091 3414091 
508 9396978 10396978 
509 3570185 4570185 
510 907860 1907860 
511 2760442 3760442 
512 8641621 9641621 
513 9426638 10426638 
514 9573043 10573043 
515 6866326 7866326 
516 1113048 2113048 
517 4370465 5370465 
518 8996686 9996686 
519 9997658 10997658 
520 1340152 2340152 
521 2293049 3293049 
522 9672305 10672305 
523 5911971 6911971 
524 9615914 10615914 
525 9007428 10007428 
526 509059 1509059 
527 8043652 9043652 
528 2778537 3778537 
529 150997 1150997 
530 8769324 9769324 
531 6197703 7197703 
532 1200622 2200622 
533 4196584 5196584 
534 3440529 4440529 
535 9669377 10669377 
536 8589374 9589374 
537 8289554 9289554 
538 5912891 6912891 
539 9922129 10922129 
540 1590877 2590877 
541 9914057 10914057 
542 8754325 9754325 
543 6223029 7223029 
544 6285792 7285792 
545 2009805 3009805 
546 6134932 7134932 
547 5097864 6097864 
548 3288096 4288096 
549 2805427 3805427 
550 4464753 5464753 
551 4933788 5933788 
552 2133195 3133195 
553 4979468 5979468 
554 2812818 3812818 
555 7713648 8713648 
556 1014932 2014932 
557 4616630 5616630 
558 9259143 10259143 
559 3110158 4110158 
560 129546 1129546 
561 9825470 10825470 
562 3433903 4433903 
563 380932 1380932 
564 276999 1276999 
565 3374577 4374577 
566 14203 1014203 
567 9317244 10317244 
568 9218495 10218495 
569 3889534 4889534 
570 8767178 9767178 
571 1575546 2575546 
572 373624 1373624 
573 6125513 7125513 
574 7077620 8077620 
575 7333810 8333810 
576 6832984 7832984 
577 9759182 10759182 
578 2085987 3085987 
579 7023748 8023748 
580 1554394 2554394 
581 8295600 9295600 
582 4859482 5859482 
583 3448213 4448213 
584 6830427 7830427 
585 3864030 4864030 
586 5704665 6704665 
587 4677259 5677259 
588 3372625 4372625 
589 845280 1845280 
590 4287897 5287897 
591 7039204 8039204 
592 908058 1908058 
593 8075844 9075844 
594 9206962 10206962 
595 9001460 10001460 
596 4328434 5328434 
597 2573983 3573983 
598 6035933 7035933 
599 7194873 8194873 
600 5102207 6102207 
601 340546 1340546 
602 7486035 8486035 
603 1154012 2154012 
604 1688199 2688199 
605 3025915 4025915 
606 5232852 6232852 
607 1965191 2965191 
608 2075841 3075841 
609 1947525 2947525 
610 1594179 2594179 
611 6476125 7476125 
612 5502537 6502537 
613 5241101 6241101 
614 8619502 9619502 
615 9889243 10889243 
616 2645420 3645420 
617 7151073 8151073 
618 4781804 5781804 
619 8412617 9412617 
620 8366243 9366243 
621 5553207 6553207 
622 4742304 5742304 
623 6375964 7375964 
624 2727773 3727773 
625 2495384 3495384 
626 1459418 2459418 
627 3452651 4452651 
628 2143733 3143733 
629 8645095 9645095 
630 6444572 7444572 
631 9004300 10004300 
632 1368451 2368451 
633 1232530 2232530 
634 8862969 9862969 
635 2916555 3916555 
636 2237006 3237006 
637 3828180 4828180 
638 9599257 10599257 
639 2482246 3482246 
640 532767 1532767 
641 4428324 5428324 
642 7425498 8425498 
643 1919976 2919976 
644 3282353 4282353 
645 4743997 5743997 
646 8781841 9781841 
647 6318336 7318336 
648 5090756 6090756 
649 1160907 2160907 
650 8380526 9380526 
651 7580157 8580157 
652 4518096 5518096 
653 4166959 5166959 
654 5743357 6743357 
655 8603080 9603080 
656 1580503 2580503 
657 8278639 9278639 
658 5683401 6683401 
659 7359422 8359422 
660 2520275 3520275 
661 9624253 10624253 
662 6355867 7355867 
663 5674825 6674825 
664 3262415 4262415 
665 5955106 6955106 
666 8087392 9087392 
667 7961882 8961882 
668 5256850 6256850 
669 9990727 10990727 
670 2372520 3372520 
671 7961349 8961349 
672 8446069 9446069 
673 3727200 4727200 
674 8568139 9568139 
675 8092536 9092536 
676 7730518 8730518 
677 1495350 2495350 
678 1592998 2592998 
679 3055385 4055385 
680 2544165 3544165 
681 9002703 10002703 
682 2025987 3025987 
683 1775484 2775484 
684 4591900 5591900 
685 8724283 9724283 
686 6988439 7988439 
687 3589630 4589630 
688 9857163 10857163 
689 3694846 4694846 
690 4551716 5551716 
691 7092160 8092160 
692 1132625 2132625 
693 7256341 8256341 
694 24895 1024895 
695 1259971 2259971 
696 9240679 10240679 
697 2132007 3132007 
698 4073132 5073132 
699 5363485 6363485 
700 2939414 3939414 
701 793290 1793290 
702 6027109 7027109 
703 6595798 7595798 
704 2868809 3868809 
705 3689070 4689070 
706 129977 1129977 
707 4921826 5921826 
708 2415613 3415613 
709 1659498 2659498 
710 1741842 2741842 
711 6366266 7366266 
712 6240724 7240724 
713 8816929 9816929 
714 7140047 8140047 
715 4804889 5804889 
716 1211209 2211209 
717 420176 1420176 
718 1509071 2509071 
719 4294224 5294224 
720 2739710 3739710 
721 151543 1151543 
722 1801359 2801359 
723 8750790 9750790 
724 6705842 7705842 
725 7647074 8647074 
726 3301227 4301227 
727 2331280 3331280 
728 8813262 9813262 
729 4626771 5626771 
730 4948353 5948353 
731 2279209 3279209 
732 6330270 7330270 
733 768846 1768846 
734 4739507 5739507 
735 6873678 7873678 
736 189725 1189725 
737 939265 1939265 
738 9578186 10578186 
739 7269880 8269880 
740 1407849 2407849 
741 922573 1922573 
742 472504 1472504 
743 1674743 2674743 
744 6851157 7851157 
745 3270645 4270645 
746 1814134 2814134 
747 1093672 2093672 
748 9605277 10605277 
749 6618338 7618338 
750 3293196 4293196 
751 2915027 3915027 
752 4974388 5974388 
753 7812240 8812240 
754 9133871 10133871 
755 393507 1393507 
756 2620858 3620858 
757 1074329 2074329 
758 3384068 4384068 
759 2545346 3545346 
760 6293642 7293642 
761 4926940 5926940 
762 2612227 3612227 
763 6384657 7384657 
764 6775279 7775279 
765 8668106 9668106 
766 6644982 7644982 
767 8426369 9426369 
768 4295926 5295926 
769 5482189 6482189 
770 2801185 3801185 
771 4471441 5471441 
772 8704606 9704606 
773 3407445 4407445 
774 5482620 6482620 
775 9014756 10014756 
776 1388076 2388076 
777 8622335 9622335 
778 2552476 3552476 
779 1420030 2420030 
780 6191451 7191451 
781 6266084 7266084 
782 7448368 8448368 
783 8744859 9744859 
784 3695793 4695793 
785 5738876 6738876 
786 5037862 6037862 
787 8480940 9480940 
788 7889965 8889965 
789 2511022 3511022 
790 7168237 8168237 
791 8446063 9446063 
792 9231261 10231261 
793 7164917 8164917 
794 5002070 6002070 
795 4633897 5633897 
796 74443 1074443 
797 6469424 7469424 
798 7891732 8891732 
799 6551171 7551171 
800 5140951 6140951 
801 5015814 6015814 
802 4061794 5061794 
803 5664639 6664639 
804 6544160 7544160 
805 8236531 9236531 
806 1119811 2119811 
807 9105173 10105173 
808 4247388 5247388 
809 4777972 5777972 
810 5629413 6629413 
811 1847150 2847150 
812 6670536 7670536 
813 9905483 10905483 
814 1745823 2745823 
815 1538620 2538620 
816 3821561 4821561 
817 170096 1170096 
818 6562969 7562969 
819 4466868 5466868 
820 3498960 4498960 
821 1241620 2241620 
822 4373771 5373771 
823 5603625 6603625 
824 497291 1497291 
825 9615442 10615442 
826 8990 1008990 
827 9442118 10442118 
828 6954233 7954233 
829 7601141 8601141 
830 7659374 8659374 
831 4019048 5019048 
832 1917894 2917894 
833 1932768 2932768 
834 674609 1674609 
835 9949846 10949846 
836 858868 1858868 
837 4706334 5706334 
838 298097 1298097 
839 9083165 10083165 
840 963178 1963178 
841 7825415 8825415 
842 6769909 7769909 
843 6948172 7948172 
844 2409638 3409638 
845 3055243 4055243 
846 8385342 9385342 
847 8971337 9971337 
848 9824911 10824911 
849 7324318 8324318 
850 5532333 6532333 
851 3022607 4022607 
852 5537638 6537638 
853 1190208 2190208 
854 4168258 5168258 
855 1021445 2021445 
856 4856666 5856666 
857 7600808 8600808 
858 4456831 5456831 
859 3646523 4646523 
860 1345466 2345466 
861 7594892 8594892 
862 4974826 5974826 
863 9072835 10072835 
864 6768709 7768709 
865 1520911 2520911 
866 8992818 9992818 
867 9889578 10889578 
868 8002077 9002077 
869 2201032 3201032 
870 1876073 2876073 
871 6343698 7343698 
872 1261274 2261274 
873 3298411 4298411 
874 574960 1574960 
875 3647597 4647597 
876 6468795 7468795 
877 4123415 5123415 
878 6944752 7944752 
879 2190296 3190296 
880 7430648 8430648 
881 6789563 7789563 
882 7771908 8771908 
883 8022418 9022418 
884 6409523 7409523 
885 7956645 8956645 
886 6638197 7638197 
887 8265367 9265367 
888 4095244 5095244 
889 2068905 3068905 
890 2278685 3278685 
891 503645 1503645 
892 2528724 3528724 
893 4016746 5016746 
894 6296300 7296300 
895 3030698 4030698 
896 2967769 3967769 
897 2785096 3785096 
898 478985 1478985 
899 7123984 8123984 
900 1261664 2261664 
901 1561190 2561190 
902 7107856 8107856 
903 7070343 8070343 
904 4760880 5760880 
905 6886230 7886230 
906 8270202 9270202 
907 6970021 7970021 
908 7849675 8849675 
909 8272612 9272612 
910 5033882 6033882 
911 490492 1490492 
912 6656312 7656312 
913 1954428 2954428 
914 1680196 2680196 
915 5129872 6129872 
916 2633723 3633723 
917 6302649 7302649 
918 5302152 6302152 
919 6409843 7409843 
920 6960295 7960295 
921 6997259 7997259 
922 7822108 8822108 
923 9817727 10817727 
924 7470858 8470858 
925 6443779 7443779 
926 2705367 3705367 
927 9308976 10308976 
928 1256070 2256070 
929 8148286 9148286 
930 1143770 2143770 
931 1589019 2589019 
932 6065535 7065535 
933 8609772 9609772 
934 6653897 7653897 
935 421263 1421263 
936 8360432 9360432 
937 1036412 2036412 
938 5068599 6068599 
939 1372615 2372615 
940 2871704 3871704 
941 783334 1783334 
942 2780320 3780320 
943 3953352 4953352 
944 2325842 3325842 
945 6058516 7058516 
946 9880207 10880207 
947 2145245 3145245 
948 3307779 4307779 
949 7123949 8123949 
950 9374816 10374816 
951 6739117 7739117 
952 2427181 3427181 
953 2469888 3469888 
954 8286496 9286496 
955 6654582 7654582 
956 2192544 3192544 
957 358730 1358730 
958 2638224 3638224 
959 9403112 10403112 
960 5486159 6486159 
961 610341 1610341 
962 8813897 9813897 
963 5235744 6235744 
964 7490112 8490112 
965 3969741 4969741 
966 6599161 7599161 
967 7275711 8275711 
968 6467741 7467741 
969 1454095 2454095 
970 3536203 4536203 
971 6435879 7435879 
972 4835688 5835688 
973 6304400 7304400 
974 7470565 8470565 
975 372306 1372306 
976 8379340 9379340 
977 2767671 3767671 
978 5179147 6179147 
979 921166 1921166 
980 195342 1195342 
981 2290616 3290616 
982 7138273 8138273 
983 5716313 6716313 
984 5263010 6263010 
985 1612862 2612862 
986 8772813 9772813 
987 6251925 7251925 
988 8098010 9098010 
989 9031604 10031604 
990 9257723 10257723 
991 7771624 8771624 
992 8999481 9999481 
993 9786161 10786161 
994 1317114 2317114 
995 6770546 7770546 
996 3944422 4944422 
997 7751550 8751550 
998 7482115 8482115 
999 2250156 3250156 
1000 5299900 6299900 
1001 1880004 2880004 
1002 8892122 9892122 
1003 8203546 9203546 
1004 5716734 6716734 
1005 2765015 3765015 
1006 4473934 5473934 
1007 7494444 8494444 
1008 9786152 10786152 
1009 7335961 8335961 
1010 2126682 3126682 
1011 9555639 10555639 
1012 8409441 9409441 
1013 1358988 2358988 
1014 6547822 7547822 
1015 740234 1740234 
1016 7498252 8498252 
1017 3137272 4137272 
1018 9047239 10047239 
1019 3966128 4966128 
1020 7532029 8532029 
1021 1574069 2574069 
1022 5946362 6946362 
1023 6390722 7390722 
1024 7994312 8994312 
1025 3015958 4015958 
1026 4751121 5751121 
1027 6125414 7125414 
1028 706230 1706230 
1029 466802 1466802 
1030 10956 1010956 
1031 5242216 6242216 
1032 4994769 5994769 
1033 6379472 7379472 
1034 507785 1507785 
1035 4880755 5880755 
1036 1242783 2242783 
1037 3559470 4559470 
1038 5805502 6805502 
1039 2130795 3130795 
1040 5606891 6606891 
1041 2292462 3292462 
1042 2880930 3880930 
1043 1251434 2251434 
1044 3753278 4753278 
1045 6282590 7282590 
1046 9395947 10395947 
1047 9653718 10653718 
1048 2195309 3195309 
1049 2904418 3904418 
1050 5368115 6368115 
1051 8833692 9833692 
1052 6750028 7750028 
1053 3882688 4882688 
1054 3923700 4923700 
1055 5368587 6368587 
1056 331776 1331776 
1057 256776 1256776 
1058 7963826 8963826 
1059 2138447 3138447 
1060 7117426 8117426 
1061 3713694 4713694 
1062 8692536 9692536 
1063 3727880 4727880 
1064 3406688 4406688 
1065 4942822 5942822 
1066 2693242 3693242 
1067 8115974 9115974 
1068 2904333 3904333 
1069 9295370 10295370 
1070 69913 1069913 
1071 7099043 8099043 
1072 7207833 8207833 
1073 8812907 9812907 
1074 8673030 9673030 
1075 3256638 4256638 
1076 591211 1591211 
1077 5412897 6412897 
1078 7874366 8874366 
1079 8006991 9006991 
1080 3125066 4125066 
1081 5804081 6804081 
1082 1445043 2445043 
1083 2299948 3299948 
1084 8050059 9050059 
1085 6081994 7081994 
1086 370251 1370251 
1087 1040983 2040983 
1088 3914213 4914213 
1089 1595196 2595196 
1090 1888641 2888641 
1091 7709697 8709697 
1092 8533344 9533344 
1093 2186742 3186742 
1094 7050410 8050410 
1095 9619232 10619232 
1096 2681068 3681068 
1097 8982330 9982330 
1098 9101010 10101010 
1099 3673896 4673896 
1100 8447886 9447886 
1101 527071 1527071 
1102 9978821 10978821 
1103 7485801 8485801 
1104 140597 1140597 
1105 5001666 6001666 
1106 3063081 4063081 
1107 2602372 3602372 
1108 9024427 10024427 
1109 3048139 4048139 
1110 9465288 10465288 
1111 7687051 8687051 
1112 4158631 5158631 
1113 6982039 7982039 
1114 7173868 8173868 
1115 3078836 4078836 
1116 9383295 10383295 
1117 5045703 6045703 
1118 8806627 9806627 
1119 7479354 8479354 
1120 697850 1697850 
1121 1057636 2057636 
1122 189218 1189218 
1123 5650897 6650897 
1124 9611204 10611204 
1125 3007342 4007342 
1126 3337350 4337350 
1127 6810052 7810052 
1128 2349691 3349691 
1129 205952 1205952 
1130 6743989 7743989 
1131 7692076 8692076 
1132 6784230 7784230 
1133 2503585 3503585 
1134 8732835 9732835 
1135 4741326 5741326 
1136 6206917 7206917 
1137 9858601 10858601 
1138 3311025 4311025 
1139 9470738 10470738 
1140 7498691 8498691 
1141 8337357 9337357 
1142 4361584 5361584 
1143 3171228 4171228 
1144 4632456 5632456 
1145 8151754 9151754 
1146 1274882 2274882 
1147 6983689 7983689 
1148 8093675 9093675 
1149 8581290 9581290 
1150 7462817 8462817 
1151 5480264 6480264 
1152 7565253 8565253 
1153 5427382 6427382 
1154 7275578 8275578 
1155 1814290 2814290 
1156 7188960 8188960 
1157 8698745 9698745 
1158 418737 1418737 
1159 8380039 9380039 
1160 2950159 3950159 
1161 9322220 10322220 
1162 8336584 9336584 
1163 2393959 3393959 
1164 8798679 9798679 
1165 3221827 4221827 
1166 4042522 5042522 
1167 5061097 6061097 
1168 4090571 5090571 
1169 6803411 7803411 
1170 3538881 4538881 
1171 9680060 10680060 
1172 2135029 3135029 
1173 7019934 8019934 
1174 8765207 9765207 
1175 6695831 7695831 
1176 1977712 2977712 
1177 8353405 9353405 
1178 4288666 5288666 
1179 5601663 6601663 
1180 2201491 3201491 
1181 2176360 3176360 
1182 2288233 3288233 
1183 21 1000021 
1184 315720 1315720 
1185 9490021 10490021 
1186 5047915 6047915 
1187 1627929 2627929 
1188 4568698 5568698 
1189 5161739 6161739 
1190 6085007 7085007 
1191 1905151 2905151 
1192 1067948 2067948 
1193 769074 1769074 
1194 1798957 2798957 
1195 7254828 8254828 
1196 125223 1125223 
1197 8657850 9657850 
1198 8432139 9432139 
1199 3279693 4279693 
1200 2690764 3690764 
1201 2688628 3688628 
1202 8524284 9524284 
1203 7512916 8512916 
1204 9172359 10172359 
1205 5232944 6232944 
1206 8067364 9067364 
1207 8532625 9532625 
1208 5290340 6290340 
1209 2313444 3313444 
1210 8122326 9122326 
1211 9808361 10808361 
1212 8201660 9201660 
1213 7277557 8277557 
1214 599070 1599070 
1215 7586997 8586997 
1216 4711687 5711687 
1217 1252901 2252901 
1218 9658970 10658970 
1219 1328313 2328313 
1220 3004885 4004885 
1221 712986 1712986 
1222 2436867 3436867 
1223 9459263 10459263 
1224 7288152 8288152 
1225 7143047 8143047 
1226 5633546 6633546 
1227 9754959 10754959 
1228 7371673 8371673 
1229 1368825 2368825 
1230 4796893 5796893 
1231 5822606 6822606 
1232 5735243 6735243 
1233 1468224 2468224 
1234 6703624 7703624 
1235 2497969 3497969 
1236 1551293 2551293 
1237 3572216 4572216 
1238 3521400 4521400 
1239 3794844 4794844 
1240 6034536 7034536 
1241 5637043 6637043 
1242 5691740 6691740 
1243 4707867 5707867 
1244 1504040 2504040 
1245 7360196 8360196 
1246 9301028 10301028 
1247 2193723 3193723 
1248 512264 1512264 
1249 3527595 4527595 
1250 6807851 7807851 
1251 83142 1083142 
1252 9302838 10302838 
1253 124056 1124056 
1254 5830385 6830385 
1255 3205594 4205594 
1256 3249685 4249685 
1257 7201438 8201438 
1258 9013761 10013761 
1259 9003941 10003941 
1260 8759666 9759666 
1261 1044085 2044085 
1262 3079410 4079410 
1263 6784831 7784831 
1264 1218766 2218766 
1265 8387563 9387563 
1266 6453640 7453640 
1267 9050916 10050916 
1268 3511769 4511769 
1269 704873 1704873 
1270 3764730 4764730 
1271 9187533 10187533 
1272 9817728 10817728 
1273 248222 1248222 
1274 9761358 10761358 
1275 9412969 10412969 
1276 8290333 9290333 
1277 7850570 8850570 
1278 3749345 4749345 
1279 1052093 2052093 
1280 9981005 10981005 
1281 8133545 9133545 
1282 7183235 8183235 
1283 6811413 7811413 
1284 5916384 6916384 
1285 9723130 10723130 
1286 5894846 6894846 
1287 712165 1712165 
1288 9027433 10027433 
1289 8466730 9466730 
1290 195895 1195895 
1291 8886785 9886785 
1292 666612 1666612 
1293 8623138 9623138 
1294 2330542 3330542 
1295 5583734 6583734 
1296 2448343 3448343 
1297 3796266 4796266 
1298 6419104 7419104 
1299 7749123 8749123 
1300 2044449 3044449 
1301 2268280 3268280 
1302 2349836 3349836 
1303 6287415 7287415 
1304 7880752 8880752 
1305 9048409 10048409 
1306 1945426 2945426 
1307 8119976 9119976 
1308 7692895 8692895 
1309 3904379 4904379 
1310 1184182 2184182 
1311 6411981 7411981 
1312 9577051 10577051 
1313 1235797 2235797 
1314 503428 1503428 
1315 475385 1475385 
1316 2057623 3057623 
1317 5046451 6046451 
1318 7496014 8496014 
1319 8307957 9307957 
1320 7100502 8100502 
1321 3600225 4600225 
1322 2028753 3028753 
1323 6859192 7859192 
1324 8713317 9713317 
1325 4813684 5813684 
1326 6405750 7405750 
1327 7607877 8607877 
1328 6299371 7299371 
1329 7417008 8417008 
1330 1700724 2700724 
1331 9203746 10203746 
1332 3643352 4643352 
1333 1771417 2771417 
1334 2575250 3575250 
1335 9996016 10996016 
1336 7012347 8012347 
1337 5920793 6920793 
1338 5743242 6743242 
1339 8670892 9670892 
1340 5193904 6193904 
1341 7005130 8005130 
1342 7254281 8254281 
1343 2310273 3310273 
1344 5989686 6989686 
1345 4016481 5016481 
1346 1960531 2960531 
1347 9971783 10971783 
1348 4724127 5724127 
1349 4454328 5454328 
1350 6870276 7870276 
1351 6744860 7744860 
1352 6648416 7648416 
1353 3763447 4763447 
1354 8499057 9499057 
1355 9421213 10421213 
1356 2106376 3106376 
1357 7078494 8078494 
1358 2398637 3398637 
1359 1669058 2669058 
1360 431374 1431374 
1361 9786288 10786288 
1362 9187240 10187240 
1363 9696339 10696339 
1364 7977667 8977667 
1365 1880767 2880767 
1366 8325617 9325617 
1367 3260683 4260683 
1368 4146150 5146150 
1369 9854993 10854993 
1370 9866652 10866652 
1371 2344775 3344775 
1372 3895510 4895510 
1373 1935020 2935020 
1374 2214078 3214078 
1375 7268715 8268715 
1376 388962 1388962 
1377 6931331 7931331 
1378 5006741 6006741 
1379 9945810 10945810 
1380 8352700 9352700 
1381 5427709 6427709 
1382 3220549 4220549 
1383 7285871 8285871 
1384 7015181 8015181 
1385 650654 1650654 
1386 5727421 6727421 
1387 8403589 9403589 
1388 140706 1140706 
1389 3734868 4734868 
1390 7873592 8873592 
1391 2770431 3770431 
1392 5525315 6525315 
1393 6798304 7798304 
1394 3518816 4518816 
1395 1994733 2994733 
1396 9511972 10511972 
1397 7577823 8577823 
1398 7309836 8309836 
1399 2066971 3066971 
1400 6996469 7996469 
1401 9450229 10450229 
1402 3019818 4019818 
1403 1201872 2201872 
1404 4624788 5624788 
1405 5147541 6147541 
1406 2725432 3725432 
1407 9375008 10375008 
1408 2052451 3052451 
1409 4136430 5136430 
1410 6413932 7413932 
1411 1433326 2433326 
1412 6776115 7776115 
1413 4247541 5247541 
1414 6868596 7868596 
1415 164482 1164482 
1416 3886815 4886815 
1417 738059 1738059 
1418 9032792 10032792 
1419 6514243 7514243 
1420 6924150 7924150 
1421 8712268 9712268 
1422 8188411 9188411 
1423 9161489 10161489 
1424 3702544 4702544 
1425 3610100 4610100 
1426 2390848 3390848 
1427 253505 1253505 
1428 5849409 6849409 
1429 7380973 8380973 
1430 2759240 3759240 
1431 1731638 2731638 
1432 6925612 7925612 
1433 1604217 2604217 
1434 1487578 2487578 
1435 4075160 5075160 
1436 3778863 4778863 
1437 3381752 4381752 
1438 3136604 4136604 
1439 5038004 6038004 
1440 2593596 3593596 
1441 1761623 2761623 
1442 257150 1257150 
1443 8229616 9229616 
1444 1486279 2486279 
1445 3256597 4256597 
1446 7967222 8967222 
1447 6052073 7052073 
1448 7153115 8153115 
1449 5491571 6491571 
1450 1996517 2996517 
1451 8468523 9468523 
1452 713160 1713160 
1453 3749560 4749560 
1454 295897 1295897 
1455 9872652 10872652 
1456 4612471 5612471 
1457 9395102 10395102 
1458 7390956 8390956 
1459 5257253 6257253 
1460 4088670 5088670 
1461 1144668 2144668 
1462 7393033 8393033 
1463 8434286 9434286 
1464 170126 1170126 
1465 515153 1515153 
1466 5790542 6790542 
1467 2565621 3565621 
1468 2521193 3521193 
1469 8710986 9710986 
1470 5078413 6078413 
1471 9929915 10929915 
1472 9697010 10697010 
1473 1190640 2190640 
1474 4105965 5105965 
1475 537259 1537259 
1476 4520509 5520509 
1477 9249361 10249361 
1478 6801582 7801582 
1479 9700280 10700280 
1480 6646405 7646405 
1481 8889353 9889353 
1482 6496778 7496778 
1483 6673938 7673938 
1484 9019612 10019612 
1485 6086925 7086925 
1486 6439222 7439222 
1487 3889540 4889540 
1488 152829 1152829 
1489 6425235 7425235 
1490 4241800 5241800 
1491 1101293 2101293 
1492 8936637 9936637 
1493 8766369 9766369 
1494 8556338 9556338 
1495 9533272 10533272 
1496 3880352 4880352 
1497 5836721 6836721 
1498 7436204 8436204 
1499 5881147 6881147 
1500 3783432 4783432 
1501 1382270 2382270 
1502 3955888 4955888 
1503 8635337 9635337 
1504 3906313 4906313 
1505 8704239 9704239 
1506 6590687 7590687 
1507 2085876 3085876 
1508 7654231 8654231 
1509 6797212 7797212 
1510 4519553 5519553 
1511 1754883 2754883 
1512 9302881 10302881 
1513 3419265 4419265 
1514 2291690 3291690 
1515 2237003 3237003 
1516 5812343 6812343 
1517 8499262 9499262 
1518 6973431 7973431 
1519 9806861 10806861 
1520 1825958 2825958 
1521 4903304 5903304 
1522 3478968 4478968 
1523 4862316 5862316 
1524 8769444 9769444 
1525 2758192 3758192 
1526 461992 1461992 
1527 9185673 10185673 
1528 3100646 4100646 
1529 8760654 9760654 
1530 9900311 10900311 
1531 515645 1515645 
1532 5651152 6651152 
1533 1606538 2606538 
1534 6273449 7273449 
1535 1519986 2519986 
1536 7435268 8435268 
1537 7613702 8613702 
1538 7372662 8372662 
1539 1818398 2818398 
1540 6413019 7413019 
1541 7603563 8603563 
1542 5516626 6516626 
1543 7646557 8646557 
1544 6913522 7913522 
1545 5907471 6907471 
1546 7703592 8703592 
1547 589994 1589994 
1548 4555228 5555228 
1549 53184 1053184 
1550 498944 1498944 
1551 2285498 3285498 
1552 1825781 2825781 
1553 4705712 5705712 
1554 665504 1665504 
1555 7575670 8575670 
1556 8547286 9547286 
1557 4242684 5242684 
1558 5219406 6219406 
1559 169747 1169747 
1560 2432100 3432100 
1561 9637851 10637851 
1562 7187891 8187891 
1563 3804495 4804495 
1564 7326211 8326211 
1565 9008735 10008735 
1566 1273818 2273818 
1567 306249 1306249 
1568 8482409 9482409 
1569 1855467 2855467 
1570 8293208 9293208 
1571 4081917 5081917 
1572 194829 1194829 
1573 2474162 3474162 
1574 7798918 8798918 
1575 7300316 8300316 
1576 2715837 3715837 
1577 4142055 5142055 
1578 9590378 10590378 
1579 5152388 6152388 
1580 8176463 9176463 
1581 6558343 7558343 
1582 3121204 4121204 
1583 8792993 9792993 
1584 9211759 10211759 
1585 5326399 6326399 
1586 1943396 2943396 
1587 3300703 4300703 
1588 8161304 9161304 
1589 427770 1427770 
1590 5934472 6934472 
1591 3527819 4527819 
1592 1283102 2283102 
1593 3527051 4527051 
1594 6493731 7493731 
1595 2385605 3385605 
1596 4250983 5250983 
1597 8708596 9708596 
1598 8508586 9508586 
1599 868452 1868452 
1600 85306 1085306 
1601 2010705 3010705 
1602 9442984 10442984 
1603 3515878 4515878 
1604 4760623 5760623 
1605 9317348 10317348 
1606 9968001 10968001 
1607 4241938 5241938 
1608 5993414 6993414 
1609 6040382 7040382 
1610 4614227 5614227 
1611 7736109 8736109 
1612 37908 1037908 
1613 4258694 5258694 
1614 5153144 6153144 
1615 8245333 9245333 
1616 4715416 5715416 
1617 2796521 3796521 
1618 6605352 7605352 
1619 4460029 5460029 
1620 9954348 10954348 
1621 5309598 6309598 
1622 982076 1982076 
1623 9509765 10509765 
1624 1089815 2089815 
1625 4961940 5961940 
1626 8638733 9638733 
1627 1889652 2889652 
1628 3227455 4227455 
1629 9897787 10897787 
1630 7271547 8271547 
1631 2218581 3218581 
1632 2092796 3092796 
1633 7687916 8687916 
1634 9057161 10057161 
1635 8248621 9248621 
1636 8384263 9384263 
1637 3563254 4563254 
1638 3602086 4602086 
1639 8039445 9039445 
1640 5712529 6712529 
1641 9611462 10611462 
1642 2248327 3248327 
1643 4796151 5796151 
1644 4286576 5286576 
1645 8250802 9250802 
1646 1714863 2714863 
1647 4899433 5899433 
1648 3281012 4281012 
1649 4739938 5739938 
1650 2618000 3618000 
1651 7717793 8717793 
1652 6902744 7902744 
1653 2116187 3116187 
1654 5513163 6513163 
1655 8657044 9657044 
1656 3804372 4804372 
1657 5416874 6416874 
1658 2474900 3474900 
1659 9215792 10215792 
1660 3985616 4985616 
1661 6145833 7145833 
1662 1767473 2767473 
1663 5228082 6228082 
1664 9931570 10931570 
1665 7559409 8559409 
1666 3232929 4232929 
1667 7922084 8922084 
1668 5338072 6338072 
1669 4743772 5743772 
1670 4906201 5906201 
1671 8854135 9854135 
1672 4552097 5552097 
1673 2749493 3749493 
1674 9015593 10015593 
1675 5326905 6326905 
1676 4689830 5689830 
1677 9109375 10109375 
1678 8455998 9455998 
1679 9179634 10179634 
1680 2722439 3722439 
1681 4920798 5920798 
1682 4067265 5067265 
1683 6197281 7197281 
1684 9906527 10906527 
1685 8717350 9717350 
1686 4069020 5069020 
1687 9350862 10350862 
1688 7385689 8385689 
1689 7540095 8540095 
1690 7131612 8131612 
1691 938444 1938444 
1692 8622812 9622812 
1693 3235121 4235121 
1694 3307185 4307185 
1695 2507405 3507405 
1696 6686946 7686946 
1697 8080914 9080914 
1698 6891027 7891027 
1699 2541217 3541217 
1700 3037671 4037671 
1701 5622281 6622281 
1702 4144255 5144255 
1703 7581389 8581389 
1704 1839868 2839868 
1705 9051326 10051326 
1706 4661599 5661599 
1707 2022084 3022084 
1708 5303674 6303674 
1709 4239840 5239840 
1710 6142600 7142600 
1711 3820293 4820293 
1712 2499796 3499796 
1713 959634 1959634 
1714 6587869 7587869 
1715 7204816 8204816 
1716 642566 1642566 
1717 7422579 8422579 
1718 7913744 8913744 
1719 7951814 8951814 
1720 7329066 8329066 
1721 7249096 8249096 
1722 8099721 9099721 
1723 1783196 2783196 
1724 9681705 10681705 
1725 8528457 9528457 
1726 5721695 6721695 
1727 3054331 4054331 
1728 4559758 5559758 
1729 7348741 8348741 
1730 7206787 8206787 
1731 8537080 9537080 
1732 4006134 5006134 
1733 4706162 5706162 
1734 4405500 5405500 
1735 8166443 9166443 
1736 9659940 10659940 
1737 3334293 4334293 
1738 1748812 2748812 
1739 6727534 7727534 
1740 7239217 8239217 
1741 2470858 3470858 
1742 5334002 6334002 
1743 4164404 5164404 
1744 8743008 9743008 
1745 6508849 7508849 
1746 2198665 3198665 
1747 8874755 9874755 
1748 8689680 9689680 
1749 2777909 3777909 
1750 8506638 9506638 
1751 370959 1370959 
1752 2943690 3943690 
1753 4913594 5913594 
1754 8836799 9836799 
1755 6782837 7782837 
1756 6230010 7230010 
1757 8127330 9127330 
1758 2704542 3704542 
1759 3092753 4092753 
1760 4343099 5343099 
1761 2803580 3803580 
1762 8285204 9285204 
1763 752764 1752764 
1764 4013771 5013771 
1765 1505291 2505291 
1766 603827 1603827 
1767 608037 1608037 
1768 7670302 8670302 
1769 3177966 4177966 
1770 4930324 5930324 
1771 9026826 10026826 
1772 9713166 10713166 
1773 3373873 4373873 
1774 2375135 3375135 
1775 9138068 10138068 
1776 1780655 2780655 
1777 1629423 2629423 
1778 7154793 8154793 
1779 2124557 3124557 
1780 9053121 10053121 
1781 6070881 7070881 
1782 5627384 6627384 
1783 3716031 4716031 
1784 7021759 8021759 
1785 4466056 5466056 
1786 6144802 7144802 
1787 986154 1986154 
1788 1095188 2095188 
1789 5431923 6431923 
1790 3536723 4536723 
1791 9098465 10098465 
1792 9438701 10438701 
1793 1424685 2424685 
1794 3076588 4076588 
1795 1643009 2643009 
1796 69929 1069929 
1797 2656967 3656967 
1798 7811465 8811465 
1799 1038927 2038927 
1800 3608045 4608045 
1801 7780733 8780733 
1802 1128539 2128539 
1803 1701485 2701485 
1804 2098389 3098389 
1805 9822600 10822600 
1806 5609652 6609652 
1807 8701113 9701113 
1808 7464901 8464901 
1809 5045248 6045248 
1810 1656610 2656610 
1811 9210819 10210819 
1812 6542813 7542813 
1813 547051 1547051 
1814 6739250 7739250 
1815 1950824 2950824 
1816 255499 1255499 
1817 9083494 10083494 
1818 3454422 4454422 
1819 5363215 6363215 
1820 5970106 6970106 
1821 4910062 5910062 
1822 543585 1543585 
1823 4499072 5499072 
1824 5507624 6507624 
1825 6352460 7352460 
1826 4346926 5346926 
1827 3814876 4814876 
1828 4525013 5525013 
1829 8149659 9149659 
1830 9890913 10890913 
1831 2559677 3559677 
1832 5151767 6151767 
1833 258551 1258551 
1834 9262533 10262533 
1835 6807658 7807658 
1836 2971083 3971083 
1837 181444 1181444 
1838 326741 1326741 
1839 9391799 10391799 
1840 6099749 7099749 
1841 2147736 3147736 
1842 2640854 3640854 
1843 2628087 3628087 
1844 616361 1616361 
1845 8236486 9236486 
1846 8423329 9423329 
1847 6597023 7597023 
1848 4209331 5209331 
1849 2345864 3345864 
1850 5627135 6627135 
1851 7681657 8681657 
1852 386224 1386224 
1853 9915080 10915080 
1854 5065132 6065132 
1855 8757121 9757121 
1856 6980719 7980719 
1857 3419659 4419659 
1858 241662 1241662 
1859 7331168 8331168 
1860 1606290 2606290 
1861 6158458 7158458 
1862 4944927 5944927 
1863 502146 1502146 
1864 4693662 5693662 
1865 4676751 5676751 
1866 3462134 4462134 
1867 1078358 2078358 
1868 4929074 5929074 
1869 6381016 7381016 
1870 6379685 7379685 
1871 1576610 2576610 
1872 5034581 6034581 
1873 5008875 6008875 
1874 8363179 9363179 
1875 347008 1347008 
1876 4428648 5428648 
1877 2459111 3459111 
1878 6599848 7599848 
1879 1383800 2383800 
1880 1360058 2360058 
1881 867618 1867618 
1882 6369601 7369601 
1883 9710267 10710267 
1884 8426938 9426938 
1885 679924 1679924 
1886 191002 1191002 
1887 4898426 5898426 
1888 6752455 7752455 
1889 4176415 5176415 
1890 3806080 4806080 
1891 7903969 8903969 
1892 4965796 5965796 
1893 7717722 8717722 
1894 933929 1933929 
1895 3675188 4675188 
1896 763143 1763143 
1897 4203896 5203896 
1898 3314322 4314322 
1899 6974852 7974852 
1900 8988496 9988496 
1901 4008122 5008122 
1902 9701640 10701640 
1903 9565197 10565197 
1904 6344663 7344663 
1905 5431982 6431982 
1906 1095619 2095619 
1907 9205935 10205935 
1908 1895262 2895262 
1909 4456385 5456385 
1910 8820524 9820524 
1911 4521608 5521608 
1912 8659494 9659494 
1913 2536680 3536680 
1914 2394688 3394688 
1915 6811818 7811818 
1916 4210333 5210333 
1917 3778407 4778407 
1918 6845324 7845324 
1919 9489022 10489022 
1920 283572 1283572 
1921 1340221 2340221 
1922 4778968 5778968 
1923 7269172 8269172 
1924 2694735 3694735 
1925 2717996 3717996 
1926 8307680 9307680 
1927 2360166 3360166 
1928 2229334 3229334 
1929 1351528 2351528 
1930 2694461 3694461 
1931 8161736 9161736 
1932 2431465 3431465 
1933 5897308 6897308 
1934 8813283 9813283 
1935 8528526 9528526 
1936 8242352 9242352 
1937 7559955 8559955 
1938 1615427 2615427 
1939 6962011 7962011 
1940 1609679 2609679 
1941 734537 1734537 
1942 7733521 8733521 
1943 2407392 3407392 
1944 8426745 9426745 
1945 3644815 4644815 
1946 129440 1129440 
1947 6314137 7314137 
1948 2791964 3791964 
1949 1828117 2828117 
1950 6832489 7832489 
1951 1122720 2122720 
1952 305338 1305338 
1953 5707031 6707031 
1954 2761130 3761130 
1955 9483821 10483821 
1956 3415384 4415384 
1957 642023 1642023 
1958 222635 1222635 
1959 2354091 3354091 
1960 6573326 7573326 
1961 6885011 7885011 
1962 2917275 3917275 
1963 7918583 8918583 
1964 937791 1937791 
1965 7606066 8606066 
1966 2776730 3776730 
1967 4347575 5347575 
1968 4157027 5157027 
1969 1135696 2135696 
1970 4325200 5325200 
1971 7528405 8528405 
1972 6061696 7061696 
1973 4599539 5599539 
1974 4364730 5364730 
1975 5921303 6921303 
1976 9984952 10984952 
1977 9109066 10109066 
1978 6522501 7522501 
1979 8401245 9401245 
1980 2353403 3353403 
1981 4725873 5725873 
1982 6585618 7585618 
1983 1357302 2357302 
1984 3547100 4547100 
1985 5421923 6421923 
1986 5173530 6173530 
1987 1920798 2920798 
1988 9839490 10839490 
1989 2559613 3559613 
1990 9642731 10642731 
1991 8344344 9344344 
1992 6102837 7102837 
1993 8434731 9434731 
1994 4668881 5668881 
1995 2171492 3171492 
1996 1782168 2782168 
1997 1489713 2489713 
1998 1755792 2755792 
1999 7683486 8683486 
2000 2898550 3898550 
