npieces: 5000
capacity: 1648045
1 1075 818 
2 780 379 
3 975 636 
4 408 96 
5 1114 902 
6 1137 957 
7 934 574 
8 987 656 
9 904 531 
10 1118 911 
11 574 195 
12 846 455 
13 632 239 
14 1141 966 
15 954 603 
16 534 168 
17 874 490 
18 1057 782 
19 1093 855 
20 945 590 
21 923 558 
22 948 595 
23 439 112 
24 1133 948 
25 711 309 
26 899 523 
27 1110 892 
28 975 636 
29 555 182 
30 857 469 
31 456 121 
32 490 140 
33 237 32 
34 849 459 
35 1145 976 
36 498 145 
37 864 477 
38 218 27 
39 474 131 
40 896 520 
41 814 416 
42 664 266 
43 103 6 
44 1096 863 
45 1138 959 
46 1001 679 
47 828 433 
48 1097 865 
49 663 265 
50 659 262 
51 887 507 
52 1118 911 
53 754 351 
54 536 169 
55 1078 824 
56 307 54 
57 287 47 
58 581 200 
59 302 52 
60 1041 751 
61 278 44 
62 948 594 
63 812 414 
64 615 226 
65 1148 983 
66 1122 921 
67 434 109 
68 1087 842 
69 42 1 
70 1136 954 
71 960 613 
72 989 659 
73 985 653 
74 868 482 
75 1095 859 
76 620 230 
77 842 450 
78 653 257 
79 188 20 
80 922 556 
81 1138 959 
82 973 634 
83 1105 882 
84 895 518 
85 326 61 
86 821 425 
87 640 246 
88 218 27 
89 373 80 
90 1130 939 
91 519 158 
92 673 274 
93 1150 990 
94 807 409 
95 872 488 
96 683 283 
97 923 557 
98 796 396 
99 1131 941 
100 593 209 
101 511 153 
102 664 266 
103 467 127 
104 412 98 
105 910 539 
106 769 367 
107 1030 730 
108 882 501 
109 937 578 
110 1044 757 
111 1110 894 
112 988 658 
113 798 398 
114 628 236 
115 861 474 
116 876 493 
117 769 367 
118 1071 809 
119 412 98 
120 551 179 
121 1042 754 
122 809 411 
123 1098 866 
124 943 587 
125 552 180 
126 456 121 
127 1059 785 
128 1057 782 
129 844 452 
130 955 605 
131 991 663 
132 371 79 
133 1052 772 
134 551 179 
135 783 382 
136 1099 868 
137 909 537 
138 1063 794 
139 1123 923 
140 615 226 
141 600 214 
142 1002 681 
143 1018 710 
144 938 580 
145 638 244 
146 1003 683 
147 366 77 
148 1051 771 
149 1106 885 
150 274 43 
151 923 557 
152 907 535 
153 628 236 
154 592 208 
155 873 489 
156 735 332 
157 157 14 
158 841 449 
159 613 224 
160 955 605 
161 773 371 
162 1079 826 
163 359 74 
164 401 93 
165 965 621 
166 192 21 
167 1130 939 
168 962 616 
169 721 318 
170 716 313 
171 1010 695 
172 858 470 
173 659 262 
174 650 254 
175 788 387 
176 847 456 
177 1079 827 
178 531 166 
179 1083 834 
180 1136 953 
181 601 215 
182 1107 886 
183 326 61 
184 1018 709 
185 1022 717 
186 513 154 
187 498 145 
188 899 524 
189 657 260 
190 1109 891 
191 790 389 
192 454 120 
193 133 10 
194 84 4 
195 1148 984 
196 993 666 
197 293 49 
198 689 288 
199 986 655 
200 853 464 
201 1052 772 
202 895 518 
203 416 100 
204 1123 922 
205 1075 818 
206 1061 789 
207 901 527 
208 972 632 
209 537 170 
210 981 647 
211 614 225 
212 775 373 
213 818 421 
214 441 113 
215 607 220 
216 438 111 
217 545 175 
218 1105 881 
219 1153 996 
220 342 67 
221 923 558 
222 641 247 
223 424 104 
224 281 45 
225 914 545 
226 278 44 
227 698 296 
228 1073 814 
229 337 65 
230 639 245 
231 1093 856 
232 646 251 
233 1098 866 
234 558 184 
235 837 444 
236 384 85 
237 959 611 
238 1027 725 
239 772 370 
240 1146 979 
241 690 289 
242 728 325 
243 822 426 
244 1033 736 
245 715 312 
246 307 54 
247 237 32 
248 1012 699 
249 1006 689 
250 479 134 
251 1122 920 
252 691 290 
253 476 132 
254 445 115 
255 1063 793 
256 1110 893 
257 237 32 
258 1033 736 
259 1130 939 
260 909 537 
261 944 589 
262 513 154 
263 1118 912 
264 296 50 
265 560 185 
266 601 215 
267 329 62 
268 846 455 
269 1125 927 
270 857 469 
271 244 34 
272 958 609 
273 1010 696 
274 988 657 
275 1128 934 
276 989 659 
277 1005 686 
278 504 149 
279 998 675 
280 989 659 
281 490 140 
282 806 407 
283 611 223 
284 508 151 
285 453 119 
286 1111 896 
287 941 584 
288 814 417 
289 820 423 
290 942 586 
291 1081 831 
292 1126 931 
293 284 46 
294 1132 945 
295 940 582 
296 1152 995 
297 924 559 
298 1116 907 
299 1054 777 
300 632 239 
301 747 344 
302 996 671 
303 119 8 
304 583 202 
305 936 576 
306 316 57 
307 274 43 
308 463 125 
309 582 201 
310 1137 956 
311 1113 900 
312 1124 926 
313 695 294 
314 995 670 
315 570 192 
316 1088 844 
317 1009 693 
318 896 519 
319 1114 902 
320 972 631 
321 1061 790 
322 1119 913 
323 685 285 
324 743 340 
325 1146 979 
326 779 377 
327 855 466 
328 1144 975 
329 1057 781 
330 989 660 
331 1144 975 
332 1020 712 
333 344 68 
334 978 642 
335 1120 917 
336 761 358 
337 438 111 
338 1125 927 
339 983 650 
340 659 262 
341 730 327 
342 1084 836 
343 750 347 
344 789 388 
345 672 273 
346 748 345 
347 1123 923 
348 453 119 
349 1148 984 
350 1092 854 
351 1148 985 
352 891 513 
353 1100 870 
354 504 149 
355 1065 798 
356 694 293 
357 274 43 
358 1105 882 
359 344 68 
360 688 287 
361 1076 820 
362 861 474 
363 1077 823 
364 1041 751 
365 577 197 
366 940 583 
367 769 367 
368 1009 693 
369 1085 839 
370 1151 993 
371 1117 908 
372 929 566 
373 842 450 
374 1085 838 
375 1020 712 
376 1013 701 
377 1123 923 
378 1038 746 
379 807 408 
380 549 178 
381 1028 727 
382 1144 975 
383 954 603 
384 465 126 
385 805 406 
386 451 118 
387 604 217 
388 1080 828 
389 1125 928 
390 503 148 
391 628 236 
392 1063 794 
393 73 3 
394 1110 894 
395 1101 874 
396 775 373 
397 691 290 
398 980 644 
399 1050 768 
400 992 664 
401 839 446 
402 1071 809 
403 878 496 
404 1092 853 
405 1046 761 
406 878 496 
407 905 532 
408 879 497 
409 1045 758 
410 623 232 
411 908 536 
412 1017 708 
413 635 242 
414 841 449 
415 596 211 
416 783 382 
417 609 221 
418 1069 805 
419 901 526 
420 718 315 
421 897 521 
422 913 543 
423 942 586 
424 1045 759 
425 699 297 
426 1096 862 
427 1073 814 
428 274 43 
429 974 635 
430 733 330 
431 1081 831 
432 1134 949 
433 1110 894 
434 929 566 
435 519 158 
436 766 363 
437 989 660 
438 1137 956 
439 1150 989 
440 827 432 
441 1038 745 
442 616 227 
443 699 297 
444 985 653 
445 1142 969 
446 145 12 
447 1029 729 
448 903 529 
449 401 93 
450 522 160 
451 1026 724 
452 1112 897 
453 1077 822 
454 856 467 
455 901 527 
456 908 536 
457 1028 728 
458 1113 900 
459 1084 837 
460 568 191 
461 853 464 
462 968 626 
463 928 564 
464 687 286 
465 1117 910 
466 814 416 
467 1036 742 
468 866 480 
469 944 588 
470 947 593 
471 324 60 
472 606 219 
473 552 180 
474 503 148 
475 720 317 
476 1084 837 
477 727 324 
478 408 96 
479 619 229 
480 168 16 
481 944 589 
482 800 401 
483 1061 790 
484 825 430 
485 454 120 
486 1136 953 
487 1094 858 
488 1099 868 
489 632 239 
490 871 487 
491 1120 917 
492 1109 891 
493 1007 690 
494 788 387 
495 859 471 
496 486 138 
497 1049 766 
498 896 519 
499 662 264 
500 1022 717 
501 705 303 
502 919 551 
503 1116 906 
504 879 497 
505 1135 951 
506 560 185 
507 625 234 
508 1035 740 
509 759 356 
510 1144 973 
511 632 239 
512 681 281 
513 542 173 
514 1150 990 
515 828 433 
516 605 218 
517 1057 781 
518 1135 951 
519 1094 858 
520 850 460 
521 1077 822 
522 1019 711 
523 763 360 
524 877 494 
525 1107 887 
526 1080 829 
527 834 440 
528 42 1 
529 705 303 
530 868 483 
531 1080 828 
532 957 608 
533 871 486 
534 986 654 
535 871 486 
536 1067 801 
537 549 178 
538 540 172 
539 808 410 
540 321 59 
541 769 367 
542 1072 812 
543 919 551 
544 506 150 
545 852 462 
546 699 297 
547 555 182 
548 1022 717 
549 714 311 
550 946 591 
551 1078 825 
552 1009 694 
553 659 262 
554 863 476 
555 955 605 
556 1154 1000 
557 1142 969 
558 408 96 
559 689 288 
560 1087 843 
561 1151 991 
562 905 532 
563 849 459 
564 1076 819 
565 486 138 
566 761 358 
567 820 424 
568 1036 741 
569 1018 709 
570 1109 891 
571 364 76 
572 987 656 
573 601 215 
574 1130 939 
575 753 350 
576 588 205 
577 1117 910 
578 604 217 
579 197 22 
580 791 391 
581 922 556 
582 424 104 
583 1147 982 
584 380 83 
585 1061 789 
586 729 326 
587 1110 892 
588 807 409 
589 1103 878 
590 1004 684 
591 1048 765 
592 689 288 
593 1141 967 
594 904 531 
595 1113 899 
596 1095 861 
597 855 466 
598 483 136 
599 884 504 
600 1137 956 
601 1129 937 
602 987 656 
603 967 624 
604 565 189 
605 299 51 
606 364 76 
607 953 602 
608 1111 896 
609 951 599 
610 761 358 
611 946 591 
612 983 649 
613 981 646 
614 921 554 
615 484 137 
616 893 516 
617 1134 949 
618 1080 829 
619 1110 893 
620 593 209 
621 1115 904 
622 471 129 
623 936 577 
624 1128 936 
625 1145 976 
626 669 270 
627 929 566 
628 368 78 
629 804 405 
630 1021 714 
631 761 358 
632 329 62 
633 449 117 
634 583 202 
635 940 582 
636 293 49 
637 788 387 
638 1081 830 
639 955 605 
640 1088 846 
641 679 279 
642 205 24 
643 758 355 
644 897 521 
645 824 428 
646 1080 829 
647 815 418 
648 1078 824 
649 364 76 
650 898 522 
651 1115 904 
652 992 664 
653 832 438 
654 878 495 
655 1143 971 
656 188 20 
657 681 281 
658 777 375 
659 1102 875 
660 640 246 
661 609 221 
662 1103 878 
663 829 434 
664 490 140 
665 1135 952 
666 786 385 
667 1141 967 
668 750 347 
669 162 15 
670 293 49 
671 918 550 
672 371 79 
673 408 96 
674 972 631 
675 672 273 
676 356 73 
677 812 414 
678 1020 713 
679 1098 866 
680 1117 910 
681 796 396 
682 616 227 
683 985 653 
684 1023 719 
685 1046 760 
686 1014 703 
687 1047 763 
688 488 139 
689 484 137 
690 1018 709 
691 356 73 
692 965 621 
693 822 426 
694 1105 882 
695 888 509 
696 1091 852 
697 1064 796 
698 1137 957 
699 914 545 
700 838 445 
701 705 303 
702 384 85 
703 985 653 
704 1095 859 
705 848 457 
706 675 276 
707 920 553 
708 715 312 
709 597 212 
710 1131 942 
711 901 527 
712 1062 792 
713 965 620 
714 1051 770 
715 1140 965 
716 1099 868 
717 1061 790 
718 1085 839 
719 672 273 
720 1091 852 
721 1051 770 
722 424 104 
723 682 282 
724 1022 716 
725 244 34 
726 373 80 
727 944 589 
728 1154 999 
729 1074 816 
730 832 438 
731 713 310 
732 310 55 
733 979 643 
734 377 82 
735 1059 786 
736 1002 682 
737 937 578 
738 517 157 
739 788 387 
740 711 309 
741 1107 886 
742 1009 693 
743 742 339 
744 1088 845 
745 607 220 
746 1018 710 
747 840 447 
748 560 185 
749 903 529 
750 879 497 
751 1048 765 
752 634 241 
753 183 19 
754 1132 944 
755 659 262 
756 936 577 
757 991 662 
758 890 511 
759 1060 788 
760 971 630 
761 1117 908 
762 1137 957 
763 928 564 
764 1107 887 
765 849 459 
766 1020 712 
767 825 429 
768 1153 997 
769 862 475 
770 831 436 
771 901 527 
772 802 403 
773 598 213 
774 735 332 
775 1150 989 
776 1027 726 
777 586 204 
778 287 47 
779 673 274 
780 1137 957 
781 262 39 
782 1056 780 
783 590 207 
784 1119 913 
785 1113 901 
786 1052 773 
787 674 275 
788 258 38 
789 769 367 
790 806 407 
791 524 161 
792 119 8 
793 739 336 
794 807 408 
795 934 573 
796 845 454 
797 908 536 
798 1128 936 
799 1131 942 
800 822 426 
801 1064 796 
802 866 480 
803 711 309 
804 481 135 
805 670 271 
806 965 621 
807 666 268 
808 920 553 
809 517 157 
810 775 373 
811 755 352 
812 1015 704 
813 1079 826 
814 1046 760 
815 1107 887 
816 1091 852 
817 1027 726 
818 1015 704 
819 733 330 
820 854 465 
821 887 507 
822 1090 849 
823 751 348 
824 1088 845 
825 1150 989 
826 337 65 
827 1078 824 
828 995 669 
829 919 552 
830 662 264 
831 1103 878 
832 585 203 
833 901 526 
834 484 137 
835 1153 998 
836 1075 818 
837 1077 822 
838 1128 935 
839 1101 874 
840 1058 783 
841 985 653 
842 800 400 
843 237 32 
844 549 178 
845 546 176 
846 1088 845 
847 753 350 
848 874 490 
849 481 135 
850 1062 791 
851 1099 868 
852 638 244 
853 540 172 
854 585 203 
855 944 589 
856 882 501 
857 210 25 
858 1117 910 
859 504 149 
860 898 522 
861 1131 941 
862 978 642 
863 1056 779 
864 670 271 
865 1151 991 
866 601 215 
867 1125 928 
868 857 468 
869 771 369 
870 296 50 
871 858 470 
872 241 33 
873 157 14 
874 747 344 
875 271 42 
876 1116 907 
877 139 11 
878 1102 875 
879 1083 834 
880 831 436 
881 268 41 
882 965 620 
883 1077 823 
884 945 590 
885 800 401 
886 956 606 
887 1133 948 
888 408 96 
889 157 14 
890 821 425 
891 607 220 
892 1144 975 
893 567 190 
894 1130 940 
895 1028 727 
896 950 598 
897 1094 857 
898 1126 930 
899 782 381 
900 1085 838 
901 814 416 
902 871 486 
903 821 425 
904 864 477 
905 912 542 
906 1100 870 
907 1144 975 
908 1056 779 
909 605 218 
910 772 370 
911 1036 741 
912 1024 720 
913 1083 835 
914 658 261 
915 649 253 
916 961 615 
917 1087 842 
918 1047 763 
919 793 393 
920 819 422 
921 1043 755 
922 410 97 
923 1031 733 
924 979 643 
925 539 171 
926 992 664 
927 1115 905 
928 1010 696 
929 488 139 
930 926 562 
931 647 252 
932 1049 767 
933 809 411 
934 1076 819 
935 748 345 
936 255 37 
937 930 567 
938 698 296 
939 882 501 
940 701 299 
941 667 269 
942 974 635 
943 912 542 
944 1154 1000 
945 928 564 
946 735 332 
947 434 109 
948 996 672 
949 660 263 
950 456 121 
951 1088 844 
952 976 639 
953 632 239 
954 783 382 
955 1059 785 
956 966 622 
957 382 84 
958 928 565 
959 997 673 
960 530 165 
961 1056 780 
962 1142 968 
963 418 101 
964 883 502 
965 339 66 
966 1063 793 
967 940 583 
968 1050 768 
969 408 96 
970 558 184 
971 255 37 
972 1042 753 
973 1143 972 
974 628 236 
975 818 421 
976 733 330 
977 1117 910 
978 168 16 
979 791 391 
980 467 127 
981 1097 864 
982 391 88 
983 1110 894 
984 710 308 
985 759 356 
986 973 633 
987 1150 990 
988 1154 1000 
989 498 145 
990 539 171 
991 651 255 
992 1036 741 
993 1088 846 
994 537 170 
995 1132 944 
996 811 413 
997 554 181 
998 1097 864 
999 759 356 
1000 1045 758 
1001 968 625 
1002 955 605 
1003 962 616 
1004 946 591 
1005 205 24 
1006 1151 991 
1007 988 658 
1008 483 136 
1009 471 129 
1010 807 409 
1011 1068 803 
1012 1131 941 
1013 1140 965 
1014 1145 976 
1015 1096 862 
1016 1140 963 
1017 1119 914 
1018 689 288 
1019 531 166 
1020 841 449 
1021 1047 763 
1022 1149 987 
1023 274 43 
1024 581 200 
1025 1122 921 
1026 296 50 
1027 864 477 
1028 948 595 
1029 831 437 
1030 571 193 
1031 162 15 
1032 799 399 
1033 829 434 
1034 878 495 
1035 1110 893 
1036 857 468 
1037 1104 879 
1038 596 211 
1039 1065 797 
1040 968 625 
1041 183 19 
1042 769 367 
1043 998 674 
1044 998 675 
1045 714 311 
1046 885 505 
1047 274 43 
1048 1144 974 
1049 679 279 
1050 255 37 
1051 1062 792 
1052 963 618 
1053 1010 696 
1054 488 139 
1055 851 461 
1056 1010 695 
1057 342 67 
1058 1153 998 
1059 416 100 
1060 756 353 
1061 840 448 
1062 916 547 
1063 800 400 
1064 893 516 
1065 893 515 
1066 929 566 
1067 875 492 
1068 408 96 
1069 868 483 
1070 967 624 
1071 924 559 
1072 326 61 
1073 685 285 
1074 1120 915 
1075 1087 842 
1076 866 480 
1077 857 468 
1078 849 459 
1079 1045 759 
1080 944 588 
1081 899 524 
1082 349 70 
1083 1044 756 
1084 644 249 
1085 443 114 
1086 304 53 
1087 258 38 
1088 909 537 
1089 1073 813 
1090 643 248 
1091 883 502 
1092 1147 981 
1093 237 32 
1094 900 525 
1095 940 583 
1096 1152 995 
1097 685 285 
1098 822 426 
1099 366 77 
1100 1047 763 
1101 993 666 
1102 1147 982 
1103 1053 774 
1104 542 173 
1105 670 271 
1106 218 27 
1107 803 404 
1108 938 580 
1109 956 606 
1110 465 126 
1111 1115 905 
1112 960 613 
1113 1083 834 
1114 347 69 
1115 691 290 
1116 800 400 
1117 896 520 
1118 966 623 
1119 837 444 
1120 911 541 
1121 1128 936 
1122 632 239 
1123 997 673 
1124 866 480 
1125 1030 731 
1126 748 345 
1127 743 340 
1128 883 502 
1129 1065 798 
1130 959 611 
1131 680 280 
1132 811 413 
1133 1153 998 
1134 1095 861 
1135 1106 884 
1136 641 247 
1137 717 314 
1138 891 513 
1139 1025 721 
1140 579 199 
1141 1080 828 
1142 823 427 
1143 904 530 
1144 748 345 
1145 1151 991 
1146 268 41 
1147 757 354 
1148 966 622 
1149 741 338 
1150 342 67 
1151 410 97 
1152 797 397 
1153 926 562 
1154 462 124 
1155 1118 911 
1156 299 51 
1157 921 555 
1158 906 534 
1159 1081 831 
1160 1149 987 
1161 546 176 
1162 1152 994 
1163 985 653 
1164 687 286 
1165 103 6 
1166 588 205 
1167 1128 936 
1168 647 252 
1169 1084 837 
1170 666 268 
1171 1148 984 
1172 891 513 
1173 157 14 
1174 860 472 
1175 723 320 
1176 1054 776 
1177 504 149 
1178 1055 778 
1179 1150 988 
1180 1076 819 
1181 820 424 
1182 671 272 
1183 774 372 
1184 908 536 
1185 478 133 
1186 1022 717 
1187 1135 951 
1188 251 36 
1189 833 439 
1190 911 541 
1191 827 432 
1192 447 116 
1193 428 106 
1194 900 525 
1195 145 12 
1196 545 175 
1197 655 258 
1198 871 487 
1199 1139 962 
1200 1099 869 
1201 1104 880 
1202 788 387 
1203 848 457 
1204 749 346 
1205 837 444 
1206 611 223 
1207 984 652 
1208 551 179 
1209 1060 787 
1210 896 520 
1211 854 465 
1212 1089 847 
1213 708 306 
1214 329 62 
1215 782 381 
1216 966 622 
1217 1033 736 
1218 862 475 
1219 958 609 
1220 703 301 
1221 847 456 
1222 575 196 
1223 1015 704 
1224 763 360 
1225 1035 740 
1226 1077 822 
1227 889 510 
1228 906 534 
1229 1016 706 
1230 867 481 
1231 594 210 
1232 1059 785 
1233 868 483 
1234 872 488 
1235 933 572 
1236 700 298 
1237 753 350 
1238 611 223 
1239 495 143 
1240 1020 712 
1241 1050 769 
1242 1079 827 
1243 935 575 
1244 645 250 
1245 739 336 
1246 1084 837 
1247 647 252 
1248 706 304 
1249 1083 835 
1250 1121 919 
1251 1147 981 
1252 944 589 
1253 975 636 
1254 1140 964 
1255 1009 693 
1256 705 303 
1257 1117 910 
1258 916 548 
1259 663 265 
1260 1144 973 
1261 946 591 
1262 649 253 
1263 941 584 
1264 495 143 
1265 934 574 
1266 1042 754 
1267 548 177 
1268 780 378 
1269 347 69 
1270 1058 784 
1271 1148 983 
1272 771 369 
1273 352 71 
1274 944 588 
1275 957 608 
1276 735 332 
1277 296 50 
1278 955 605 
1279 571 193 
1280 857 468 
1281 368 78 
1282 201 23 
1283 921 555 
1284 476 132 
1285 1102 876 
1286 1077 822 
1287 779 377 
1288 1038 745 
1289 992 664 
1290 986 655 
1291 961 615 
1292 1083 835 
1293 162 15 
1294 1071 810 
1295 1044 756 
1296 821 425 
1297 942 585 
1298 1030 730 
1299 967 624 
1300 570 192 
1301 545 175 
1302 1087 842 
1303 961 614 
1304 851 461 
1305 711 309 
1306 952 601 
1307 299 51 
1308 347 69 
1309 1090 849 
1310 1037 743 
1311 638 244 
1312 1102 876 
1313 653 257 
1314 1009 693 
1315 1153 996 
1316 472 130 
1317 903 529 
1318 968 625 
1319 488 139 
1320 696 295 
1321 708 306 
1322 754 351 
1323 1041 751 
1324 522 160 
1325 1143 972 
1326 509 152 
1327 1057 782 
1328 162 15 
1329 1099 868 
1330 479 134 
1331 1059 786 
1332 805 406 
1333 1014 702 
1334 1140 965 
1335 904 531 
1336 789 388 
1337 750 347 
1338 324 60 
1339 1066 800 
1340 103 6 
1341 862 475 
1342 1139 961 
1343 852 462 
1344 630 238 
1345 694 293 
1346 1070 808 
1347 825 430 
1348 1082 832 
1349 771 369 
1350 675 276 
1351 248 35 
1352 1154 999 
1353 752 349 
1354 1099 868 
1355 653 257 
1356 503 148 
1357 1004 684 
1358 890 511 
1359 738 335 
1360 1114 903 
1361 1028 728 
1362 1108 888 
1363 1140 965 
1364 932 571 
1365 884 504 
1366 1034 738 
1367 1085 838 
1368 912 542 
1369 757 354 
1370 1051 771 
1371 1037 743 
1372 687 286 
1373 615 226 
1374 911 541 
1375 917 549 
1376 222 28 
1377 992 664 
1378 936 576 
1379 1133 947 
1380 84 4 
1381 865 478 
1382 524 161 
1383 1067 801 
1384 701 299 
1385 371 79 
1386 1088 846 
1387 970 629 
1388 557 183 
1389 931 569 
1390 611 223 
1391 650 254 
1392 1087 842 
1393 1051 771 
1394 1040 750 
1395 501 147 
1396 632 239 
1397 641 247 
1398 696 295 
1399 1104 879 
1400 816 419 
1401 861 473 
1402 698 296 
1403 237 32 
1404 1110 892 
1405 955 605 
1406 815 418 
1407 893 515 
1408 226 29 
1409 893 516 
1410 1073 813 
1411 1075 817 
1412 1142 968 
1413 233 31 
1414 568 191 
1415 694 293 
1416 983 649 
1417 412 98 
1418 1005 686 
1419 856 467 
1420 690 289 
1421 296 50 
1422 393 89 
1423 1087 842 
1424 1046 761 
1425 762 359 
1426 898 522 
1427 964 619 
1428 780 378 
1429 59 2 
1430 465 126 
1431 1118 911 
1432 1130 939 
1433 853 463 
1434 849 458 
1435 916 547 
1436 973 634 
1437 984 652 
1438 633 240 
1439 865 479 
1440 997 673 
1441 1142 968 
1442 1135 952 
1443 1075 818 
1444 1016 706 
1445 1133 948 
1446 812 414 
1447 1118 912 
1448 562 187 
1449 703 301 
1450 1012 698 
1451 1008 692 
1452 1123 923 
1453 287 47 
1454 1051 771 
1455 1110 893 
1456 500 146 
1457 474 131 
1458 887 507 
1459 887 508 
1460 766 364 
1461 1016 705 
1462 911 541 
1463 959 612 
1464 669 270 
1465 1088 846 
1466 126 9 
1467 1011 697 
1468 1141 967 
1469 557 183 
1470 1005 687 
1471 1067 801 
1472 814 416 
1473 1039 748 
1474 352 71 
1475 970 629 
1476 1026 724 
1477 928 565 
1478 557 183 
1479 1145 976 
1480 941 584 
1481 558 184 
1482 278 44 
1483 1065 798 
1484 488 139 
1485 1093 856 
1486 738 335 
1487 1144 974 
1488 976 639 
1489 1148 983 
1490 867 481 
1491 902 528 
1492 1045 758 
1493 684 284 
1494 1110 894 
1495 977 640 
1496 491 141 
1497 1022 717 
1498 1092 854 
1499 982 648 
1500 596 211 
1501 906 534 
1502 754 351 
1503 548 177 
1504 572 194 
1505 1145 976 
1506 597 212 
1507 932 570 
1508 934 573 
1509 1043 755 
1510 977 640 
1511 1144 975 
1512 908 536 
1513 539 171 
1514 948 595 
1515 1087 843 
1516 780 379 
1517 895 518 
1518 1102 875 
1519 1073 813 
1520 632 239 
1521 460 123 
1522 399 92 
1523 972 631 
1524 1150 990 
1525 944 588 
1526 1125 928 
1527 1090 849 
1528 567 190 
1529 344 68 
1530 946 591 
1531 765 362 
1532 388 87 
1533 733 330 
1534 902 528 
1535 1053 775 
1536 834 440 
1537 666 268 
1538 975 637 
1539 624 233 
1540 694 293 
1541 863 476 
1542 139 11 
1543 701 299 
1544 1034 739 
1545 737 334 
1546 846 455 
1547 271 42 
1548 1071 810 
1549 738 335 
1550 764 361 
1551 445 115 
1552 1025 722 
1553 533 167 
1554 84 4 
1555 1005 687 
1556 1065 798 
1557 972 631 
1558 1076 819 
1559 375 81 
1560 943 587 
1561 361 75 
1562 1144 974 
1563 1131 942 
1564 1097 865 
1565 1042 753 
1566 605 218 
1567 596 211 
1568 570 192 
1569 1041 752 
1570 999 676 
1571 414 99 
1572 324 60 
1573 1025 721 
1574 1141 966 
1575 567 190 
1576 1139 962 
1577 484 137 
1578 1015 704 
1579 1075 818 
1580 860 472 
1581 1088 845 
1582 957 608 
1583 1077 822 
1584 723 320 
1585 183 19 
1586 707 305 
1587 593 209 
1588 490 140 
1589 1045 759 
1590 982 648 
1591 660 263 
1592 1026 723 
1593 636 243 
1594 604 217 
1595 916 548 
1596 214 26 
1597 831 437 
1598 1092 854 
1599 669 270 
1600 751 348 
1601 628 236 
1602 290 48 
1603 620 230 
1604 886 506 
1605 1056 779 
1606 836 443 
1607 907 535 
1608 830 435 
1609 838 445 
1610 934 574 
1611 857 469 
1612 882 501 
1613 729 326 
1614 1132 944 
1615 310 55 
1616 771 369 
1617 1089 848 
1618 980 644 
1619 659 262 
1620 525 162 
1621 342 67 
1622 1027 725 
1623 656 259 
1624 950 598 
1625 932 570 
1626 682 282 
1627 893 516 
1628 943 587 
1629 1140 965 
1630 1051 771 
1631 630 238 
1632 809 411 
1633 1071 809 
1634 293 49 
1635 462 124 
1636 570 192 
1637 614 225 
1638 771 369 
1639 1150 990 
1640 890 512 
1641 785 384 
1642 1108 889 
1643 959 611 
1644 1119 913 
1645 1110 892 
1646 952 601 
1647 1114 903 
1648 434 109 
1649 781 380 
1650 849 459 
1651 84 4 
1652 940 583 
1653 1034 738 
1654 364 76 
1655 588 205 
1656 1150 988 
1657 1101 874 
1658 334 64 
1659 589 206 
1660 616 227 
1661 902 528 
1662 755 352 
1663 667 269 
1664 744 341 
1665 906 534 
1666 907 535 
1667 1102 876 
1668 1150 988 
1669 574 195 
1670 860 472 
1671 647 252 
1672 1077 823 
1673 863 476 
1674 708 306 
1675 1090 850 
1676 476 132 
1677 451 118 
1678 922 556 
1679 1080 829 
1680 1095 861 
1681 897 521 
1682 866 480 
1683 1027 725 
1684 562 187 
1685 906 534 
1686 299 51 
1687 1131 941 
1688 811 413 
1689 178 18 
1690 501 147 
1691 868 482 
1692 880 498 
1693 1115 904 
1694 1062 791 
1695 868 482 
1696 635 242 
1697 443 114 
1698 271 42 
1699 1117 909 
1700 914 544 
1701 1115 905 
1702 469 128 
1703 310 55 
1704 318 58 
1705 1058 784 
1706 1125 927 
1707 1017 707 
1708 1019 711 
1709 1052 772 
1710 508 151 
1711 978 641 
1712 696 295 
1713 761 358 
1714 1133 946 
1715 1142 968 
1716 972 631 
1717 1018 710 
1718 684 284 
1719 1133 948 
1720 359 74 
1721 536 169 
1722 899 523 
1723 498 145 
1724 820 424 
1725 797 397 
1726 1154 999 
1727 401 93 
1728 1063 794 
1729 1077 823 
1730 636 243 
1731 1119 913 
1732 380 83 
1733 514 155 
1734 1105 882 
1735 1145 976 
1736 439 112 
1737 430 107 
1738 822 426 
1739 611 223 
1740 237 32 
1741 1069 806 
1742 1048 764 
1743 823 427 
1744 831 437 
1745 1136 955 
1746 936 577 
1747 970 629 
1748 1097 865 
1749 734 331 
1750 1023 718 
1751 454 120 
1752 1151 993 
1753 593 209 
1754 439 112 
1755 690 289 
1756 629 237 
1757 1127 933 
1758 483 136 
1759 519 158 
1760 94 5 
1761 1008 692 
1762 908 536 
1763 406 95 
1764 1150 989 
1765 925 561 
1766 1150 988 
1767 1089 848 
1768 1126 929 
1769 957 608 
1770 359 74 
1771 302 52 
1772 1067 801 
1773 1117 908 
1774 1086 841 
1775 1152 995 
1776 1073 814 
1777 1132 944 
1778 1095 861 
1779 994 668 
1780 1051 770 
1781 1021 715 
1782 582 201 
1783 627 235 
1784 824 428 
1785 296 50 
1786 766 363 
1787 1068 804 
1788 410 97 
1789 821 425 
1790 893 515 
1791 449 117 
1792 445 115 
1793 511 153 
1794 788 387 
1795 698 296 
1796 1110 894 
1797 751 348 
1798 755 352 
1799 832 438 
1800 1052 773 
1801 684 284 
1802 406 95 
1803 1060 788 
1804 732 329 
1805 481 135 
1806 884 504 
1807 681 281 
1808 682 282 
1809 384 85 
1810 650 254 
1811 999 677 
1812 1130 939 
1813 533 167 
1814 685 285 
1815 1060 788 
1816 635 242 
1817 1123 922 
1818 59 2 
1819 716 313 
1820 985 653 
1821 1038 746 
1822 567 190 
1823 765 362 
1824 975 637 
1825 1100 871 
1826 788 387 
1827 815 418 
1828 1000 678 
1829 296 50 
1830 869 484 
1831 741 338 
1832 985 653 
1833 770 368 
1834 536 169 
1835 1128 934 
1836 391 88 
1837 900 525 
1838 1015 704 
1839 1027 725 
1840 1132 945 
1841 733 330 
1842 752 349 
1843 814 417 
1844 73 3 
1845 987 656 
1846 1129 938 
1847 1149 987 
1848 486 138 
1849 682 282 
1850 981 647 
1851 391 88 
1852 799 399 
1853 721 318 
1854 742 339 
1855 956 606 
1856 998 674 
1857 881 500 
1858 860 472 
1859 157 14 
1860 1031 733 
1861 1057 781 
1862 1030 730 
1863 899 523 
1864 813 415 
1865 1123 924 
1866 715 312 
1867 1098 866 
1868 687 286 
1869 925 560 
1870 1132 945 
1871 792 392 
1872 927 563 
1873 1142 968 
1874 1111 896 
1875 1117 910 
1876 561 186 
1877 1022 717 
1878 1101 872 
1879 334 64 
1880 519 158 
1881 893 515 
1882 914 544 
1883 614 225 
1884 914 545 
1885 601 215 
1886 373 80 
1887 1001 679 
1888 828 433 
1889 691 290 
1890 801 402 
1891 911 541 
1892 1060 788 
1893 1013 700 
1894 1011 697 
1895 1052 772 
1896 980 645 
1897 1078 825 
1898 922 556 
1899 1046 760 
1900 868 483 
1901 111 7 
1902 1030 731 
1903 614 225 
1904 698 296 
1905 1069 805 
1906 1006 689 
1907 798 398 
1908 747 344 
1909 1114 902 
1910 872 488 
1911 585 203 
1912 386 86 
1913 1136 955 
1914 641 247 
1915 222 28 
1916 707 305 
1917 1099 868 
1918 784 383 
1919 1028 727 
1920 564 188 
1921 1053 775 
1922 1094 857 
1923 543 174 
1924 293 49 
1925 670 271 
1926 1112 897 
1927 937 578 
1928 939 581 
1929 858 470 
1930 640 246 
1931 872 488 
1932 1010 695 
1933 1063 794 
1934 1154 999 
1935 799 399 
1936 548 177 
1937 380 83 
1938 1100 870 
1939 354 72 
1940 888 509 
1941 665 267 
1942 1142 969 
1943 666 268 
1944 454 120 
1945 552 180 
1946 551 179 
1947 814 417 
1948 947 593 
1949 1040 749 
1950 1135 951 
1951 1052 773 
1952 395 90 
1953 1065 797 
1954 401 93 
1955 560 185 
1956 506 150 
1957 839 446 
1958 855 466 
1959 889 510 
1960 914 545 
1961 625 234 
1962 1133 948 
1963 823 427 
1964 948 595 
1965 1063 793 
1966 397 91 
1967 693 292 
1968 1088 844 
1969 983 649 
1970 1151 993 
1971 399 92 
1972 748 345 
1973 628 236 
1974 801 402 
1975 586 204 
1976 894 517 
1977 923 557 
1978 984 652 
1979 1029 729 
1980 570 192 
1981 583 202 
1982 119 8 
1983 1063 793 
1984 816 419 
1985 823 427 
1986 1096 863 
1987 900 525 
1988 537 170 
1989 1067 801 
1990 934 573 
1991 126 9 
1992 785 384 
1993 865 479 
1994 972 632 
1995 813 415 
1996 667 269 
1997 850 460 
1998 471 129 
1999 1049 767 
2000 1030 731 
2001 940 583 
2002 1006 689 
2003 1063 794 
2004 1123 924 
2005 1142 969 
2006 752 349 
2007 1011 697 
2008 1144 974 
2009 950 598 
2010 734 331 
2011 635 242 
2012 889 510 
2013 636 243 
2014 815 418 
2015 849 459 
2016 972 632 
2017 1042 753 
2018 1134 949 
2019 491 141 
2020 752 349 
2021 914 544 
2022 715 312 
2023 1067 801 
2024 993 666 
2025 759 356 
2026 978 641 
2027 883 502 
2028 332 63 
2029 1034 739 
2030 746 343 
2031 925 560 
2032 999 677 
2033 577 197 
2034 819 422 
2035 1012 698 
2036 641 247 
2037 428 106 
2038 914 545 
2039 752 349 
2040 879 497 
2041 406 95 
2042 630 238 
2043 729 326 
2044 684 284 
2045 1002 681 
2046 864 477 
2047 1146 979 
2048 961 615 
2049 791 391 
2050 841 449 
2051 825 430 
2052 746 343 
2053 460 123 
2054 944 589 
2055 902 528 
2056 1135 951 
2057 749 346 
2058 1041 751 
2059 721 318 
2060 602 216 
2061 976 639 
2062 233 31 
2063 1066 800 
2064 1129 938 
2065 948 595 
2066 613 224 
2067 774 372 
2068 706 304 
2069 581 200 
2070 630 238 
2071 520 159 
2072 996 672 
2073 1108 888 
2074 846 455 
2075 1143 972 
2076 962 616 
2077 1146 978 
2078 377 82 
2079 822 426 
2080 664 266 
2081 736 333 
2082 948 594 
2083 1097 865 
2084 807 408 
2085 856 467 
2086 1109 890 
2087 1065 797 
2088 930 568 
2089 981 647 
2090 725 322 
2091 42 1 
2092 1020 712 
2093 956 606 
2094 706 304 
2095 1120 917 
2096 968 626 
2097 786 385 
2098 890 512 
2099 997 673 
2100 992 665 
2101 973 633 
2102 766 364 
2103 1100 871 
2104 635 242 
2105 1129 938 
2106 1056 780 
2107 899 523 
2108 743 340 
2109 919 552 
2110 545 175 
2111 1040 750 
2112 233 31 
2113 1008 692 
2114 1118 911 
2115 840 447 
2116 1054 776 
2117 762 359 
2118 748 345 
2119 1101 872 
2120 758 355 
2121 476 132 
2122 904 530 
2123 883 502 
2124 840 447 
2125 615 226 
2126 733 330 
2127 1104 880 
2128 1134 949 
2129 1078 824 
2130 893 516 
2131 871 487 
2132 1020 713 
2133 1010 695 
2134 857 468 
2135 1150 989 
2136 162 15 
2137 1095 859 
2138 352 71 
2139 1005 686 
2140 745 342 
2141 932 570 
2142 506 150 
2143 1078 825 
2144 957 608 
2145 359 74 
2146 318 58 
2147 1061 790 
2148 1053 775 
2149 923 558 
2150 663 265 
2151 879 497 
2152 594 210 
2153 664 266 
2154 1151 991 
2155 530 165 
2156 1022 717 
2157 861 474 
2158 1092 854 
2159 1007 690 
2160 766 364 
2161 753 350 
2162 1100 870 
2163 1037 744 
2164 896 520 
2165 885 505 
2166 1013 700 
2167 947 593 
2168 520 159 
2169 1077 821 
2170 722 319 
2171 772 370 
2172 1151 992 
2173 651 255 
2174 858 470 
2175 1006 689 
2176 1088 844 
2177 1038 745 
2178 596 211 
2179 313 56 
2180 669 270 
2181 1133 946 
2182 829 434 
2183 936 576 
2184 1017 707 
2185 622 231 
2186 1075 818 
2187 233 31 
2188 843 451 
2189 1107 886 
2190 921 554 
2191 1059 786 
2192 1040 749 
2193 1092 853 
2194 418 101 
2195 244 34 
2196 839 446 
2197 1141 967 
2198 1069 806 
2199 904 531 
2200 741 338 
2201 713 310 
2202 893 516 
2203 977 640 
2204 426 105 
2205 968 625 
2206 912 542 
2207 546 176 
2208 1056 779 
2209 623 232 
2210 866 480 
2211 1095 860 
2212 1022 716 
2213 1126 930 
2214 1022 716 
2215 811 413 
2216 1104 880 
2217 999 677 
2218 861 473 
2219 904 530 
2220 533 167 
2221 687 286 
2222 1093 855 
2223 770 368 
2224 1002 682 
2225 831 436 
2226 1066 800 
2227 406 95 
2228 1109 891 
2229 1126 929 
2230 1016 705 
2231 1047 763 
2232 909 537 
2233 1037 744 
2234 721 318 
2235 1001 680 
2236 1059 785 
2237 723 320 
2238 1125 928 
2239 934 573 
2240 995 669 
2241 956 606 
2242 822 426 
2243 829 434 
2244 168 16 
2245 1134 950 
2246 262 39 
2247 524 161 
2248 919 552 
2249 183 19 
2250 912 542 
2251 1118 911 
2252 397 91 
2253 1109 890 
2254 981 646 
2255 933 572 
2256 873 489 
2257 414 99 
2258 1016 705 
2259 650 254 
2260 1024 720 
2261 919 551 
2262 759 356 
2263 1142 970 
2264 1116 906 
2265 1126 930 
2266 598 213 
2267 514 155 
2268 522 160 
2269 1012 698 
2270 893 516 
2271 1024 720 
2272 836 442 
2273 999 677 
2274 561 186 
2275 708 306 
2276 803 404 
2277 453 119 
2278 710 308 
2279 750 347 
2280 979 643 
2281 1136 953 
2282 936 576 
2283 438 111 
2284 1127 933 
2285 842 450 
2286 197 22 
2287 1027 726 
2288 980 644 
2289 1034 738 
2290 1101 872 
2291 834 440 
2292 636 243 
2293 978 641 
2294 756 353 
2295 865 479 
2296 1104 879 
2297 1146 980 
2298 1105 882 
2299 1074 816 
2300 1096 862 
2301 715 312 
2302 469 128 
2303 582 201 
2304 766 363 
2305 1147 981 
2306 1144 974 
2307 938 580 
2308 1104 879 
2309 1136 955 
2310 663 265 
2311 1063 794 
2312 835 441 
2313 287 47 
2314 935 575 
2315 1046 761 
2316 632 239 
2317 907 535 
2318 865 478 
2319 981 646 
2320 942 586 
2321 42 1 
2322 1126 931 
2323 843 451 
2324 329 62 
2325 652 256 
2326 469 128 
2327 1011 697 
2328 1085 838 
2329 762 359 
2330 868 483 
2331 971 630 
2332 1080 828 
2333 862 475 
2334 1048 765 
2335 724 321 
2336 1088 846 
2337 586 204 
2338 1006 688 
2339 992 664 
2340 1094 858 
2341 251 36 
2342 1010 696 
2343 1122 920 
2344 1142 970 
2345 995 670 
2346 766 363 
2347 864 477 
2348 902 528 
2349 1089 847 
2350 820 424 
2351 990 661 
2352 849 459 
2353 441 113 
2354 1140 963 
2355 496 144 
2356 935 575 
2357 412 98 
2358 1138 959 
2359 1071 810 
2360 756 353 
2361 1142 969 
2362 780 378 
2363 890 511 
2364 763 360 
2365 1090 849 
2366 1146 980 
2367 1049 766 
2368 94 5 
2369 321 59 
2370 901 527 
2371 1066 799 
2372 1060 787 
2373 1024 720 
2374 1132 944 
2375 905 532 
2376 833 439 
2377 1044 756 
2378 1133 948 
2379 1008 691 
2380 1101 872 
2381 735 332 
2382 139 11 
2383 571 193 
2384 1154 999 
2385 496 144 
2386 316 57 
2387 546 176 
2388 982 648 
2389 1046 761 
2390 1135 951 
2391 1063 793 
2392 1141 967 
2393 998 675 
2394 804 405 
2395 214 26 
2396 1153 996 
2397 575 196 
2398 750 347 
2399 318 58 
2400 1041 751 
2401 862 475 
2402 1021 715 
2403 1023 719 
2404 726 323 
2405 931 569 
2406 1042 753 
2407 1134 950 
2408 1085 838 
2409 927 563 
2410 717 314 
2411 1102 875 
2412 966 623 
2413 775 373 
2414 763 360 
2415 922 556 
2416 1005 687 
2417 820 424 
2418 984 651 
2419 764 361 
2420 1154 1000 
2421 1084 836 
2422 1002 681 
2423 622 231 
2424 1024 720 
2425 669 270 
2426 1057 782 
2427 643 248 
2428 840 447 
2429 488 139 
2430 364 76 
2431 1034 739 
2432 1153 996 
2433 691 290 
2434 1048 764 
2435 339 66 
2436 816 419 
2437 1085 838 
2438 881 499 
2439 737 334 
2440 426 105 
2441 992 665 
2442 768 366 
2443 782 381 
2444 307 54 
2445 993 666 
2446 928 565 
2447 84 4 
2448 968 625 
2449 738 335 
2450 881 499 
2451 1134 949 
2452 1151 991 
2453 1146 979 
2454 943 587 
2455 886 506 
2456 326 61 
2457 441 113 
2458 399 92 
2459 1151 991 
2460 1010 696 
2461 493 142 
2462 567 190 
2463 1133 947 
2464 684 284 
2465 1146 978 
2466 959 611 
2467 1074 815 
2468 998 674 
2469 1081 831 
2470 721 318 
2471 1124 925 
2472 111 7 
2473 866 480 
2474 1085 838 
2475 707 305 
2476 656 259 
2477 1133 947 
2478 596 211 
2479 445 115 
2480 853 463 
2481 878 495 
2482 957 608 
2483 1068 803 
2484 567 190 
2485 991 662 
2486 1066 799 
2487 397 91 
2488 869 484 
2489 933 572 
2490 332 63 
2491 1058 784 
2492 707 305 
2493 1150 989 
2494 771 369 
2495 909 537 
2496 679 279 
2497 525 162 
2498 753 350 
2499 600 214 
2500 1135 951 
2501 607 220 
2502 1071 810 
2503 644 249 
2504 469 128 
2505 1032 735 
2506 344 68 
2507 1066 800 
2508 1145 976 
2509 265 40 
2510 1003 683 
2511 1115 904 
2512 792 392 
2513 1028 727 
2514 486 138 
2515 836 443 
2516 1003 683 
2517 950 597 
2518 1013 700 
2519 1143 971 
2520 966 623 
2521 641 247 
2522 1062 792 
2523 975 636 
2524 880 498 
2525 1151 992 
2526 711 309 
2527 347 69 
2528 530 165 
2529 932 570 
2530 1138 959 
2531 262 39 
2532 1064 796 
2533 530 165 
2534 902 528 
2535 476 132 
2536 1076 820 
2537 678 278 
2538 481 135 
2539 313 56 
2540 1021 715 
2541 1046 761 
2542 719 316 
2543 1060 787 
2544 1133 947 
2545 813 415 
2546 536 169 
2547 530 165 
2548 332 63 
2549 1025 721 
2550 1101 874 
2551 290 48 
2552 1048 764 
2553 1105 882 
2554 685 285 
2555 549 178 
2556 903 529 
2557 755 352 
2558 734 331 
2559 806 407 
2560 1114 903 
2561 963 618 
2562 1035 740 
2563 757 354 
2564 1006 688 
2565 527 163 
2566 1027 726 
2567 870 485 
2568 460 123 
2569 1117 909 
2570 799 399 
2571 1064 795 
2572 1153 998 
2573 1032 735 
2574 630 238 
2575 900 525 
2576 1083 834 
2577 986 655 
2578 1052 773 
2579 582 201 
2580 780 379 
2581 1033 736 
2582 653 257 
2583 278 44 
2584 857 469 
2585 760 357 
2586 522 160 
2587 1139 961 
2588 951 599 
2589 823 427 
2590 724 321 
2591 977 640 
2592 1095 859 
2593 1109 890 
2594 262 39 
2595 696 295 
2596 1102 875 
2597 278 44 
2598 929 566 
2599 380 83 
2600 1084 837 
2601 1080 829 
2602 857 468 
2603 820 424 
2604 992 664 
2605 623 232 
2606 1105 881 
2607 949 596 
2608 954 604 
2609 1058 784 
2610 1114 902 
2611 957 608 
2612 865 478 
2613 735 332 
2614 920 553 
2615 1085 838 
2616 511 153 
2617 908 536 
2618 1049 767 
2619 994 667 
2620 517 157 
2621 1003 683 
2622 439 112 
2623 1065 798 
2624 1109 891 
2625 646 251 
2626 799 399 
2627 986 655 
2628 1069 806 
2629 948 594 
2630 738 335 
2631 908 536 
2632 1120 915 
2633 863 476 
2634 1141 966 
2635 806 407 
2636 1148 985 
2637 805 406 
2638 1044 757 
2639 377 82 
2640 645 250 
2641 982 648 
2642 1150 989 
2643 334 64 
2644 570 192 
2645 574 195 
2646 1095 859 
2647 368 78 
2648 941 584 
2649 999 676 
2650 1022 716 
2651 738 335 
2652 1075 817 
2653 1027 726 
2654 707 305 
2655 1113 899 
2656 504 149 
2657 881 499 
2658 416 100 
2659 1058 784 
2660 1085 839 
2661 364 76 
2662 624 233 
2663 692 291 
2664 539 171 
2665 665 267 
2666 667 269 
2667 1086 840 
2668 1067 801 
2669 1135 952 
2670 395 90 
2671 888 509 
2672 1016 706 
2673 173 17 
2674 334 64 
2675 551 179 
2676 925 560 
2677 1014 703 
2678 1113 901 
2679 1044 756 
2680 1152 994 
2681 508 151 
2682 812 414 
2683 284 46 
2684 151 13 
2685 871 486 
2686 1047 763 
2687 911 541 
2688 742 339 
2689 710 308 
2690 956 606 
2691 447 116 
2692 792 392 
2693 998 674 
2694 344 68 
2695 720 317 
2696 1148 983 
2697 959 611 
2698 513 154 
2699 750 347 
2700 1042 753 
2701 1147 982 
2702 860 472 
2703 884 503 
2704 728 325 
2705 724 321 
2706 356 73 
2707 807 408 
2708 1029 729 
2709 438 111 
2710 1086 841 
2711 1151 993 
2712 287 47 
2713 1149 987 
2714 1077 821 
2715 669 270 
2716 671 272 
2717 1025 722 
2718 197 22 
2719 819 422 
2720 1130 940 
2721 1131 941 
2722 530 165 
2723 472 130 
2724 976 639 
2725 575 196 
2726 522 160 
2727 278 44 
2728 1128 934 
2729 984 651 
2730 1017 707 
2731 947 593 
2732 946 591 
2733 1151 992 
2734 996 672 
2735 1121 919 
2736 586 204 
2737 1133 946 
2738 611 223 
2739 696 295 
2740 424 104 
2741 816 419 
2742 401 93 
2743 380 83 
2744 820 423 
2745 533 167 
2746 441 113 
2747 1058 784 
2748 1038 746 
2749 725 322 
2750 500 146 
2751 1099 869 
2752 1042 753 
2753 630 238 
2754 829 434 
2755 801 402 
2756 368 78 
2757 794 394 
2758 965 621 
2759 614 225 
2760 1037 744 
2761 734 331 
2762 794 394 
2763 908 536 
2764 980 645 
2765 197 22 
2766 1015 704 
2767 1117 909 
2768 1081 830 
2769 788 387 
2770 458 122 
2771 1070 808 
2772 368 78 
2773 503 148 
2774 1087 843 
2775 850 460 
2776 773 371 
2777 683 283 
2778 1025 722 
2779 1088 845 
2780 823 427 
2781 1041 751 
2782 820 423 
2783 765 362 
2784 633 240 
2785 976 639 
2786 954 603 
2787 844 452 
2788 1013 700 
2789 1031 732 
2790 999 676 
2791 1131 941 
2792 934 573 
2793 881 499 
2794 1114 902 
2795 1051 770 
2796 1112 897 
2797 509 152 
2798 1075 818 
2799 1078 825 
2800 904 531 
2801 1052 772 
2802 765 362 
2803 849 459 
2804 1137 956 
2805 592 208 
2806 412 98 
2807 594 210 
2808 808 410 
2809 660 263 
2810 126 9 
2811 1098 867 
2812 674 275 
2813 310 55 
2814 281 45 
2815 985 653 
2816 874 490 
2817 290 48 
2818 1090 850 
2819 592 208 
2820 484 137 
2821 1130 939 
2822 1076 819 
2823 1148 983 
2824 1131 941 
2825 881 499 
2826 1144 975 
2827 812 414 
2828 736 333 
2829 722 319 
2830 1092 853 
2831 674 275 
2832 758 355 
2833 917 549 
2834 162 15 
2835 534 168 
2836 919 552 
2837 662 264 
2838 780 378 
2839 1121 919 
2840 984 651 
2841 989 659 
2842 1106 884 
2843 564 188 
2844 1056 779 
2845 1113 900 
2846 609 221 
2847 853 463 
2848 1089 848 
2849 1063 793 
2850 976 638 
2851 495 143 
2852 649 253 
2853 639 245 
2854 1140 964 
2855 884 503 
2856 884 504 
2857 1068 803 
2858 831 437 
2859 893 515 
2860 827 432 
2861 593 209 
2862 978 641 
2863 503 148 
2864 687 286 
2865 769 367 
2866 1067 802 
2867 840 448 
2868 84 4 
2869 825 429 
2870 869 484 
2871 1021 714 
2872 834 440 
2873 1062 792 
2874 151 13 
2875 1096 863 
2876 716 313 
2877 416 100 
2878 831 437 
2879 819 422 
2880 747 344 
2881 921 554 
2882 688 287 
2883 840 447 
2884 1075 817 
2885 540 172 
2886 1053 774 
2887 804 405 
2888 1037 743 
2889 1026 724 
2890 1115 904 
2891 862 475 
2892 842 450 
2893 1062 792 
2894 1057 782 
2895 1030 730 
2896 984 652 
2897 847 456 
2898 536 169 
2899 920 553 
2900 1028 727 
2901 883 502 
2902 940 582 
2903 1076 819 
2904 496 144 
2905 965 620 
2906 500 146 
2907 1113 900 
2908 705 303 
2909 771 369 
2910 1010 695 
2911 638 244 
2912 416 100 
2913 503 148 
2914 1095 861 
2915 296 50 
2916 1143 971 
2917 907 535 
2918 1148 985 
2919 536 169 
2920 662 264 
2921 1123 924 
2922 613 224 
2923 966 622 
2924 248 35 
2925 1146 979 
2926 251 36 
2927 722 319 
2928 609 221 
2929 898 522 
2930 1049 766 
2931 1031 733 
2932 1097 865 
2933 829 434 
2934 1126 929 
2935 909 538 
2936 1120 915 
2937 644 249 
2938 720 317 
2939 1152 995 
2940 607 220 
2941 486 138 
2942 699 297 
2943 1085 839 
2944 1149 987 
2945 1147 982 
2946 884 504 
2947 721 318 
2948 781 380 
2949 304 53 
2950 517 157 
2951 862 475 
2952 995 669 
2953 711 309 
2954 465 126 
2955 801 402 
2956 735 332 
2957 500 146 
2958 606 219 
2959 891 513 
2960 998 674 
2961 758 355 
2962 1070 807 
2963 655 258 
2964 359 74 
2965 274 43 
2966 912 542 
2967 972 631 
2968 1021 714 
2969 782 381 
2970 629 237 
2971 1080 829 
2972 731 328 
2973 769 367 
2974 1117 909 
2975 1025 721 
2976 1092 853 
2977 352 71 
2978 1066 800 
2979 1088 845 
2980 857 469 
2981 633 240 
2982 682 282 
2983 1091 851 
2984 1031 733 
2985 1134 950 
2986 1024 720 
2987 914 544 
2988 1051 771 
2989 517 157 
2990 710 308 
2991 948 594 
2992 1148 985 
2993 649 253 
2994 1057 782 
2995 1116 906 
2996 1002 682 
2997 1046 761 
2998 837 444 
2999 342 67 
3000 1083 835 
3001 318 58 
3002 717 314 
3003 237 32 
3004 1149 987 
3005 1135 952 
3006 898 522 
3007 560 185 
3008 708 306 
3009 663 265 
3010 1040 750 
3011 386 86 
3012 504 149 
3013 866 480 
3014 706 304 
3015 861 474 
3016 1006 688 
3017 924 559 
3018 237 32 
3019 821 425 
3020 757 354 
3021 857 468 
3022 999 677 
3023 848 457 
3024 959 612 
3025 1010 695 
3026 1079 826 
3027 980 644 
3028 807 409 
3029 1047 762 
3030 1043 755 
3031 1146 980 
3032 1074 815 
3033 859 471 
3034 1127 933 
3035 650 254 
3036 255 37 
3037 1018 709 
3038 973 633 
3039 946 591 
3040 537 170 
3041 218 27 
3042 483 136 
3043 593 209 
3044 905 532 
3045 836 443 
3046 919 551 
3047 620 230 
3048 687 286 
3049 633 240 
3050 1031 733 
3051 1130 939 
3052 660 263 
3053 1144 975 
3054 1122 920 
3055 981 646 
3056 428 106 
3057 293 49 
3058 1021 715 
3059 848 457 
3060 755 352 
3061 913 543 
3062 616 227 
3063 916 548 
3064 1058 783 
3065 975 636 
3066 751 348 
3067 703 301 
3068 934 574 
3069 495 143 
3070 834 440 
3071 361 75 
3072 403 94 
3073 703 301 
3074 237 32 
3075 659 262 
3076 1083 834 
3077 691 290 
3078 483 136 
3079 848 457 
3080 1114 903 
3081 779 377 
3082 784 383 
3083 522 160 
3084 1143 972 
3085 907 535 
3086 719 316 
3087 537 170 
3088 904 531 
3089 183 19 
3090 707 305 
3091 884 503 
3092 543 174 
3093 936 577 
3094 1008 692 
3095 861 474 
3096 909 538 
3097 1146 978 
3098 786 385 
3099 1089 847 
3100 845 454 
3101 1052 772 
3102 1062 792 
3103 704 302 
3104 462 124 
3105 1020 712 
3106 1069 805 
3107 918 550 
3108 1118 911 
3109 721 318 
3110 886 506 
3111 861 474 
3112 1056 779 
3113 214 26 
3114 798 398 
3115 1001 679 
3116 1033 736 
3117 842 450 
3118 1050 769 
3119 539 171 
3120 833 439 
3121 901 526 
3122 1073 813 
3123 705 303 
3124 963 618 
3125 761 358 
3126 555 182 
3127 971 630 
3128 205 24 
3129 1128 935 
3130 412 98 
3131 616 227 
3132 986 654 
3133 1141 966 
3134 963 618 
3135 695 294 
3136 1061 790 
3137 953 602 
3138 678 278 
3139 966 623 
3140 1126 931 
3141 609 221 
3142 774 372 
3143 786 385 
3144 948 595 
3145 1099 868 
3146 1047 762 
3147 1033 736 
3148 445 115 
3149 808 410 
3150 846 455 
3151 430 107 
3152 1100 870 
3153 731 328 
3154 192 21 
3155 635 242 
3156 1103 878 
3157 1132 944 
3158 958 609 
3159 469 128 
3160 978 641 
3161 1117 908 
3162 1075 817 
3163 724 321 
3164 869 484 
3165 501 147 
3166 278 44 
3167 463 125 
3168 994 667 
3169 1048 765 
3170 1144 973 
3171 868 483 
3172 651 255 
3173 1002 681 
3174 1033 736 
3175 1138 958 
3176 1106 885 
3177 463 125 
3178 616 227 
3179 1034 739 
3180 1013 701 
3181 403 94 
3182 745 342 
3183 908 536 
3184 840 448 
3185 218 27 
3186 734 331 
3187 852 462 
3188 536 169 
3189 901 526 
3190 912 542 
3191 1028 728 
3192 1084 837 
3193 412 98 
3194 934 573 
3195 1151 993 
3196 1109 890 
3197 797 397 
3198 570 192 
3199 1097 865 
3200 856 467 
3201 641 247 
3202 500 146 
3203 792 392 
3204 1046 761 
3205 841 449 
3206 1150 989 
3207 873 489 
3208 1091 851 
3209 1151 991 
3210 880 498 
3211 602 216 
3212 853 463 
3213 1009 694 
3214 877 494 
3215 693 292 
3216 1141 966 
3217 966 622 
3218 713 310 
3219 1137 957 
3220 1034 739 
3221 967 624 
3222 1076 819 
3223 386 86 
3224 949 596 
3225 1001 680 
3226 589 206 
3227 251 36 
3228 913 543 
3229 1109 891 
3230 685 285 
3231 796 396 
3232 479 134 
3233 717 314 
3234 501 147 
3235 652 256 
3236 656 259 
3237 752 349 
3238 899 524 
3239 514 155 
3240 1084 836 
3241 471 129 
3242 491 141 
3243 602 216 
3244 981 647 
3245 1012 698 
3246 1128 936 
3247 791 390 
3248 950 598 
3249 936 576 
3250 797 397 
3251 620 230 
3252 597 212 
3253 329 62 
3254 594 210 
3255 414 99 
3256 923 558 
3257 329 62 
3258 831 436 
3259 1058 784 
3260 836 443 
3261 728 325 
3262 927 563 
3263 1106 885 
3264 893 516 
3265 366 77 
3266 1151 993 
3267 993 666 
3268 416 100 
3269 703 301 
3270 1087 843 
3271 428 106 
3272 770 368 
3273 1072 811 
3274 858 470 
3275 1029 729 
3276 641 247 
3277 904 530 
3278 178 18 
3279 923 558 
3280 655 258 
3281 1116 907 
3282 1007 690 
3283 1119 913 
3284 347 69 
3285 896 520 
3286 500 146 
3287 1095 861 
3288 675 276 
3289 628 236 
3290 1032 735 
3291 1107 887 
3292 761 358 
3293 1080 828 
3294 605 218 
3295 1080 828 
3296 1103 877 
3297 972 632 
3298 491 141 
3299 687 286 
3300 1133 948 
3301 1034 738 
3302 849 459 
3303 982 648 
3304 438 111 
3305 760 357 
3306 528 164 
3307 1095 861 
3308 1057 782 
3309 845 454 
3310 531 166 
3311 1088 844 
3312 793 393 
3313 465 126 
3314 1077 821 
3315 956 606 
3316 933 572 
3317 1147 982 
3318 1091 851 
3319 479 134 
3320 666 268 
3321 886 506 
3322 896 520 
3323 508 151 
3324 914 545 
3325 923 558 
3326 822 426 
3327 1132 945 
3328 1038 746 
3329 849 459 
3330 1150 989 
3331 565 189 
3332 969 627 
3333 1067 802 
3334 864 477 
3335 514 155 
3336 375 81 
3337 840 447 
3338 233 31 
3339 909 538 
3340 627 235 
3341 884 503 
3342 342 67 
3343 925 560 
3344 527 163 
3345 842 450 
3346 1120 916 
3347 1140 965 
3348 994 667 
3349 973 633 
3350 1113 901 
3351 694 293 
3352 977 640 
3353 469 128 
3354 711 309 
3355 1030 730 
3356 953 602 
3357 838 445 
3358 528 164 
3359 281 45 
3360 707 305 
3361 832 438 
3362 868 483 
3363 449 117 
3364 337 65 
3365 1014 703 
3366 957 608 
3367 192 21 
3368 1053 774 
3369 931 569 
3370 422 103 
3371 842 450 
3372 770 368 
3373 1064 795 
3374 909 537 
3375 709 307 
3376 814 416 
3377 928 565 
3378 987 656 
3379 1053 775 
3380 828 433 
3381 651 255 
3382 941 584 
3383 663 265 
3384 467 127 
3385 420 102 
3386 1148 984 
3387 878 495 
3388 1109 890 
3389 162 15 
3390 1077 822 
3391 589 206 
3392 766 364 
3393 359 74 
3394 230 30 
3395 1081 831 
3396 1117 910 
3397 1144 975 
3398 1149 987 
3399 888 509 
3400 590 207 
3401 998 675 
3402 1099 868 
3403 618 228 
3404 817 420 
3405 980 644 
3406 698 296 
3407 1116 907 
3408 1125 928 
3409 1024 720 
3410 983 650 
3411 271 42 
3412 1069 805 
3413 339 66 
3414 1127 933 
3415 1088 844 
3416 1054 777 
3417 1150 989 
3418 859 471 
3419 420 102 
3420 1149 986 
3421 1114 902 
3422 1002 682 
3423 103 6 
3424 932 570 
3425 1036 741 
3426 258 38 
3427 989 660 
3428 809 411 
3429 145 12 
3430 992 664 
3431 539 171 
3432 1098 866 
3433 420 102 
3434 704 302 
3435 962 616 
3436 1020 712 
3437 293 49 
3438 1135 952 
3439 880 498 
3440 719 316 
3441 959 612 
3442 1024 720 
3443 454 120 
3444 925 561 
3445 1151 993 
3446 1116 906 
3447 923 558 
3448 1077 822 
3449 1102 875 
3450 905 532 
3451 871 487 
3452 786 385 
3453 879 497 
3454 853 463 
3455 938 579 
3456 717 314 
3457 732 329 
3458 646 251 
3459 718 315 
3460 1065 798 
3461 504 149 
3462 630 238 
3463 546 176 
3464 681 281 
3465 1129 937 
3466 1073 814 
3467 820 423 
3468 808 410 
3469 1146 978 
3470 915 546 
3471 976 639 
3472 513 154 
3473 1154 1000 
3474 893 516 
3475 1097 864 
3476 1120 917 
3477 675 276 
3478 952 601 
3479 1095 861 
3480 1131 942 
3481 772 370 
3482 1121 918 
3483 430 107 
3484 1085 839 
3485 680 280 
3486 1144 973 
3487 371 79 
3488 713 310 
3489 1137 957 
3490 531 166 
3491 964 619 
3492 978 641 
3493 1055 778 
3494 901 526 
3495 1112 898 
3496 836 443 
3497 938 579 
3498 926 562 
3499 966 623 
3500 954 603 
3501 1005 687 
3502 899 524 
3503 681 281 
3504 647 252 
3505 1051 771 
3506 888 509 
3507 898 522 
3508 896 519 
3509 1098 867 
3510 653 257 
3511 822 426 
3512 583 202 
3513 793 393 
3514 970 629 
3515 1115 904 
3516 1052 772 
3517 445 115 
3518 1084 836 
3519 1067 801 
3520 1027 726 
3521 919 552 
3522 911 541 
3523 1036 742 
3524 1043 755 
3525 585 203 
3526 1027 726 
3527 359 74 
3528 581 200 
3529 1103 878 
3530 857 468 
3531 1142 969 
3532 324 60 
3533 546 176 
3534 1154 1000 
3535 59 2 
3536 1154 1000 
3537 1001 679 
3538 1056 779 
3539 465 126 
3540 1006 688 
3541 721 318 
3542 1129 937 
3543 519 158 
3544 914 544 
3545 747 344 
3546 988 658 
3547 827 432 
3548 652 256 
3549 625 234 
3550 586 204 
3551 614 225 
3552 689 288 
3553 743 340 
3554 942 586 
3555 597 212 
3556 1060 787 
3557 1101 872 
3558 1093 855 
3559 931 569 
3560 925 560 
3561 524 161 
3562 758 355 
3563 832 438 
3564 710 308 
3565 1147 981 
3566 1113 900 
3567 500 146 
3568 546 176 
3569 974 635 
3570 704 302 
3571 657 260 
3572 624 233 
3573 704 302 
3574 862 475 
3575 814 416 
3576 958 610 
3577 820 423 
3578 766 363 
3579 1151 993 
3580 830 435 
3581 329 62 
3582 1052 773 
3583 660 263 
3584 911 541 
3585 699 297 
3586 1043 755 
3587 964 619 
3588 916 548 
3589 537 170 
3590 395 90 
3591 805 406 
3592 1116 907 
3593 990 661 
3594 951 599 
3595 711 309 
3596 1146 978 
3597 520 159 
3598 1042 754 
3599 622 231 
3600 1047 763 
3601 930 568 
3602 403 94 
3603 933 572 
3604 800 400 
3605 925 561 
3606 1096 862 
3607 1037 743 
3608 1131 943 
3609 600 214 
3610 1149 986 
3611 906 533 
3612 384 85 
3613 565 189 
3614 961 615 
3615 817 420 
3616 465 126 
3617 804 405 
3618 700 298 
3619 1013 700 
3620 445 115 
3621 1049 767 
3622 870 485 
3623 707 305 
3624 771 369 
3625 581 200 
3626 972 632 
3627 966 622 
3628 706 304 
3629 954 604 
3630 716 313 
3631 1123 922 
3632 936 577 
3633 564 188 
3634 830 435 
3635 991 663 
3636 1005 687 
3637 821 425 
3638 361 75 
3639 999 677 
3640 1005 686 
3641 1107 886 
3642 955 605 
3643 989 659 
3644 966 623 
3645 511 153 
3646 718 315 
3647 1000 678 
3648 925 561 
3649 1151 993 
3650 1128 934 
3651 1001 680 
3652 1011 697 
3653 1108 889 
3654 1002 682 
3655 1108 889 
3656 780 379 
3657 656 259 
3658 451 118 
3659 952 601 
3660 281 45 
3661 1040 750 
3662 672 273 
3663 959 612 
3664 664 266 
3665 827 432 
3666 1057 782 
3667 460 123 
3668 1117 909 
3669 540 172 
3670 747 344 
3671 1132 945 
3672 779 377 
3673 94 5 
3674 1081 830 
3675 1017 707 
3676 1142 968 
3677 290 48 
3678 391 88 
3679 371 79 
3680 1154 1000 
3681 1073 814 
3682 738 335 
3683 449 117 
3684 845 454 
3685 1111 895 
3686 1066 800 
3687 800 401 
3688 422 103 
3689 1058 783 
3690 268 41 
3691 1128 934 
3692 1098 866 
3693 1102 876 
3694 1116 906 
3695 1120 915 
3696 1074 815 
3697 752 349 
3698 530 165 
3699 133 10 
3700 359 74 
3701 1026 724 
3702 799 399 
3703 1039 747 
3704 982 648 
3705 1069 805 
3706 618 228 
3707 1106 885 
3708 1111 895 
3709 824 428 
3710 1124 925 
3711 192 21 
3712 1083 834 
3713 1090 850 
3714 1073 813 
3715 1027 725 
3716 1012 699 
3717 716 313 
3718 1028 727 
3719 825 430 
3720 1053 775 
3721 342 67 
3722 1133 946 
3723 658 261 
3724 667 269 
3725 1100 870 
3726 1022 717 
3727 210 25 
3728 1138 958 
3729 765 362 
3730 973 634 
3731 983 650 
3732 1036 742 
3733 1082 832 
3734 1141 966 
3735 1084 836 
3736 764 361 
3737 1102 876 
3738 481 135 
3739 931 569 
3740 197 22 
3741 1035 740 
3742 759 356 
3743 1083 834 
3744 1144 975 
3745 972 631 
3746 1033 736 
3747 791 391 
3748 481 135 
3749 951 599 
3750 1058 783 
3751 848 457 
3752 443 114 
3753 403 94 
3754 579 199 
3755 1147 982 
3756 1118 911 
3757 817 420 
3758 570 192 
3759 1031 733 
3760 604 217 
3761 738 335 
3762 863 476 
3763 1106 885 
3764 771 369 
3765 698 296 
3766 1085 839 
3767 963 618 
3768 999 677 
3769 657 260 
3770 996 671 
3771 1097 864 
3772 1099 868 
3773 847 456 
3774 984 652 
3775 1088 845 
3776 1151 991 
3777 516 156 
3778 1006 689 
3779 1126 931 
3780 903 529 
3781 293 49 
3782 909 537 
3783 73 3 
3784 168 16 
3785 1087 842 
3786 855 466 
3787 1146 978 
3788 1020 713 
3789 950 598 
3790 744 341 
3791 714 311 
3792 871 487 
3793 710 308 
3794 868 483 
3795 428 106 
3796 830 435 
3797 970 628 
3798 1063 793 
3799 813 415 
3800 818 421 
3801 959 612 
3802 1140 964 
3803 469 128 
3804 560 185 
3805 936 577 
3806 542 173 
3807 349 70 
3808 414 99 
3809 241 33 
3810 1018 710 
3811 861 473 
3812 868 483 
3813 730 327 
3814 1130 939 
3815 842 450 
3816 1119 913 
3817 1114 902 
3818 395 90 
3819 1082 832 
3820 1129 938 
3821 857 468 
3822 1119 914 
3823 986 655 
3824 986 655 
3825 879 497 
3826 1154 999 
3827 780 378 
3828 366 77 
3829 1065 797 
3830 980 644 
3831 672 273 
3832 1141 967 
3833 1127 932 
3834 1041 751 
3835 766 363 
3836 1061 790 
3837 1150 989 
3838 747 344 
3839 851 461 
3840 690 289 
3841 620 230 
3842 681 281 
3843 835 441 
3844 1123 924 
3845 1139 961 
3846 201 23 
3847 723 320 
3848 1103 877 
3849 958 610 
3850 1037 743 
3851 871 487 
3852 634 241 
3853 991 663 
3854 1050 769 
3855 1040 749 
3856 585 203 
3857 403 94 
3858 1020 712 
3859 1133 947 
3860 934 574 
3861 764 361 
3862 1104 880 
3863 1123 922 
3864 1031 733 
3865 1004 685 
3866 768 366 
3867 662 264 
3868 988 657 
3869 838 445 
3870 899 523 
3871 1106 883 
3872 244 34 
3873 1064 795 
3874 835 441 
3875 445 115 
3876 803 404 
3877 1151 992 
3878 887 507 
3879 1120 916 
3880 1095 860 
3881 784 383 
3882 740 337 
3883 634 241 
3884 439 112 
3885 304 53 
3886 963 617 
3887 537 170 
3888 296 50 
3889 1034 739 
3890 901 527 
3891 368 78 
3892 667 269 
3893 794 394 
3894 565 189 
3895 756 353 
3896 1014 702 
3897 1073 813 
3898 616 227 
3899 996 671 
3900 743 340 
3901 1067 802 
3902 890 512 
3903 1023 718 
3904 981 647 
3905 210 25 
3906 950 598 
3907 1033 736 
3908 1052 772 
3909 943 587 
3910 1142 969 
3911 349 70 
3912 1144 975 
3913 1026 723 
3914 1062 792 
3915 1073 813 
3916 1092 854 
3917 884 504 
3918 886 506 
3919 1084 836 
3920 1036 741 
3921 716 313 
3922 861 474 
3923 657 260 
3924 863 476 
3925 878 495 
3926 1060 787 
3927 871 486 
3928 932 570 
3929 1036 741 
3930 1130 940 
3931 1093 856 
3932 554 181 
3933 856 467 
3934 565 189 
3935 996 672 
3936 1070 807 
3937 761 358 
3938 334 64 
3939 695 294 
3940 1105 882 
3941 1122 921 
3942 967 624 
3943 995 670 
3944 586 204 
3945 878 496 
3946 462 124 
3947 1003 683 
3948 586 204 
3949 769 367 
3950 1068 804 
3951 1150 989 
3952 59 2 
3953 329 62 
3954 899 523 
3955 1039 747 
3956 1123 922 
3957 820 423 
3958 1087 843 
3959 268 41 
3960 885 505 
3961 845 454 
3962 718 315 
3963 585 203 
3964 961 614 
3965 439 112 
3966 916 548 
3967 1023 719 
3968 741 338 
3969 364 76 
3970 508 151 
3971 1045 759 
3972 509 152 
3973 965 620 
3974 373 80 
3975 938 580 
3976 598 213 
3977 751 348 
3978 258 38 
3979 616 227 
3980 373 80 
3981 855 466 
3982 509 152 
3983 810 412 
3984 849 458 
3985 1146 980 
3986 919 552 
3987 1110 893 
3988 1107 887 
3989 803 404 
3990 503 148 
3991 218 27 
3992 1102 875 
3993 201 23 
3994 754 351 
3995 592 208 
3996 493 142 
3997 699 297 
3998 1095 860 
3999 598 213 
4000 827 432 
4001 178 18 
4002 1051 771 
4003 271 42 
4004 881 500 
4005 1043 755 
4006 909 537 
4007 689 288 
4008 861 473 
4009 848 457 
4010 638 244 
4011 901 526 
4012 380 83 
4013 764 361 
4014 1095 860 
4015 1128 936 
4016 819 422 
4017 1071 810 
4018 742 339 
4019 786 385 
4020 139 11 
4021 939 581 
4022 818 421 
4023 829 434 
4024 356 73 
4025 602 216 
4026 652 256 
4027 792 392 
4028 1073 813 
4029 329 62 
4030 1106 885 
4031 1020 713 
4032 779 377 
4033 847 456 
4034 1048 765 
4035 287 47 
4036 996 672 
4037 1100 871 
4038 145 12 
4039 758 355 
4040 1020 712 
4041 1081 830 
4042 902 528 
4043 829 434 
4044 768 366 
4045 516 156 
4046 1094 858 
4047 830 435 
4048 825 429 
4049 483 136 
4050 539 171 
4051 622 231 
4052 1023 719 
4053 788 387 
4054 941 584 
4055 579 199 
4056 814 417 
4057 582 201 
4058 871 487 
4059 861 473 
4060 1087 843 
4061 201 23 
4062 422 103 
4063 218 27 
4064 1022 717 
4065 687 286 
4066 218 27 
4067 531 166 
4068 73 3 
4069 420 102 
4070 859 471 
4071 905 532 
4072 428 106 
4073 616 227 
4074 471 129 
4075 1071 809 
4076 987 656 
4077 1152 995 
4078 1094 857 
4079 1140 965 
4080 791 391 
4081 729 326 
4082 483 136 
4083 545 175 
4084 1063 793 
4085 1127 932 
4086 1044 756 
4087 1026 723 
4088 598 213 
4089 1123 922 
4090 458 122 
4091 1044 757 
4092 1006 688 
4093 831 436 
4094 1094 858 
4095 849 459 
4096 888 509 
4097 364 76 
4098 919 551 
4099 508 151 
4100 598 213 
4101 1142 969 
4102 863 476 
4103 1063 794 
4104 1114 903 
4105 689 288 
4106 1066 799 
4107 801 402 
4108 988 657 
4109 1151 991 
4110 119 8 
4111 1048 764 
4112 863 476 
4113 837 444 
4114 1143 971 
4115 963 617 
4116 1003 683 
4117 1090 849 
4118 316 57 
4119 811 413 
4120 344 68 
4121 788 387 
4122 380 83 
4123 868 483 
4124 711 309 
4125 543 174 
4126 453 119 
4127 1142 970 
4128 913 543 
4129 829 434 
4130 872 488 
4131 377 82 
4132 436 110 
4133 1059 785 
4134 1086 841 
4135 901 527 
4136 579 199 
4137 610 222 
4138 953 602 
4139 720 317 
4140 643 248 
4141 1110 894 
4142 1050 769 
4143 1148 985 
4144 222 28 
4145 958 610 
4146 1126 930 
4147 403 94 
4148 575 196 
4149 1095 859 
4150 1141 967 
4151 667 269 
4152 1106 885 
4153 850 460 
4154 785 384 
4155 788 387 
4156 1050 768 
4157 922 556 
4158 735 332 
4159 761 358 
4160 639 245 
4161 623 232 
4162 990 661 
4163 1050 768 
4164 590 207 
4165 597 212 
4166 847 456 
4167 780 378 
4168 932 570 
4169 1098 867 
4170 836 442 
4171 780 378 
4172 952 600 
4173 880 498 
4174 1120 915 
4175 609 221 
4176 930 567 
4177 879 497 
4178 1045 758 
4179 476 132 
4180 248 35 
4181 779 377 
4182 705 303 
4183 1136 955 
4184 953 602 
4185 783 382 
4186 1079 827 
4187 900 525 
4188 1120 915 
4189 658 261 
4190 342 67 
4191 914 545 
4192 956 606 
4193 1066 799 
4194 847 456 
4195 632 239 
4196 1057 782 
4197 503 148 
4198 814 416 
4199 380 83 
4200 1086 841 
4201 885 505 
4202 406 95 
4203 316 57 
4204 986 654 
4205 635 242 
4206 1151 991 
4207 1153 998 
4208 694 293 
4209 890 511 
4210 967 624 
4211 504 149 
4212 1119 914 
4213 994 667 
4214 1096 863 
4215 996 671 
4216 1133 946 
4217 233 31 
4218 823 427 
4219 126 9 
4220 888 509 
4221 938 579 
4222 414 99 
4223 937 578 
4224 655 258 
4225 721 318 
4226 1094 857 
4227 931 569 
4228 1061 789 
4229 602 216 
4230 1025 721 
4231 244 34 
4232 1083 835 
4233 1036 742 
4234 594 210 
4235 1025 722 
4236 816 419 
4237 729 326 
4238 1064 795 
4239 871 486 
4240 508 151 
4241 812 414 
4242 826 431 
4243 1054 776 
4244 663 265 
4245 931 569 
4246 548 177 
4247 903 529 
4248 610 222 
4249 1145 977 
4250 680 280 
4251 332 63 
4252 825 429 
4253 491 141 
4254 857 468 
4255 834 440 
4256 293 49 
4257 831 436 
4258 845 454 
4259 639 245 
4260 1034 738 
4261 1020 712 
4262 904 531 
4263 680 280 
4264 592 208 
4265 503 148 
4266 604 217 
4267 790 389 
4268 896 520 
4269 493 142 
4270 1135 952 
4271 893 516 
4272 964 619 
4273 1031 733 
4274 855 466 
4275 797 397 
4276 1150 990 
4277 551 179 
4278 1120 916 
4279 765 362 
4280 824 428 
4281 1095 859 
4282 855 466 
4283 1078 824 
4284 970 629 
4285 430 107 
4286 1065 798 
4287 554 181 
4288 1051 771 
4289 989 659 
4290 1024 720 
4291 1098 867 
4292 1028 727 
4293 1123 924 
4294 791 390 
4295 1143 971 
4296 913 543 
4297 993 666 
4298 1009 694 
4299 788 387 
4300 1021 715 
4301 780 378 
4302 1125 927 
4303 853 464 
4304 574 195 
4305 503 148 
4306 562 187 
4307 1084 836 
4308 868 482 
4309 293 49 
4310 936 576 
4311 1122 920 
4312 852 462 
4313 1117 909 
4314 786 385 
4315 1123 922 
4316 1044 757 
4317 1117 910 
4318 1078 825 
4319 952 600 
4320 962 616 
4321 772 370 
4322 827 432 
4323 692 291 
4324 585 203 
4325 151 13 
4326 709 307 
4327 1084 837 
4328 574 195 
4329 820 424 
4330 662 264 
4331 794 394 
4332 1147 982 
4333 892 514 
4334 1077 823 
4335 1007 690 
4336 761 358 
4337 830 435 
4338 1094 858 
4339 864 477 
4340 1138 958 
4341 274 43 
4342 767 365 
4343 1095 861 
4344 1126 930 
4345 730 327 
4346 704 302 
4347 611 223 
4348 1039 747 
4349 824 428 
4350 870 485 
4351 583 202 
4352 483 136 
4353 1129 937 
4354 900 525 
4355 504 149 
4356 1073 814 
4357 410 97 
4358 840 448 
4359 845 453 
4360 958 609 
4361 1144 974 
4362 777 375 
4363 1127 932 
4364 840 448 
4365 976 639 
4366 896 519 
4367 757 354 
4368 618 228 
4369 780 378 
4370 744 341 
4371 1024 720 
4372 1015 704 
4373 339 66 
4374 758 355 
4375 1078 824 
4376 339 66 
4377 848 457 
4378 738 335 
4379 329 62 
4380 602 216 
4381 883 502 
4382 829 434 
4383 1016 705 
4384 1102 876 
4385 873 489 
4386 687 286 
4387 1126 930 
4388 1154 1000 
4389 716 313 
4390 1070 807 
4391 635 242 
4392 428 106 
4393 607 220 
4394 1030 731 
4395 439 112 
4396 316 57 
4397 1151 991 
4398 1108 889 
4399 241 33 
4400 1018 709 
4401 560 185 
4402 728 325 
4403 736 333 
4404 868 482 
4405 735 332 
4406 915 546 
4407 356 73 
4408 767 365 
4409 796 396 
4410 695 294 
4411 670 271 
4412 542 173 
4413 619 229 
4414 498 145 
4415 451 118 
4416 274 43 
4417 996 672 
4418 790 389 
4419 592 208 
4420 1139 961 
4421 1027 726 
4422 1138 959 
4423 934 574 
4424 1069 806 
4425 1083 835 
4426 1110 892 
4427 812 414 
4428 1145 977 
4429 1113 900 
4430 1124 925 
4431 639 245 
4432 997 673 
4433 897 521 
4434 943 587 
4435 782 381 
4436 701 299 
4437 1034 739 
4438 486 138 
4439 967 624 
4440 380 83 
4441 284 46 
4442 1059 785 
4443 1133 946 
4444 977 640 
4445 1015 704 
4446 1135 952 
4447 909 538 
4448 774 372 
4449 652 256 
4450 992 665 
4451 958 609 
4452 1083 834 
4453 1093 855 
4454 957 608 
4455 1104 880 
4456 798 398 
4457 861 473 
4458 904 530 
4459 1117 910 
4460 785 384 
4461 736 333 
4462 716 313 
4463 706 304 
4464 896 520 
4465 592 208 
4466 736 333 
4467 1010 695 
4468 274 43 
4469 1088 846 
4470 628 236 
4471 1134 949 
4472 1130 940 
4473 879 497 
4474 898 522 
4475 907 535 
4476 574 195 
4477 1062 791 
4478 1063 793 
4479 1150 988 
4480 241 33 
4481 901 527 
4482 583 202 
4483 1095 859 
4484 1054 777 
4485 540 172 
4486 615 226 
4487 740 337 
4488 699 297 
4489 919 552 
4490 659 262 
4491 1070 808 
4492 420 102 
4493 904 530 
4494 1065 798 
4495 356 73 
4496 636 243 
4497 1145 976 
4498 1044 757 
4499 1034 738 
4500 998 674 
4501 1052 773 
4502 555 182 
4503 1101 872 
4504 919 552 
4505 1113 899 
4506 168 16 
4507 1057 782 
4508 326 61 
4509 271 42 
4510 656 259 
4511 1126 931 
4512 1115 905 
4513 956 607 
4514 983 649 
4515 1148 984 
4516 237 32 
4517 418 101 
4518 990 661 
4519 846 455 
4520 349 70 
4521 976 639 
4522 1117 910 
4523 658 261 
4524 887 508 
4525 665 267 
4526 685 285 
4527 623 232 
4528 602 216 
4529 265 40 
4530 1063 794 
4531 878 496 
4532 237 32 
4533 1020 712 
4534 787 386 
4535 963 617 
4536 919 552 
4537 825 430 
4538 1133 947 
4539 1041 752 
4540 1077 822 
4541 690 289 
4542 1096 862 
4543 1071 809 
4544 145 12 
4545 201 23 
4546 1056 780 
4547 820 423 
4548 1023 718 
4549 682 282 
4550 126 9 
4551 904 531 
4552 1081 831 
4553 1073 814 
4554 735 332 
4555 780 379 
4556 800 400 
4557 168 16 
4558 994 668 
4559 1095 861 
4560 1145 977 
4561 1028 728 
4562 881 500 
4563 1097 864 
4564 1117 909 
4565 696 295 
4566 946 591 
4567 764 361 
4568 915 546 
4569 1129 937 
4570 503 148 
4571 910 539 
4572 798 398 
4573 399 92 
4574 963 618 
4575 192 21 
4576 674 275 
4577 1114 903 
4578 401 93 
4579 847 456 
4580 1106 883 
4581 414 99 
4582 422 103 
4583 451 118 
4584 948 595 
4585 554 181 
4586 884 503 
4587 1099 868 
4588 999 676 
4589 1063 793 
4590 326 61 
4591 1128 936 
4592 639 245 
4593 866 480 
4594 1149 987 
4595 765 362 
4596 244 34 
4597 973 634 
4598 1077 821 
4599 601 215 
4600 454 120 
4601 364 76 
4602 1002 681 
4603 337 65 
4604 1077 821 
4605 843 451 
4606 914 544 
4607 454 120 
4608 540 172 
4609 201 23 
4610 1030 730 
4611 881 499 
4612 1023 719 
4613 548 177 
4614 401 93 
4615 310 55 
4616 1003 683 
4617 751 348 
4618 806 407 
4619 600 214 
4620 996 671 
4621 1144 975 
4622 1066 799 
4623 1033 737 
4624 618 228 
4625 1015 704 
4626 730 327 
4627 1014 703 
4628 923 557 
4629 525 162 
4630 1080 828 
4631 645 250 
4632 1093 856 
4633 1058 784 
4634 1017 708 
4635 821 425 
4636 503 148 
4637 826 431 
4638 950 598 
4639 483 136 
4640 1142 969 
4641 545 175 
4642 711 309 
4643 947 593 
4644 780 378 
4645 998 674 
4646 542 173 
4647 704 302 
4648 151 13 
4649 899 523 
4650 84 4 
4651 881 499 
4652 1050 769 
4653 483 136 
4654 1136 954 
4655 439 112 
4656 812 414 
4657 570 192 
4658 168 16 
4659 999 677 
4660 671 272 
4661 917 549 
4662 1095 860 
4663 1137 956 
4664 970 628 
4665 943 587 
4666 836 443 
4667 795 395 
4668 1016 705 
4669 422 103 
4670 1048 765 
4671 1134 950 
4672 1062 792 
4673 1037 744 
4674 995 669 
4675 792 392 
4676 905 532 
4677 1138 960 
4678 1036 742 
4679 881 499 
4680 1002 682 
4681 856 467 
4682 753 350 
4683 59 2 
4684 892 514 
4685 1150 990 
4686 1014 702 
4687 1049 766 
4688 802 403 
4689 663 265 
4690 1131 943 
4691 918 550 
4692 1123 922 
4693 720 317 
4694 976 638 
4695 875 492 
4696 248 35 
4697 713 310 
4698 1062 792 
4699 991 663 
4700 1053 774 
4701 625 234 
4702 901 526 
4703 674 275 
4704 881 499 
4705 1086 840 
4706 898 522 
4707 1139 962 
4708 918 550 
4709 1059 786 
4710 1058 784 
4711 783 382 
4712 998 675 
4713 808 410 
4714 736 333 
4715 984 651 
4716 794 394 
4717 290 48 
4718 1021 715 
4719 800 401 
4720 618 228 
4721 952 601 
4722 377 82 
4723 814 416 
4724 1109 891 
4725 1126 929 
4726 908 536 
4727 665 267 
4728 894 517 
4729 1038 746 
4730 868 482 
4731 598 213 
4732 458 122 
4733 1075 818 
4734 1015 704 
4735 768 366 
4736 536 169 
4737 807 409 
4738 382 84 
4739 980 645 
4740 1103 878 
4741 996 671 
4742 1143 971 
4743 438 111 
4744 722 319 
4745 868 482 
4746 1119 914 
4747 1041 751 
4748 1054 777 
4749 230 30 
4750 756 353 
4751 361 75 
4752 111 7 
4753 1119 914 
4754 750 347 
4755 1080 829 
4756 414 99 
4757 973 633 
4758 881 500 
4759 769 367 
4760 780 379 
4761 1153 998 
4762 614 225 
4763 965 621 
4764 797 397 
4765 620 230 
4766 856 467 
4767 465 126 
4768 500 146 
4769 909 538 
4770 1060 787 
4771 1064 795 
4772 845 454 
4773 359 74 
4774 1121 919 
4775 600 214 
4776 542 173 
4777 1067 802 
4778 397 91 
4779 875 492 
4780 613 224 
4781 313 56 
4782 942 585 
4783 932 571 
4784 737 334 
4785 1136 955 
4786 1151 993 
4787 607 220 
4788 1042 754 
4789 728 325 
4790 747 344 
4791 653 257 
4792 994 667 
4793 605 218 
4794 782 381 
4795 778 376 
4796 913 543 
4797 1103 878 
4798 981 647 
4799 944 589 
4800 329 62 
4801 836 442 
4802 1089 848 
4803 1017 707 
4804 720 317 
4805 558 184 
4806 1017 708 
4807 789 388 
4808 991 663 
4809 486 138 
4810 377 82 
4811 965 620 
4812 639 245 
4813 687 286 
4814 756 353 
4815 1126 929 
4816 670 271 
4817 647 252 
4818 302 52 
4819 1073 813 
4820 821 425 
4821 667 269 
4822 1088 846 
4823 1063 794 
4824 776 374 
4825 865 478 
4826 906 534 
4827 693 292 
4828 1054 776 
4829 700 298 
4830 965 620 
4831 645 250 
4832 980 645 
4833 875 491 
4834 410 97 
4835 1103 877 
4836 726 323 
4837 1098 866 
4838 718 315 
4839 660 263 
4840 831 436 
4841 861 474 
4842 1107 886 
4843 857 469 
4844 1034 738 
4845 860 472 
4846 1120 915 
4847 944 589 
4848 844 452 
4849 1073 813 
4850 1143 972 
4851 896 520 
4852 197 22 
4853 780 378 
4854 934 573 
4855 792 392 
4856 876 493 
4857 395 90 
4858 1004 685 
4859 646 251 
4860 763 360 
4861 1098 867 
4862 842 450 
4863 776 374 
4864 731 328 
4865 463 125 
4866 827 432 
4867 443 114 
4868 800 400 
4869 1066 800 
4870 133 10 
4871 835 441 
4872 542 173 
4873 1030 730 
4874 422 103 
4875 293 49 
4876 1144 974 
4877 557 183 
4878 877 494 
4879 1093 855 
4880 647 252 
4881 895 518 
4882 756 353 
4883 928 565 
4884 299 51 
4885 605 218 
4886 1004 685 
4887 609 221 
4888 1005 687 
4889 567 190 
4890 1015 704 
4891 1137 956 
4892 438 111 
4893 467 127 
4894 948 594 
4895 884 503 
4896 1077 821 
4897 1014 702 
4898 759 356 
4899 662 264 
4900 1060 788 
4901 823 427 
4902 927 563 
4903 724 321 
4904 1050 768 
4905 725 322 
4906 782 381 
4907 1114 903 
4908 885 505 
4909 1105 881 
4910 244 34 
4911 424 104 
4912 453 119 
4913 806 407 
4914 1127 932 
4915 720 317 
4916 705 303 
4917 332 63 
4918 310 55 
4919 1058 784 
4920 618 228 
4921 691 290 
4922 42 1 
4923 1032 734 
4924 436 110 
4925 731 328 
4926 605 218 
4927 906 534 
4928 713 310 
4929 1111 895 
4930 347 69 
4931 1118 912 
4932 111 7 
4933 1142 970 
4934 894 517 
4935 820 423 
4936 721 318 
4937 1133 947 
4938 698 296 
4939 467 127 
4940 734 331 
4941 967 624 
4942 1144 975 
4943 1053 774 
4944 530 165 
4945 644 249 
4946 830 435 
4947 877 494 
4948 793 393 
4949 769 367 
4950 1132 945 
4951 293 49 
4952 1088 844 
4953 738 335 
4954 403 94 
4955 817 420 
4956 964 619 
4957 530 165 
4958 727 324 
4959 850 460 
4960 395 90 
4961 764 361 
4962 868 483 
4963 1076 819 
4964 1002 681 
4965 1117 908 
4966 1145 976 
4967 1149 987 
4968 1082 832 
4969 718 315 
4970 1145 976 
4971 983 649 
4972 970 628 
4973 1116 907 
4974 1153 997 
4975 893 515 
4976 1028 727 
4977 948 595 
4978 1148 984 
4979 133 10 
4980 1126 931 
4981 1153 996 
4982 875 492 
4983 884 504 
4984 1023 719 
4985 1056 779 
4986 1097 865 
4987 830 435 
4988 1145 976 
4989 956 606 
4990 754 351 
4991 723 320 
4992 942 585 
4993 1136 954 
4994 776 374 
4995 496 144 
4996 734 331 
4997 862 475 
4998 869 484 
4999 811 413 
5000 1147 981 
