npieces: 500
capacity: 7705384
1 30981 20981 
2 89206 79206 
3 51430 41430 
4 25786 15786 
5 30256 20256 
6 86672 76672 
7 27213 17213 
8 64640 54640 
9 64322 54322 
10 67897 57897 
11 40691 30691 
12 32245 22245 
13 32539 22539 
14 58857 48857 
15 56317 46317 
16 21863 11863 
17 30203 20203 
18 91638 81638 
19 46500 36500 
20 10910 910 
21 40721 30721 
22 101591 91591 
23 85869 75869 
24 60239 50239 
25 90466 80466 
26 45379 35379 
27 100166 90166 
28 83886 73886 
29 24466 14466 
30 81399 71399 
31 11358 1358 
32 97952 87952 
33 39091 29091 
34 85974 75974 
35 97698 87698 
36 97742 87742 
37 98599 88599 
38 27978 17978 
39 64112 54112 
40 23061 13061 
41 64275 54275 
42 11177 1177 
43 83161 73161 
44 69275 59275 
45 57474 47474 
46 58708 48708 
47 96824 86824 
48 53468 43468 
49 57458 47458 
50 26201 16201 
51 97258 87258 
52 81602 71602 
53 78272 68272 
54 53048 43048 
55 79433 69433 
56 36627 26627 
57 38411 28411 
58 13218 3218 
59 19049 9049 
60 11300 1300 
61 69255 59255 
62 31837 21837 
63 31661 21661 
64 101964 91964 
65 11361 1361 
66 11812 1812 
67 73767 63767 
68 32595 22595 
69 74634 64634 
70 104811 94811 
71 48555 38555 
72 80073 70073 
73 60290 50290 
74 73729 63729 
75 28398 18398 
76 43027 33027 
77 103266 93266 
78 84622 74622 
79 94272 84272 
80 46719 36719 
81 71621 61621 
82 50172 40172 
83 34147 24147 
84 14777 4777 
85 84948 74948 
86 27825 17825 
87 72487 62487 
88 16311 6311 
89 56525 46525 
90 33850 23850 
91 109764 99764 
92 89455 79455 
93 58543 48543 
94 12548 2548 
95 58515 48515 
96 10792 792 
97 26053 16053 
98 63236 53236 
99 46794 36794 
100 90253 80253 
101 92748 82748 
102 78615 68615 
103 47186 37186 
104 30654 20654 
105 21379 11379 
106 109315 99315 
107 49478 39478 
108 44161 34161 
109 37934 27934 
110 90492 80492 
111 57897 47897 
112 37910 27910 
113 20423 10423 
114 53314 43314 
115 61924 51924 
116 80104 70104 
117 33250 23250 
118 13128 3128 
119 86396 76396 
120 87519 77519 
121 97754 87754 
122 40048 30048 
123 51692 41692 
124 109810 99810 
125 40765 30765 
126 28913 18913 
127 78308 68308 
128 71065 61065 
129 49681 39681 
130 35482 25482 
131 94622 84622 
132 23073 13073 
133 89378 79378 
134 44081 34081 
135 32440 22440 
136 31161 21161 
137 64266 54266 
138 74868 64868 
139 34835 24835 
140 77033 67033 
141 65979 55979 
142 35585 25585 
143 79495 69495 
144 33731 23731 
145 83372 73372 
146 22097 12097 
147 61281 51281 
148 23729 13729 
149 30269 20269 
150 40862 30862 
151 39962 29962 
152 76366 66366 
153 102152 92152 
154 101510 91510 
155 97045 87045 
156 38033 28033 
157 93478 83478 
158 18024 8024 
159 109460 99460 
160 76835 66835 
161 41659 31659 
162 12619 2619 
163 80151 70151 
164 40146 30146 
165 19648 9648 
166 38845 28845 
167 95475 85475 
168 18494 8494 
169 72235 62235 
170 15641 5641 
171 42347 32347 
172 100272 90272 
173 100573 90573 
174 101890 91890 
175 99086 89086 
176 78379 68379 
177 56520 46520 
178 46828 36828 
179 106893 96893 
180 93690 83690 
181 16954 6954 
182 66938 56938 
183 97686 87686 
184 83337 73337 
185 109962 99962 
186 37537 27537 
187 24561 14561 
188 109520 99520 
189 94174 84174 
190 24108 14108 
191 59351 49351 
192 31466 21466 
193 45527 35527 
194 63641 53641 
195 23050 13050 
196 11044 1044 
197 100186 90186 
198 44192 34192 
199 74326 64326 
200 28272 18272 
201 63387 53387 
202 22612 12612 
203 78978 68978 
204 65529 55529 
205 88264 78264 
206 50498 40498 
207 63090 53090 
208 14865 4865 
209 11087 1087 
210 72983 62983 
211 37372 27372 
212 88263 78263 
213 66349 56349 
214 74110 64110 
215 16740 6740 
216 65780 55780 
217 27732 17732 
218 70982 60982 
219 87799 77799 
220 85204 75204 
221 63576 53576 
222 71329 61329 
223 73601 63601 
224 27474 17474 
225 26839 16839 
226 82601 72601 
227 28875 18875 
228 77883 67883 
229 89123 79123 
230 11038 1038 
231 15220 5220 
232 64533 54533 
233 33773 23773 
234 36683 26683 
235 60395 50395 
236 89321 79321 
237 66383 56383 
238 28038 18038 
239 92934 82934 
240 35195 25195 
241 38837 28837 
242 16533 6533 
243 51650 41650 
244 83546 73546 
245 88041 78041 
246 58446 48446 
247 69080 59080 
248 28371 18371 
249 109403 99403 
250 34487 24487 
251 48888 38888 
252 22048 12048 
253 108777 98777 
254 37420 27420 
255 35877 25877 
256 53438 43438 
257 17776 7776 
258 12703 2703 
259 99181 89181 
260 84828 74828 
261 92271 82271 
262 75034 65034 
263 63587 53587 
264 60879 50879 
265 80756 70756 
266 57824 47824 
267 99930 89930 
268 75874 65874 
269 52838 42838 
270 75665 65665 
271 93344 83344 
272 10283 283 
273 107791 97791 
274 101452 91452 
275 77396 67396 
276 18585 8585 
277 47939 37939 
278 43119 33119 
279 27686 17686 
280 77833 67833 
281 68401 58401 
282 19898 9898 
283 28906 18906 
284 34648 24648 
285 77221 67221 
286 88209 78209 
287 29241 19241 
288 98739 88739 
289 26647 16647 
290 69152 59152 
291 62564 52564 
292 85098 75098 
293 73780 63780 
294 18969 8969 
295 73749 63749 
296 15171 5171 
297 21382 11382 
298 19256 9256 
299 108324 98324 
300 69290 59290 
301 72387 62387 
302 57288 47288 
303 107538 97538 
304 25094 15094 
305 15375 5375 
306 32287 22287 
307 43846 33846 
308 59719 49719 
309 10607 607 
310 22980 12980 
311 109698 99698 
312 36572 26572 
313 57548 47548 
314 76177 66177 
315 107233 97233 
316 89761 79761 
317 57695 47695 
318 12979 2979 
319 27887 17887 
320 19957 9957 
321 83039 73039 
322 13262 3262 
323 23172 13172 
324 34601 24601 
325 74724 64724 
326 36862 26862 
327 13727 3727 
328 32021 22021 
329 40023 30023 
330 31992 21992 
331 57404 47404 
332 60485 50485 
333 47992 37992 
334 41295 31295 
335 10225 225 
336 42576 32576 
337 22987 12987 
338 90802 80802 
339 95851 85851 
340 71529 61529 
341 31520 21520 
342 101874 91874 
343 103807 93807 
344 35022 25022 
345 49150 39150 
346 70626 60626 
347 37519 27519 
348 93822 83822 
349 61356 51356 
350 89911 79911 
351 17724 7724 
352 56040 46040 
353 67996 57996 
354 37903 27903 
355 11907 1907 
356 41054 31054 
357 68884 58884 
358 12654 2654 
359 72373 62373 
360 87880 77880 
361 10905 905 
362 43459 33459 
363 23734 13734 
364 37909 27909 
365 57594 47594 
366 63145 53145 
367 80210 70210 
368 23757 13757 
369 55286 45286 
370 45673 35673 
371 79639 69639 
372 36193 26193 
373 35404 25404 
374 62621 52621 
375 85363 75363 
376 97508 87508 
377 26301 16301 
378 47663 37663 
379 47243 37243 
380 27859 17859 
381 31520 21520 
382 15872 5872 
383 16532 6532 
384 103247 93247 
385 10658 658 
386 22437 12437 
387 71442 61442 
388 52556 42556 
389 97527 87527 
390 35180 25180 
391 12555 2555 
392 18401 8401 
393 55585 45585 
394 101084 91084 
395 55943 45943 
396 60352 50352 
397 63516 53516 
398 96186 86186 
399 45383 35383 
400 42048 32048 
401 26180 16180 
402 55432 45432 
403 35198 25198 
404 75669 65669 
405 64612 54612 
406 80680 70680 
407 64784 54784 
408 106818 96818 
409 63676 53676 
410 16318 6318 
411 19270 9270 
412 89860 79860 
413 47950 37950 
414 19123 9123 
415 53771 43771 
416 24399 14399 
417 104517 94517 
418 84534 74534 
419 62183 52183 
420 21783 11783 
421 103010 93010 
422 93149 83149 
423 108437 98437 
424 32165 22165 
425 36932 26932 
426 80905 70905 
427 62274 52274 
428 89865 79865 
429 17971 7971 
430 36039 26039 
431 58277 48277 
432 104654 94654 
433 67914 57914 
434 19059 9059 
435 60373 50373 
436 91465 81465 
437 97247 87247 
438 35895 25895 
439 43820 33820 
440 94987 84987 
441 50351 40351 
442 53521 43521 
443 109846 99846 
444 73846 63846 
445 49227 39227 
446 18131 8131 
447 100917 90917 
448 81420 71420 
449 42969 32969 
450 83236 73236 
451 83797 73797 
452 18435 8435 
453 59625 49625 
454 57348 47348 
455 45159 35159 
456 95733 85733 
457 57237 47237 
458 86540 76540 
459 19932 9932 
460 63124 53124 
461 108499 98499 
462 74964 64964 
463 91168 81168 
464 86427 76427 
465 101306 91306 
466 85230 75230 
467 16176 6176 
468 25471 15471 
469 64239 54239 
470 16975 6975 
471 52281 42281 
472 80100 70100 
473 53067 43067 
474 85166 75166 
475 93871 83871 
476 34380 24380 
477 27594 17594 
478 45061 35061 
479 10502 502 
480 22314 12314 
481 17875 7875 
482 100661 90661 
483 17681 7681 
484 90261 80261 
485 37855 27855 
486 75558 65558 
487 39093 29093 
488 75896 65896 
489 94728 84728 
490 45899 35899 
491 84520 74520 
492 24806 14806 
493 66927 56927 
494 40740 30740 
495 30923 20923 
496 99755 89755 
497 90858 80858 
498 58269 48269 
499 69218 59218 
500 100029 90029 
