npieces: 500
capacity: 22812853
1 70536 60536 
2 43814 33814 
3 25132 15132 
4 54751 44751 
5 90074 80074 
6 58504 48504 
7 31291 21291 
8 76332 66332 
9 29428 19428 
10 73338 63338 
11 93994 83994 
12 95977 85977 
13 70869 60869 
14 94962 84962 
15 73980 63980 
16 106692 96692 
17 56349 46349 
18 15527 5527 
19 11914 1914 
20 26467 16467 
21 92156 82156 
22 48559 38559 
23 80475 70475 
24 34939 24939 
25 67540 57540 
26 43523 33523 
27 22300 12300 
28 109506 99506 
29 28461 18461 
30 36383 26383 
31 81693 71693 
32 78812 68812 
33 53237 43237 
34 74470 64470 
35 94376 84376 
36 89074 79074 
37 29297 19297 
38 10755 755 
39 62398 52398 
40 106466 96466 
41 57157 47157 
42 23466 13466 
43 18096 8096 
44 43791 33791 
45 51996 41996 
46 22396 12396 
47 102871 92871 
48 21848 11848 
49 24789 14789 
50 44233 34233 
51 35184 25184 
52 60231 50231 
53 96010 86010 
54 100624 90624 
55 99928 89928 
56 109792 99792 
57 40542 30542 
58 54338 44338 
59 15999 5999 
60 22649 12649 
61 71330 61330 
62 27589 17589 
63 62828 52828 
64 106600 96600 
65 77540 67540 
66 49812 39812 
67 75277 65277 
68 21751 11751 
69 96308 86308 
70 53540 43540 
71 54841 44841 
72 71861 61861 
73 81396 71396 
74 92033 82033 
75 44677 34677 
76 68423 58423 
77 86460 76460 
78 27479 17479 
79 77759 67759 
80 92444 82444 
81 13927 3927 
82 34540 24540 
83 46762 36762 
84 73214 63214 
85 78238 68238 
86 65962 55962 
87 81910 71910 
88 54051 44051 
89 36575 26575 
90 73627 63627 
91 99003 89003 
92 21955 11955 
93 104618 94618 
94 38285 28285 
95 79890 69890 
96 60997 50997 
97 13799 3799 
98 101237 91237 
99 41424 31424 
100 90610 80610 
101 105047 95047 
102 27183 17183 
103 77760 67760 
104 45355 35355 
105 31797 21797 
106 42083 32083 
107 22652 12652 
108 90133 80133 
109 10345 345 
110 106532 96532 
111 34344 24344 
112 55218 45218 
113 107913 97913 
114 36307 26307 
115 22123 12123 
116 109132 99132 
117 77036 67036 
118 44992 34992 
119 23690 13690 
120 88107 78107 
121 13549 3549 
122 68656 58656 
123 90819 80819 
124 40966 30966 
125 12728 2728 
126 66970 56970 
127 86435 76435 
128 77974 67974 
129 60212 50212 
130 41995 31995 
131 56612 46612 
132 50885 40885 
133 27437 17437 
134 106633 96633 
135 101959 91959 
136 102470 92470 
137 90716 80716 
138 57557 47557 
139 95818 85818 
140 102430 92430 
141 52150 42150 
142 44393 34393 
143 37702 27702 
144 44159 34159 
145 78606 68606 
146 62881 52881 
147 26791 16791 
148 13142 3142 
149 70184 60184 
150 84215 74215 
151 99497 89497 
152 62490 52490 
153 105115 95115 
154 12294 2294 
155 65195 55195 
156 30629 20629 
157 34305 24305 
158 59696 49696 
159 63923 53923 
160 82240 72240 
161 29214 19214 
162 42843 32843 
163 49214 39214 
164 74102 64102 
165 108139 98139 
166 94806 84806 
167 98370 88370 
168 77066 67066 
169 95710 85710 
170 28441 18441 
171 42466 32466 
172 45349 35349 
173 86744 76744 
174 100938 90938 
175 47948 37948 
176 72071 62071 
177 68458 58458 
178 83772 73772 
179 32499 22499 
180 42783 32783 
181 57957 47957 
182 53618 43618 
183 43365 33365 
184 45302 35302 
185 82813 72813 
186 77442 67442 
187 101928 91928 
188 54821 44821 
189 27384 17384 
190 105620 95620 
191 13237 3237 
192 34663 24663 
193 38713 28713 
194 109897 99897 
195 102129 92129 
196 102760 92760 
197 25604 15604 
198 37753 27753 
199 80676 70676 
200 10333 333 
201 91437 81437 
202 91829 81829 
203 34904 24904 
204 11502 1502 
205 29250 19250 
206 65579 55579 
207 94768 84768 
208 93774 83774 
209 101969 91969 
210 74087 64087 
211 72674 62674 
212 98091 88091 
213 61367 51367 
214 86006 76006 
215 28819 18819 
216 37409 27409 
217 107719 97719 
218 41926 31926 
219 102445 92445 
220 27913 17913 
221 100115 90115 
222 91562 81562 
223 36671 26671 
224 44814 34814 
225 100921 90921 
226 108410 98410 
227 63665 53665 
228 42272 32272 
229 72077 62077 
230 19830 9830 
231 84867 74867 
232 20481 10481 
233 54559 44559 
234 68811 58811 
235 19201 9201 
236 101565 91565 
237 21385 11385 
238 80046 70046 
239 96965 86965 
240 39927 29927 
241 78232 68232 
242 46214 36214 
243 55177 45177 
244 32831 22831 
245 10260 260 
246 77926 67926 
247 23687 13687 
248 62911 52911 
249 75053 65053 
250 43800 33800 
251 90863 80863 
252 70805 60805 
253 17412 7412 
254 41045 31045 
255 39620 29620 
256 59642 49642 
257 66963 56963 
258 105104 95104 
259 75891 65891 
260 28833 18833 
261 76122 66122 
262 27859 17859 
263 76593 66593 
264 82139 72139 
265 86279 76279 
266 40928 30928 
267 34960 24960 
268 28887 18887 
269 26913 16913 
270 83866 73866 
271 87102 77102 
272 61416 51416 
273 61233 51233 
274 89213 79213 
275 28827 18827 
276 39614 29614 
277 44846 34846 
278 70759 60759 
279 94580 84580 
280 91158 81158 
281 46403 36403 
282 65338 55338 
283 46113 36113 
284 86989 76989 
285 24127 14127 
286 34362 24362 
287 88151 78151 
288 104688 94688 
289 69081 59081 
290 105488 95488 
291 87434 77434 
292 65359 55359 
293 95038 85038 
294 46225 36225 
295 26275 16275 
296 77391 67391 
297 45177 35177 
298 73401 63401 
299 100602 90602 
300 57183 47183 
301 19549 9549 
302 55153 45153 
303 32113 22113 
304 100963 90963 
305 100306 90306 
306 57744 47744 
307 41772 31772 
308 97900 87900 
309 43578 33578 
310 11645 1645 
311 15440 5440 
312 32136 22136 
313 27742 17742 
314 96370 86370 
315 70487 60487 
316 42613 32613 
317 78746 68746 
318 76636 66636 
319 88173 78173 
320 97649 87649 
321 65793 55793 
322 95263 85263 
323 69291 59291 
324 33358 23358 
325 53582 43582 
326 22870 12870 
327 32142 22142 
328 20033 10033 
329 45801 35801 
330 94265 84265 
331 91506 81506 
332 89241 79241 
333 10803 803 
334 77879 67879 
335 44528 34528 
336 36940 26940 
337 30094 20094 
338 99522 89522 
339 37297 27297 
340 28589 18589 
341 13515 3515 
342 90795 80795 
343 62222 52222 
344 98010 88010 
345 14929 4929 
346 30082 20082 
347 69126 59126 
348 52114 42114 
349 48871 38871 
350 45023 35023 
351 69531 59531 
352 65444 55444 
353 88414 78414 
354 76703 66703 
355 33321 23321 
356 60290 50290 
357 46910 36910 
358 11494 1494 
359 11012 1012 
360 55253 45253 
361 64843 54843 
362 34755 24755 
363 50957 40957 
364 101290 91290 
365 72148 62148 
366 104465 94465 
367 71440 61440 
368 89001 79001 
369 69849 59849 
370 85145 75145 
371 41469 31469 
372 95142 85142 
373 70550 60550 
374 97013 87013 
375 77057 67057 
376 19792 9792 
377 105136 95136 
378 54512 44512 
379 102401 92401 
380 80423 70423 
381 73850 63850 
382 87689 77689 
383 58995 48995 
384 84556 74556 
385 23236 13236 
386 72662 62662 
387 49976 39976 
388 38960 28960 
389 59009 49009 
390 106660 96660 
391 65946 55946 
392 14286 4286 
393 47668 37668 
394 62077 52077 
395 75710 65710 
396 99444 89444 
397 64439 54439 
398 26595 16595 
399 55845 45845 
400 99676 89676 
401 51303 41303 
402 25496 15496 
403 102693 92693 
404 11290 1290 
405 69551 59551 
406 43936 33936 
407 51263 41263 
408 30158 20158 
409 90223 80223 
410 105438 95438 
411 32893 22893 
412 19929 9929 
413 52712 42712 
414 67323 57323 
415 107242 97242 
416 106636 96636 
417 107655 97655 
418 45670 35670 
419 86957 76957 
420 42651 32651 
421 47244 37244 
422 53237 43237 
423 58116 48116 
424 109905 99905 
425 53239 43239 
426 55177 45177 
427 85305 75305 
428 68989 58989 
429 43406 33406 
430 108656 98656 
431 61251 51251 
432 70251 60251 
433 11276 1276 
434 89635 79635 
435 75932 65932 
436 46221 36221 
437 22473 12473 
438 18256 8256 
439 14298 4298 
440 103287 93287 
441 34274 24274 
442 106162 96162 
443 108781 98781 
444 16715 6715 
445 79109 69109 
446 89148 79148 
447 53780 43780 
448 76585 66585 
449 34908 24908 
450 50069 40069 
451 81692 71692 
452 88520 78520 
453 73203 63203 
454 95900 85900 
455 24725 14725 
456 56066 46066 
457 52231 42231 
458 38317 28317 
459 64115 54115 
460 29385 19385 
461 23341 13341 
462 29404 19404 
463 35966 25966 
464 78263 68263 
465 65693 55693 
466 30398 20398 
467 24246 14246 
468 50820 40820 
469 66393 56393 
470 49608 39608 
471 86856 76856 
472 42609 32609 
473 98493 88493 
474 28431 18431 
475 78309 68309 
476 55201 45201 
477 90885 80885 
478 22510 12510 
479 84229 74229 
480 33991 23991 
481 85333 75333 
482 48293 38293 
483 67447 57447 
484 80377 70377 
485 83305 73305 
486 74046 64046 
487 79139 69139 
488 75556 65556 
489 78010 68010 
490 61420 51420 
491 23615 13615 
492 83994 73994 
493 65930 55930 
494 20844 10844 
495 55114 45114 
496 100231 90231 
497 44556 34556 
498 24941 14941 
499 48648 38648 
500 50562 40562 
