npieces: 5000
capacity: 2460994
1 867 889 
2 361 301 
3 172 139 
4 398 476 
5 109 141 
6 724 627 
7 777 862 
8 186 197 
9 508 438 
10 414 451 
11 762 845 
12 634 708 
13 877 821 
14 888 877 
15 381 390 
16 179 254 
17 153 86 
18 476 521 
19 996 954 
20 772 791 
21 214 190 
22 787 849 
23 277 277 
24 1 48 
25 774 806 
26 829 777 
27 357 339 
28 121 129 
29 131 39 
30 929 960 
31 619 667 
32 213 293 
33 222 317 
34 987 910 
35 212 221 
36 69 106 
37 1000 901 
38 706 798 
39 170 141 
40 244 344 
41 1 48 
42 915 867 
43 856 823 
44 239 183 
45 323 352 
46 767 692 
47 410 507 
48 820 803 
49 338 288 
50 1 17 
51 183 120 
52 750 689 
53 653 670 
54 973 949 
55 226 290 
56 973 985 
57 380 394 
58 746 652 
59 719 813 
60 20 115 
61 877 790 
62 906 988 
63 56 145 
64 843 852 
65 362 357 
66 734 701 
67 308 326 
68 559 576 
69 331 349 
70 397 467 
71 492 487 
72 782 759 
73 283 295 
74 328 328 
75 425 513 
76 713 642 
77 1046 988 
78 578 516 
79 527 570 
80 395 460 
81 939 927 
82 552 503 
83 720 652 
84 170 91 
85 787 799 
86 671 763 
87 600 617 
88 968 949 
89 551 491 
90 601 700 
91 800 782 
92 404 446 
93 432 462 
94 361 449 
95 486 505 
96 630 582 
97 211 274 
98 426 354 
99 881 805 
100 41 61 
101 539 494 
102 391 425 
103 1039 979 
104 144 161 
105 311 338 
106 28 75 
107 987 968 
108 711 748 
109 73 128 
110 434 398 
111 453 412 
112 407 336 
113 807 842 
114 274 290 
115 574 502 
116 80 132 
117 598 608 
118 637 554 
119 635 570 
120 240 278 
121 176 129 
122 1 2 
123 359 413 
124 292 232 
125 940 854 
126 105 64 
127 363 453 
128 358 453 
129 1 36 
130 328 324 
131 221 179 
132 1 66 
133 761 720 
134 335 297 
135 818 890 
136 729 751 
137 260 266 
138 60 92 
139 319 279 
140 200 173 
141 214 276 
142 827 770 
143 52 56 
144 804 736 
145 200 242 
146 389 427 
147 830 759 
148 149 92 
149 501 538 
150 817 723 
151 98 198 
152 166 154 
153 680 603 
154 667 741 
155 319 371 
156 509 577 
157 215 279 
158 395 416 
159 505 571 
160 1005 990 
161 780 874 
162 397 396 
163 170 191 
164 21 111 
165 969 898 
166 1024 963 
167 1 4 
168 400 465 
169 494 407 
170 969 938 
171 658 668 
172 54 31 
173 1 34 
174 7 95 
175 743 680 
176 143 60 
177 941 951 
178 670 698 
179 485 519 
180 802 773 
181 504 532 
182 582 510 
183 956 885 
184 1 33 
185 49 10 
186 649 614 
187 628 679 
188 358 290 
189 167 185 
190 315 290 
191 186 211 
192 850 876 
193 501 573 
194 867 905 
195 381 426 
196 148 75 
197 404 357 
198 768 839 
199 598 608 
200 297 214 
201 467 384 
202 164 142 
203 74 48 
204 459 512 
205 477 464 
206 163 206 
207 976 889 
208 89 27 
209 673 752 
210 851 886 
211 95 133 
212 170 173 
213 891 936 
214 584 610 
215 277 271 
216 292 332 
217 969 989 
218 525 557 
219 335 314 
220 57 99 
221 1 43 
222 432 342 
223 710 758 
224 395 389 
225 192 149 
226 778 693 
227 491 540 
228 489 470 
229 852 760 
230 791 772 
231 318 342 
232 943 967 
233 210 254 
234 385 447 
235 616 538 
236 754 793 
237 595 614 
238 786 774 
239 145 214 
240 834 814 
241 985 926 
242 707 728 
243 51 130 
244 926 932 
245 27 59 
246 588 592 
247 460 435 
248 771 675 
249 641 733 
250 309 217 
251 617 708 
252 124 188 
253 321 262 
254 646 739 
255 1 44 
256 491 586 
257 824 793 
258 730 685 
259 723 644 
260 520 498 
261 694 660 
262 201 258 
263 1017 960 
264 972 924 
265 138 144 
266 126 143 
267 834 899 
268 30 89 
269 1 6 
270 918 936 
271 762 853 
272 634 692 
273 61 65 
274 498 464 
275 963 878 
276 431 483 
277 296 256 
278 731 799 
279 285 234 
280 58 109 
281 1 18 
282 1043 971 
283 851 812 
284 1014 940 
285 898 897 
286 135 122 
287 578 492 
288 201 162 
289 975 898 
290 229 324 
291 419 419 
292 855 901 
293 174 201 
294 490 403 
295 312 404 
296 366 308 
297 171 103 
298 691 723 
299 281 227 
300 174 89 
301 776 677 
302 804 716 
303 773 695 
304 792 750 
305 650 728 
306 1047 965 
307 1019 920 
308 425 482 
309 713 717 
310 356 296 
311 40 67 
312 511 531 
313 544 571 
314 860 867 
315 33 19 
316 495 595 
317 129 38 
318 790 770 
319 397 303 
320 468 510 
321 101 175 
322 349 432 
323 751 729 
324 149 143 
325 392 438 
326 688 604 
327 893 987 
328 902 832 
329 1000 971 
330 324 398 
331 828 857 
332 879 944 
333 94 150 
334 287 289 
335 635 595 
336 87 4 
337 773 788 
338 785 704 
339 245 281 
340 902 857 
341 193 258 
342 171 187 
343 215 279 
344 756 669 
345 437 337 
346 125 56 
347 850 753 
348 449 523 
349 322 394 
350 651 684 
351 67 69 
352 39 53 
353 163 97 
354 653 705 
355 35 93 
356 860 794 
357 527 572 
358 485 512 
359 763 700 
360 335 255 
361 117 107 
362 1071 982 
363 1025 942 
364 366 359 
365 371 351 
366 730 640 
367 827 866 
368 447 533 
369 237 260 
370 178 112 
371 259 217 
372 977 991 
373 89 57 
374 428 383 
375 140 157 
376 1 34 
377 375 428 
378 405 323 
379 414 325 
380 741 754 
381 72 104 
382 855 872 
383 205 245 
384 882 832 
385 94 192 
386 530 464 
387 251 240 
388 885 875 
389 247 203 
390 380 421 
391 350 272 
392 279 322 
393 364 328 
394 892 819 
395 161 177 
396 865 926 
397 742 697 
398 487 481 
399 227 323 
400 205 234 
401 502 529 
402 826 726 
403 14 47 
404 903 836 
405 836 903 
406 884 805 
407 776 863 
408 798 787 
409 303 339 
410 713 691 
411 818 888 
412 410 320 
413 958 902 
414 311 310 
415 199 184 
416 752 663 
417 974 956 
418 1002 965 
419 705 697 
420 1 77 
421 502 570 
422 1032 996 
423 842 838 
424 106 201 
425 165 161 
426 841 910 
427 219 147 
428 927 925 
429 285 195 
430 187 195 
431 130 64 
432 101 75 
433 933 891 
434 735 666 
435 69 84 
436 483 570 
437 799 711 
438 37 29 
439 146 195 
440 189 160 
441 270 247 
442 720 721 
443 225 169 
444 104 23 
445 422 396 
446 860 813 
447 647 726 
448 460 490 
449 223 140 
450 358 272 
451 903 874 
452 432 518 
453 1 42 
454 1 12 
455 960 935 
456 175 243 
457 345 368 
458 220 247 
459 543 580 
460 797 835 
461 1 54 
462 161 231 
463 713 630 
464 335 263 
465 720 713 
466 558 603 
467 526 583 
468 192 287 
469 479 407 
470 579 550 
471 384 401 
472 452 440 
473 320 399 
474 354 293 
475 281 361 
476 365 292 
477 74 12 
478 1 5 
479 387 462 
480 604 536 
481 745 672 
482 828 856 
483 165 176 
484 539 599 
485 513 586 
486 467 494 
487 437 347 
488 577 601 
489 986 906 
490 160 230 
491 548 628 
492 801 776 
493 921 906 
494 962 868 
495 807 856 
496 85 87 
497 888 804 
498 243 178 
499 149 201 
500 1 19 
501 835 800 
502 527 609 
503 362 362 
504 201 276 
505 165 124 
506 811 838 
507 944 864 
508 607 674 
509 568 548 
510 700 776 
511 994 913 
512 715 665 
513 480 417 
514 252 181 
515 784 806 
516 945 887 
517 718 619 
518 495 578 
519 581 514 
520 767 811 
521 762 746 
522 824 770 
523 281 185 
524 945 973 
525 383 294 
526 100 139 
527 679 724 
528 553 611 
529 409 340 
530 344 326 
531 910 826 
532 805 775 
533 615 705 
534 42 38 
535 1 38 
536 176 187 
537 873 806 
538 852 781 
539 498 405 
540 668 679 
541 852 892 
542 518 419 
543 432 446 
544 856 767 
545 161 87 
546 858 833 
547 557 514 
548 306 383 
549 34 117 
550 732 823 
551 875 963 
552 953 880 
553 541 542 
554 788 828 
555 970 942 
556 557 482 
557 363 371 
558 59 12 
559 480 571 
560 930 930 
561 855 760 
562 236 280 
563 543 449 
564 1039 971 
565 321 339 
566 851 908 
567 50 68 
568 1084 990 
569 386 364 
570 21 114 
571 689 665 
572 618 684 
573 105 53 
574 908 921 
575 375 390 
576 207 288 
577 751 770 
578 735 682 
579 538 516 
580 245 343 
581 157 231 
582 1 14 
583 281 190 
584 836 753 
585 311 326 
586 394 395 
587 302 337 
588 195 183 
589 870 912 
590 335 246 
591 682 772 
592 139 44 
593 830 929 
594 834 776 
595 548 527 
596 631 534 
597 475 510 
598 60 91 
599 31 45 
600 851 781 
601 321 407 
602 934 900 
603 531 459 
604 323 256 
605 826 751 
606 190 216 
607 749 777 
608 817 740 
609 253 257 
610 349 376 
611 612 669 
612 316 366 
613 290 226 
614 328 239 
615 127 213 
616 898 869 
617 58 124 
618 838 912 
619 373 435 
620 828 923 
621 220 134 
622 656 754 
623 438 528 
624 362 347 
625 865 798 
626 428 414 
627 508 435 
628 33 34 
629 947 945 
630 490 549 
631 967 937 
632 169 239 
633 176 183 
634 598 676 
635 1 5 
636 253 284 
637 272 274 
638 6 57 
639 1000 926 
640 446 468 
641 850 805 
642 31 92 
643 466 373 
644 341 341 
645 276 270 
646 46 105 
647 628 678 
648 33 101 
649 957 941 
650 15 19 
651 203 300 
652 657 743 
653 896 885 
654 762 816 
655 711 670 
656 1027 965 
657 486 392 
658 25 97 
659 120 191 
660 155 140 
661 282 309 
662 974 952 
663 286 239 
664 464 493 
665 335 315 
666 555 537 
667 893 812 
668 1 72 
669 907 893 
670 1 43 
671 499 422 
672 606 624 
673 718 693 
674 187 198 
675 442 460 
676 29 3 
677 633 546 
678 520 461 
679 170 241 
680 299 249 
681 828 732 
682 851 795 
683 737 691 
684 837 842 
685 300 396 
686 28 79 
687 632 624 
688 325 370 
689 1020 999 
690 890 977 
691 218 136 
692 541 639 
693 358 297 
694 504 556 
695 888 928 
696 867 838 
697 878 820 
698 696 604 
699 547 483 
700 35 51 
701 880 896 
702 721 663 
703 144 112 
704 410 407 
705 759 698 
706 885 830 
707 265 273 
708 16 114 
709 495 575 
710 741 674 
711 425 503 
712 37 40 
713 816 799 
714 116 97 
715 19 25 
716 188 221 
717 155 132 
718 995 896 
719 434 387 
720 613 604 
721 77 34 
722 670 608 
723 470 545 
724 78 64 
725 818 887 
726 282 298 
727 638 675 
728 94 131 
729 429 369 
730 706 693 
731 421 480 
732 634 646 
733 528 476 
734 175 205 
735 280 317 
736 209 219 
737 815 884 
738 462 379 
739 757 788 
740 186 247 
741 83 92 
742 852 937 
743 942 856 
744 229 155 
745 887 879 
746 591 508 
747 243 245 
748 192 288 
749 906 829 
750 843 794 
751 556 618 
752 477 408 
753 1030 946 
754 541 467 
755 488 424 
756 515 538 
757 131 196 
758 453 434 
759 702 681 
760 1022 980 
761 176 244 
762 284 251 
763 773 692 
764 513 456 
765 950 937 
766 843 860 
767 588 597 
768 97 129 
769 955 898 
770 166 190 
771 51 111 
772 907 981 
773 952 898 
774 303 314 
775 499 595 
776 717 754 
777 479 483 
778 1037 965 
779 119 200 
780 988 914 
781 71 166 
782 422 342 
783 128 139 
784 277 225 
785 307 311 
786 238 237 
787 665 589 
788 877 875 
789 385 323 
790 512 572 
791 93 122 
792 1 17 
793 255 250 
794 181 207 
795 467 438 
796 406 410 
797 170 167 
798 632 629 
799 461 543 
800 390 451 
801 988 941 
802 912 926 
803 816 880 
804 994 914 
805 360 265 
806 508 572 
807 259 298 
808 202 268 
809 91 156 
810 112 124 
811 780 690 
812 160 164 
813 954 928 
814 177 148 
815 681 607 
816 112 149 
817 583 672 
818 494 444 
819 703 650 
820 982 948 
821 621 618 
822 641 727 
823 447 398 
824 566 617 
825 881 966 
826 317 321 
827 65 151 
828 610 660 
829 900 909 
830 87 79 
831 248 317 
832 791 737 
833 300 236 
834 476 500 
835 108 127 
836 451 382 
837 219 256 
838 459 408 
839 769 754 
840 128 162 
841 221 178 
842 436 512 
843 438 370 
844 606 638 
845 934 906 
846 572 491 
847 1 29 
848 826 861 
849 956 942 
850 473 377 
851 1 13 
852 359 324 
853 799 753 
854 318 292 
855 772 755 
856 857 940 
857 774 773 
858 377 320 
859 883 910 
860 286 261 
861 654 708 
862 592 540 
863 214 260 
864 506 523 
865 113 120 
866 95 151 
867 655 566 
868 299 307 
869 1014 960 
870 71 46 
871 559 525 
872 177 251 
873 412 404 
874 713 722 
875 655 681 
876 363 319 
877 873 773 
878 871 852 
879 1 14 
880 662 648 
881 546 528 
882 763 795 
883 216 230 
884 606 693 
885 130 122 
886 439 450 
887 680 716 
888 143 123 
889 901 986 
890 130 77 
891 328 245 
892 336 302 
893 19 115 
894 293 329 
895 456 374 
896 714 800 
897 424 337 
898 964 905 
899 56 26 
900 502 430 
901 347 337 
902 458 397 
903 400 347 
904 592 528 
905 152 203 
906 447 442 
907 303 222 
908 317 336 
909 679 681 
910 415 423 
911 456 522 
912 268 215 
913 970 911 
914 753 667 
915 264 238 
916 520 492 
917 526 426 
918 795 730 
919 485 575 
920 519 550 
921 699 707 
922 162 103 
923 854 897 
924 346 351 
925 415 459 
926 759 777 
927 348 291 
928 896 993 
929 470 414 
930 840 935 
931 768 814 
932 434 530 
933 966 978 
934 73 78 
935 489 508 
936 281 361 
937 113 63 
938 704 767 
939 57 98 
940 393 392 
941 736 790 
942 496 403 
943 862 824 
944 156 178 
945 138 187 
946 181 113 
947 473 525 
948 1 51 
949 251 260 
950 237 300 
951 1028 949 
952 303 277 
953 1 17 
954 806 719 
955 458 397 
956 756 759 
957 764 820 
958 299 274 
959 1003 979 
960 891 901 
961 657 672 
962 685 684 
963 600 672 
964 734 701 
965 398 316 
966 434 448 
967 524 487 
968 940 845 
969 688 647 
970 389 354 
971 932 877 
972 764 760 
973 429 394 
974 134 41 
975 57 137 
976 305 400 
977 186 227 
978 500 556 
979 945 898 
980 113 42 
981 408 462 
982 244 231 
983 431 454 
984 1034 959 
985 421 476 
986 727 669 
987 329 407 
988 610 583 
989 947 973 
990 112 116 
991 1038 949 
992 120 93 
993 685 775 
994 414 454 
995 702 665 
996 654 576 
997 787 726 
998 365 452 
999 479 397 
1000 906 829 
1001 190 284 
1002 308 371 
1003 314 406 
1004 429 368 
1005 734 744 
1006 303 400 
1007 807 756 
1008 79 18 
1009 618 696 
1010 997 957 
1011 698 774 
1012 624 553 
1013 1052 985 
1014 805 732 
1015 665 721 
1016 272 213 
1017 399 427 
1018 86 56 
1019 390 360 
1020 831 822 
1021 636 599 
1022 136 145 
1023 369 378 
1024 706 785 
1025 870 970 
1026 150 110 
1027 207 264 
1028 760 786 
1029 176 153 
1030 769 778 
1031 980 909 
1032 779 737 
1033 303 253 
1034 1 9 
1035 105 6 
1036 627 727 
1037 273 174 
1038 618 633 
1039 532 570 
1040 464 543 
1041 384 385 
1042 1 28 
1043 537 473 
1044 696 607 
1045 611 612 
1046 472 530 
1047 512 606 
1048 409 422 
1049 608 622 
1050 947 897 
1051 107 39 
1052 815 757 
1053 1085 994 
1054 311 294 
1055 475 433 
1056 447 408 
1057 768 762 
1058 370 443 
1059 725 758 
1060 99 116 
1061 588 685 
1062 924 985 
1063 786 816 
1064 424 416 
1065 703 635 
1066 370 316 
1067 294 349 
1068 328 254 
1069 521 565 
1070 895 868 
1071 303 259 
1072 792 712 
1073 573 648 
1074 951 936 
1075 233 330 
1076 513 469 
1077 409 408 
1078 651 578 
1079 491 439 
1080 103 163 
1081 448 407 
1082 373 471 
1083 75 93 
1084 749 660 
1085 519 453 
1086 501 470 
1087 303 331 
1088 270 203 
1089 950 974 
1090 650 638 
1091 838 867 
1092 1 30 
1093 467 409 
1094 1 26 
1095 250 318 
1096 146 195 
1097 333 238 
1098 939 942 
1099 204 178 
1100 879 908 
1101 253 189 
1102 1040 952 
1103 779 686 
1104 736 821 
1105 100 18 
1106 461 514 
1107 556 466 
1108 299 338 
1109 594 613 
1110 305 372 
1111 895 938 
1112 647 596 
1113 825 812 
1114 494 404 
1115 626 625 
1116 17 66 
1117 480 513 
1118 849 919 
1119 584 544 
1120 370 426 
1121 681 600 
1122 673 575 
1123 679 622 
1124 1 55 
1125 202 110 
1126 158 252 
1127 721 686 
1128 295 201 
1129 960 861 
1130 777 733 
1131 179 126 
1132 352 394 
1133 448 397 
1134 621 574 
1135 1068 980 
1136 675 749 
1137 547 474 
1138 921 969 
1139 162 185 
1140 725 719 
1141 793 858 
1142 738 719 
1143 930 991 
1144 398 360 
1145 628 621 
1146 149 245 
1147 618 700 
1148 817 904 
1149 109 157 
1150 654 634 
1151 572 511 
1152 263 356 
1153 890 797 
1154 459 413 
1155 190 104 
1156 2 80 
1157 320 300 
1158 174 168 
1159 538 505 
1160 229 188 
1161 103 49 
1162 252 249 
1163 2 89 
1164 895 976 
1165 594 645 
1166 48 126 
1167 1 45 
1168 444 361 
1169 131 62 
1170 1021 974 
1171 446 398 
1172 733 700 
1173 204 296 
1174 200 236 
1175 865 808 
1176 294 384 
1177 620 587 
1178 898 917 
1179 342 350 
1180 958 942 
1181 846 882 
1182 871 846 
1183 470 433 
1184 668 682 
1185 692 696 
1186 287 369 
1187 950 904 
1188 229 320 
1189 711 738 
1190 224 150 
1191 539 567 
1192 76 81 
1193 251 289 
1194 454 356 
1195 607 682 
1196 923 854 
1197 592 655 
1198 348 351 
1199 515 464 
1200 100 169 
1201 473 559 
1202 337 257 
1203 906 962 
1204 247 200 
1205 947 934 
1206 379 347 
1207 600 514 
1208 147 67 
1209 56 22 
1210 227 226 
1211 862 959 
1212 479 443 
1213 657 728 
1214 987 956 
1215 122 213 
1216 310 387 
1217 774 735 
1218 579 586 
1219 575 631 
1220 88 32 
1221 430 401 
1222 216 190 
1223 908 991 
1224 408 339 
1225 367 422 
1226 831 796 
1227 90 89 
1228 416 451 
1229 199 257 
1230 1 34 
1231 232 190 
1232 810 740 
1233 204 108 
1234 809 809 
1235 239 276 
1236 344 316 
1237 204 294 
1238 651 603 
1239 1 80 
1240 549 619 
1241 823 838 
1242 397 485 
1243 667 742 
1244 159 144 
1245 436 518 
1246 282 204 
1247 341 372 
1248 312 256 
1249 599 586 
1250 308 273 
1251 806 901 
1252 1 8 
1253 398 304 
1254 524 623 
1255 922 834 
1256 333 263 
1257 282 184 
1258 283 257 
1259 1009 936 
1260 972 967 
1261 143 83 
1262 216 118 
1263 668 622 
1264 278 299 
1265 620 702 
1266 588 655 
1267 53 93 
1268 64 96 
1269 177 269 
1270 662 749 
1271 460 440 
1272 809 893 
1273 211 258 
1274 862 797 
1275 617 603 
1276 775 677 
1277 440 421 
1278 580 661 
1279 139 110 
1280 584 585 
1281 204 266 
1282 431 454 
1283 404 369 
1284 924 872 
1285 73 112 
1286 477 457 
1287 464 551 
1288 882 888 
1289 835 735 
1290 913 884 
1291 462 421 
1292 902 844 
1293 970 943 
1294 962 924 
1295 397 473 
1296 42 14 
1297 515 460 
1298 908 882 
1299 509 589 
1300 327 411 
1301 816 854 
1302 896 976 
1303 657 595 
1304 326 372 
1305 508 442 
1306 554 555 
1307 148 200 
1308 51 17 
1309 33 12 
1310 647 600 
1311 757 747 
1312 976 917 
1313 11 47 
1314 309 280 
1315 189 196 
1316 1029 935 
1317 159 137 
1318 282 278 
1319 963 967 
1320 50 116 
1321 615 618 
1322 57 109 
1323 878 960 
1324 117 136 
1325 541 570 
1326 195 148 
1327 604 671 
1328 684 660 
1329 813 767 
1330 236 291 
1331 493 403 
1332 259 262 
1333 987 935 
1334 98 165 
1335 181 264 
1336 811 822 
1337 768 672 
1338 562 550 
1339 205 211 
1340 492 548 
1341 666 605 
1342 409 492 
1343 110 18 
1344 564 525 
1345 255 225 
1346 684 608 
1347 129 198 
1348 626 725 
1349 398 362 
1350 906 988 
1351 146 210 
1352 372 428 
1353 109 169 
1354 1037 987 
1355 904 851 
1356 792 803 
1357 850 943 
1358 724 789 
1359 773 695 
1360 174 85 
1361 917 895 
1362 450 546 
1363 847 832 
1364 738 712 
1365 544 488 
1366 238 204 
1367 36 104 
1368 13 43 
1369 98 90 
1370 314 295 
1371 358 284 
1372 319 224 
1373 228 189 
1374 865 907 
1375 1000 931 
1376 595 617 
1377 897 911 
1378 99 190 
1379 886 838 
1380 64 19 
1381 107 28 
1382 731 707 
1383 1 23 
1384 982 904 
1385 441 357 
1386 142 207 
1387 274 323 
1388 549 614 
1389 807 796 
1390 146 88 
1391 640 714 
1392 449 403 
1393 479 500 
1394 227 295 
1395 748 691 
1396 830 778 
1397 504 499 
1398 236 164 
1399 843 891 
1400 401 413 
1401 684 768 
1402 1052 958 
1403 732 780 
1404 890 803 
1405 984 999 
1406 757 738 
1407 320 239 
1408 94 160 
1409 727 738 
1410 380 369 
1411 13 21 
1412 798 897 
1413 301 367 
1414 752 820 
1415 1 63 
1416 776 751 
1417 272 366 
1418 238 305 
1419 421 499 
1420 267 257 
1421 808 818 
1422 558 629 
1423 681 688 
1424 997 980 
1425 802 773 
1426 275 201 
1427 342 390 
1428 494 540 
1429 16 85 
1430 85 94 
1431 492 560 
1432 180 154 
1433 632 627 
1434 167 211 
1435 226 243 
1436 510 597 
1437 611 513 
1438 470 524 
1439 915 822 
1440 783 691 
1441 654 713 
1442 846 746 
1443 428 330 
1444 799 895 
1445 242 178 
1446 597 511 
1447 692 682 
1448 370 393 
1449 831 796 
1450 738 792 
1451 541 561 
1452 517 419 
1453 1074 992 
1454 1087 987 
1455 663 680 
1456 533 456 
1457 569 522 
1458 333 296 
1459 713 614 
1460 97 93 
1461 827 785 
1462 1 18 
1463 514 512 
1464 571 650 
1465 585 619 
1466 974 989 
1467 585 617 
1468 743 775 
1469 135 195 
1470 972 903 
1471 337 392 
1472 148 73 
1473 356 397 
1474 441 400 
1475 828 814 
1476 847 828 
1477 262 334 
1478 225 283 
1479 567 511 
1480 679 640 
1481 322 238 
1482 916 845 
1483 735 830 
1484 412 317 
1485 317 263 
1486 524 475 
1487 582 491 
1488 488 505 
1489 484 389 
1490 691 726 
1491 827 878 
1492 341 302 
1493 417 317 
1494 533 495 
1495 945 938 
1496 290 246 
1497 116 176 
1498 899 812 
1499 323 245 
1500 1010 985 
1501 693 791 
1502 690 699 
1503 499 532 
1504 820 891 
1505 695 750 
1506 461 436 
1507 410 401 
1508 900 937 
1509 398 418 
1510 189 265 
1511 74 14 
1512 255 242 
1513 903 893 
1514 580 663 
1515 100 169 
1516 515 415 
1517 682 759 
1518 238 204 
1519 762 792 
1520 327 372 
1521 904 804 
1522 638 624 
1523 693 676 
1524 810 815 
1525 302 282 
1526 600 558 
1527 582 487 
1528 762 734 
1529 647 569 
1530 751 778 
1531 202 263 
1532 466 539 
1533 637 715 
1534 1025 970 
1535 141 43 
1536 884 921 
1537 692 667 
1538 126 30 
1539 884 802 
1540 132 125 
1541 181 223 
1542 1 17 
1543 922 897 
1544 122 127 
1545 994 968 
1546 389 336 
1547 754 827 
1548 18 16 
1549 601 519 
1550 672 711 
1551 305 288 
1552 856 932 
1553 481 383 
1554 386 393 
1555 255 264 
1556 609 695 
1557 472 399 
1558 203 151 
1559 256 175 
1560 606 625 
1561 243 183 
1562 259 293 
1563 348 369 
1564 686 748 
1565 206 287 
1566 908 849 
1567 825 804 
1568 643 698 
1569 995 949 
1570 338 333 
1571 389 402 
1572 200 225 
1573 116 157 
1574 172 194 
1575 226 182 
1576 926 896 
1577 612 584 
1578 161 261 
1579 432 428 
1580 155 161 
1581 1 8 
1582 745 788 
1583 624 619 
1584 168 175 
1585 152 63 
1586 175 103 
1587 719 644 
1588 1008 911 
1589 804 845 
1590 1 17 
1591 641 577 
1592 264 224 
1593 429 345 
1594 396 301 
1595 125 89 
1596 54 45 
1597 1 4 
1598 724 779 
1599 309 240 
1600 504 575 
1601 571 531 
1602 589 570 
1603 1 41 
1604 484 469 
1605 917 859 
1606 241 293 
1607 710 742 
1608 955 877 
1609 268 181 
1610 253 249 
1611 512 579 
1612 491 450 
1613 51 17 
1614 5 42 
1615 643 696 
1616 613 606 
1617 512 556 
1618 886 891 
1619 183 158 
1620 576 494 
1621 733 796 
1622 413 484 
1623 363 454 
1624 358 259 
1625 383 480 
1626 766 843 
1627 305 375 
1628 396 493 
1629 833 834 
1630 971 878 
1631 736 711 
1632 779 703 
1633 410 462 
1634 243 301 
1635 106 78 
1636 654 576 
1637 837 842 
1638 815 786 
1639 906 904 
1640 90 38 
1641 699 654 
1642 576 522 
1643 12 41 
1644 21 58 
1645 522 539 
1646 730 794 
1647 851 840 
1648 243 152 
1649 119 126 
1650 847 836 
1651 906 950 
1652 480 501 
1653 478 459 
1654 183 178 
1655 680 582 
1656 936 889 
1657 860 763 
1658 774 695 
1659 58 108 
1660 261 325 
1661 393 312 
1662 1072 995 
1663 103 96 
1664 1018 972 
1665 1 14 
1666 396 341 
1667 702 650 
1668 460 403 
1669 660 578 
1670 291 336 
1671 216 213 
1672 235 330 
1673 629 588 
1674 800 824 
1675 909 861 
1676 672 738 
1677 829 902 
1678 583 516 
1679 178 235 
1680 1 30 
1681 814 812 
1682 259 291 
1683 160 93 
1684 319 348 
1685 909 979 
1686 589 513 
1687 664 736 
1688 585 515 
1689 474 396 
1690 868 921 
1691 851 752 
1692 611 684 
1693 128 127 
1694 900 905 
1695 571 476 
1696 715 811 
1697 774 834 
1698 575 667 
1699 828 908 
1700 345 445 
1701 1 18 
1702 754 816 
1703 93 100 
1704 120 73 
1705 247 270 
1706 1 12 
1707 395 369 
1708 885 897 
1709 291 225 
1710 306 255 
1711 159 240 
1712 895 944 
1713 124 30 
1714 837 824 
1715 577 515 
1716 25 2 
1717 322 347 
1718 690 753 
1719 159 165 
1720 465 553 
1721 574 488 
1722 508 576 
1723 1 35 
1724 249 284 
1725 545 631 
1726 74 129 
1727 352 370 
1728 293 255 
1729 622 531 
1730 577 638 
1731 781 749 
1732 99 127 
1733 678 747 
1734 1048 993 
1735 114 174 
1736 13 13 
1737 715 750 
1738 317 334 
1739 38 74 
1740 332 296 
1741 636 677 
1742 581 492 
1743 264 320 
1744 371 365 
1745 285 326 
1746 337 426 
1747 1 7 
1748 36 32 
1749 407 485 
1750 265 220 
1751 997 989 
1752 318 418 
1753 842 810 
1754 2 28 
1755 216 188 
1756 362 378 
1757 975 895 
1758 149 123 
1759 703 764 
1760 657 678 
1761 375 353 
1762 882 895 
1763 335 285 
1764 403 369 
1765 723 732 
1766 1 20 
1767 716 771 
1768 930 988 
1769 943 913 
1770 61 142 
1771 544 603 
1772 953 895 
1773 943 994 
1774 527 498 
1775 606 586 
1776 199 206 
1777 894 794 
1778 259 282 
1779 939 979 
1780 658 678 
1781 969 974 
1782 887 815 
1783 502 495 
1784 469 534 
1785 797 792 
1786 386 303 
1787 1 43 
1788 449 545 
1789 98 160 
1790 901 806 
1791 89 55 
1792 224 272 
1793 512 595 
1794 739 702 
1795 311 340 
1796 492 402 
1797 1 62 
1798 313 353 
1799 53 11 
1800 810 814 
1801 252 186 
1802 347 403 
1803 669 714 
1804 949 909 
1805 607 671 
1806 1004 962 
1807 521 495 
1808 563 626 
1809 922 954 
1810 762 800 
1811 617 580 
1812 139 131 
1813 707 673 
1814 848 821 
1815 673 771 
1816 321 383 
1817 800 859 
1818 253 223 
1819 545 506 
1820 809 775 
1821 1002 954 
1822 615 579 
1823 330 262 
1824 891 967 
1825 889 810 
1826 570 610 
1827 92 96 
1828 202 163 
1829 1 1 
1830 737 711 
1831 839 877 
1832 767 780 
1833 97 23 
1834 461 534 
1835 424 407 
1836 1035 947 
1837 31 13 
1838 514 524 
1839 629 567 
1840 499 586 
1841 686 759 
1842 575 611 
1843 1033 988 
1844 725 728 
1845 471 508 
1846 533 596 
1847 825 771 
1848 710 795 
1849 467 554 
1850 179 116 
1851 831 767 
1852 470 541 
1853 93 68 
1854 838 785 
1855 578 551 
1856 1 73 
1857 1064 982 
1858 319 388 
1859 748 828 
1860 379 284 
1861 427 364 
1862 58 119 
1863 468 505 
1864 907 998 
1865 378 432 
1866 55 86 
1867 844 771 
1868 744 648 
1869 738 739 
1870 146 223 
1871 661 609 
1872 742 774 
1873 601 585 
1874 403 315 
1875 756 707 
1876 281 348 
1877 504 431 
1878 728 789 
1879 772 821 
1880 456 419 
1881 422 398 
1882 911 895 
1883 681 602 
1884 237 306 
1885 522 559 
1886 497 442 
1887 846 858 
1888 687 734 
1889 623 614 
1890 505 508 
1891 647 662 
1892 781 716 
1893 806 752 
1894 184 97 
1895 298 329 
1896 688 724 
1897 725 703 
1898 676 700 
1899 783 854 
1900 106 126 
1901 168 266 
1902 248 268 
1903 523 614 
1904 237 333 
1905 688 711 
1906 97 66 
1907 456 377 
1908 53 136 
1909 190 228 
1910 710 623 
1911 122 161 
1912 505 486 
1913 693 783 
1914 341 288 
1915 466 468 
1916 710 767 
1917 143 194 
1918 906 931 
1919 656 657 
1920 662 695 
1921 357 378 
1922 257 193 
1923 13 79 
1924 371 380 
1925 766 693 
1926 578 524 
1927 252 187 
1928 334 237 
1929 743 746 
1930 779 728 
1931 796 800 
1932 563 538 
1933 781 730 
1934 198 195 
1935 776 806 
1936 843 912 
1937 805 898 
1938 160 190 
1939 835 845 
1940 748 836 
1941 892 992 
1942 489 523 
1943 264 281 
1944 993 917 
1945 682 708 
1946 739 687 
1947 899 973 
1948 132 188 
1949 123 222 
1950 701 615 
1951 641 633 
1952 664 628 
1953 1 84 
1954 431 436 
1955 610 615 
1956 92 132 
1957 695 698 
1958 657 657 
1959 727 759 
1960 597 689 
1961 246 241 
1962 344 305 
1963 778 840 
1964 356 415 
1965 260 202 
1966 887 923 
1967 585 600 
1968 49 31 
1969 339 282 
1970 158 136 
1971 204 152 
1972 574 519 
1973 268 174 
1974 713 633 
1975 352 330 
1976 181 95 
1977 514 558 
1978 927 907 
1979 104 36 
1980 615 520 
1981 124 107 
1982 571 588 
1983 765 749 
1984 406 373 
1985 133 146 
1986 841 868 
1987 388 477 
1988 597 531 
1989 1011 992 
1990 208 111 
1991 802 798 
1992 783 810 
1993 524 565 
1994 1 96 
1995 696 607 
1996 225 291 
1997 414 483 
1998 400 389 
1999 968 997 
2000 60 137 
2001 577 478 
2002 83 31 
2003 920 833 
2004 82 154 
2005 144 228 
2006 959 968 
2007 203 287 
2008 120 205 
2009 240 252 
2010 519 508 
2011 343 299 
2012 179 212 
2013 96 64 
2014 258 170 
2015 720 683 
2016 797 737 
2017 642 676 
2018 1024 955 
2019 678 777 
2020 1021 930 
2021 317 334 
2022 831 759 
2023 362 272 
2024 85 166 
2025 456 406 
2026 820 892 
2027 523 540 
2028 607 614 
2029 232 141 
2030 676 664 
2031 535 604 
2032 881 855 
2033 715 655 
2034 461 452 
2035 249 321 
2036 618 565 
2037 279 371 
2038 726 649 
2039 472 430 
2040 790 887 
2041 600 551 
2042 391 436 
2043 793 807 
2044 787 799 
2045 912 918 
2046 792 843 
2047 736 716 
2048 1051 968 
2049 865 780 
2050 121 38 
2051 629 621 
2052 20 120 
2053 309 221 
2054 322 241 
2055 330 236 
2056 126 101 
2057 880 867 
2058 827 886 
2059 828 784 
2060 183 154 
2061 537 591 
2062 661 581 
2063 241 206 
2064 345 273 
2065 80 165 
2066 119 102 
2067 572 480 
2068 638 711 
2069 101 170 
2070 1084 987 
2071 406 496 
2072 1057 988 
2073 370 383 
2074 221 160 
2075 158 83 
2076 225 242 
2077 569 573 
2078 478 557 
2079 94 55 
2080 22 28 
2081 573 575 
2082 1 64 
2083 93 159 
2084 188 190 
2085 1046 997 
2086 1052 980 
2087 98 156 
2088 257 233 
2089 913 909 
2090 531 446 
2091 564 475 
2092 870 781 
2093 77 90 
2094 605 564 
2095 616 611 
2096 944 958 
2097 1 31 
2098 390 462 
2099 133 181 
2100 283 233 
2101 704 770 
2102 814 839 
2103 266 220 
2104 764 749 
2105 629 675 
2106 707 795 
2107 49 148 
2108 45 45 
2109 212 284 
2110 191 200 
2111 173 189 
2112 601 531 
2113 249 264 
2114 326 335 
2115 235 207 
2116 148 108 
2117 40 117 
2118 602 521 
2119 738 837 
2120 666 743 
2121 866 924 
2122 550 507 
2123 736 644 
2124 29 55 
2125 250 158 
2126 466 484 
2127 727 746 
2128 221 126 
2129 551 462 
2130 682 644 
2131 491 553 
2132 486 554 
2133 250 307 
2134 920 925 
2135 336 371 
2136 748 786 
2137 752 804 
2138 111 59 
2139 518 421 
2140 638 711 
2141 643 660 
2142 61 29 
2143 20 38 
2144 555 549 
2145 533 565 
2146 184 171 
2147 399 422 
2148 263 345 
2149 331 382 
2150 499 423 
2151 345 281 
2152 160 170 
2153 525 463 
2154 141 174 
2155 213 148 
2156 802 777 
2157 129 42 
2158 515 614 
2159 765 684 
2160 732 723 
2161 173 273 
2162 777 808 
2163 888 844 
2164 943 899 
2165 765 716 
2166 546 596 
2167 840 765 
2168 24 42 
2169 178 250 
2170 575 625 
2171 503 452 
2172 782 689 
2173 440 460 
2174 611 604 
2175 190 129 
2176 282 379 
2177 84 127 
2178 261 197 
2179 934 852 
2180 938 934 
2181 789 840 
2182 445 424 
2183 150 200 
2184 553 464 
2185 91 119 
2186 955 991 
2187 90 42 
2188 718 803 
2189 640 558 
2190 1 10 
2191 534 505 
2192 147 227 
2193 426 353 
2194 554 545 
2195 185 197 
2196 628 572 
2197 370 454 
2198 409 389 
2199 695 769 
2200 893 894 
2201 902 924 
2202 761 852 
2203 1 50 
2204 316 411 
2205 325 421 
2206 500 508 
2207 1076 983 
2208 793 869 
2209 719 677 
2210 6 61 
2211 850 881 
2212 1 26 
2213 724 786 
2214 451 449 
2215 955 930 
2216 646 602 
2217 282 188 
2218 711 717 
2219 589 631 
2220 273 364 
2221 98 140 
2222 762 695 
2223 254 200 
2224 569 502 
2225 174 78 
2226 844 879 
2227 832 876 
2228 203 148 
2229 906 1000 
2230 201 208 
2231 246 256 
2232 394 390 
2233 598 651 
2234 874 957 
2235 306 254 
2236 927 948 
2237 124 175 
2238 616 702 
2239 691 704 
2240 365 306 
2241 910 904 
2242 25 11 
2243 781 844 
2244 360 310 
2245 496 493 
2246 869 957 
2247 500 478 
2248 482 527 
2249 776 837 
2250 459 369 
2251 88 75 
2252 507 470 
2253 416 442 
2254 17 54 
2255 356 418 
2256 672 726 
2257 929 951 
2258 751 715 
2259 964 979 
2260 301 284 
2261 252 348 
2262 727 812 
2263 451 465 
2264 795 769 
2265 605 614 
2266 702 684 
2267 182 169 
2268 344 341 
2269 974 897 
2270 656 714 
2271 600 595 
2272 628 627 
2273 203 248 
2274 524 622 
2275 970 966 
2276 904 858 
2277 319 328 
2278 534 530 
2279 3 21 
2280 314 232 
2281 393 371 
2282 601 523 
2283 202 149 
2284 664 694 
2285 358 328 
2286 977 950 
2287 224 134 
2288 777 816 
2289 1 29 
2290 941 957 
2291 858 832 
2292 315 324 
2293 339 271 
2294 170 122 
2295 273 245 
2296 605 528 
2297 455 422 
2298 531 536 
2299 943 875 
2300 6 21 
2301 561 516 
2302 269 223 
2303 256 224 
2304 519 424 
2305 491 492 
2306 66 14 
2307 68 150 
2308 355 365 
2309 326 420 
2310 577 632 
2311 316 310 
2312 564 580 
2313 357 389 
2314 506 586 
2315 230 198 
2316 428 350 
2317 894 895 
2318 736 648 
2319 82 165 
2320 444 487 
2321 200 256 
2322 879 949 
2323 728 772 
2324 694 691 
2325 441 460 
2326 552 473 
2327 420 388 
2328 113 170 
2329 1006 971 
2330 539 626 
2331 30 27 
2332 912 909 
2333 513 423 
2334 648 726 
2335 577 513 
2336 1055 976 
2337 386 437 
2338 421 405 
2339 213 277 
2340 628 712 
2341 683 601 
2342 685 681 
2343 776 754 
2344 386 453 
2345 168 172 
2346 584 518 
2347 680 606 
2348 786 862 
2349 288 223 
2350 718 700 
2351 915 887 
2352 887 849 
2353 621 599 
2354 423 362 
2355 497 478 
2356 679 618 
2357 522 497 
2358 273 266 
2359 628 637 
2360 754 744 
2361 612 684 
2362 121 138 
2363 244 298 
2364 744 829 
2365 478 507 
2366 971 943 
2367 1 28 
2368 562 548 
2369 949 962 
2370 748 681 
2371 135 226 
2372 544 491 
2373 21 78 
2374 511 435 
2375 1 1 
2376 483 504 
2377 565 664 
2378 242 281 
2379 155 220 
2380 800 702 
2381 474 392 
2382 411 393 
2383 774 699 
2384 222 287 
2385 286 267 
2386 1 53 
2387 285 223 
2388 49 64 
2389 424 462 
2390 112 173 
2391 661 609 
2392 493 418 
2393 279 314 
2394 366 295 
2395 886 856 
2396 1 20 
2397 783 744 
2398 376 305 
2399 764 841 
2400 380 428 
2401 509 524 
2402 267 298 
2403 432 351 
2404 42 37 
2405 87 76 
2406 770 782 
2407 859 786 
2408 511 432 
2409 402 384 
2410 810 729 
2411 753 817 
2412 633 645 
2413 388 353 
2414 191 168 
2415 1060 978 
2416 539 592 
2417 407 315 
2418 930 885 
2419 474 382 
2420 259 270 
2421 987 909 
2422 871 778 
2423 878 864 
2424 77 135 
2425 817 893 
2426 535 594 
2427 895 812 
2428 535 619 
2429 751 702 
2430 277 300 
2431 99 58 
2432 789 807 
2433 547 507 
2434 1045 977 
2435 381 377 
2436 82 135 
2437 314 275 
2438 566 603 
2439 84 102 
2440 301 203 
2441 556 533 
2442 1005 942 
2443 280 181 
2444 174 236 
2445 1 11 
2446 92 129 
2447 688 772 
2448 986 957 
2449 71 40 
2450 108 59 
2451 155 156 
2452 180 148 
2453 108 171 
2454 110 200 
2455 197 113 
2456 103 128 
2457 90 60 
2458 807 762 
2459 469 399 
2460 815 866 
2461 265 364 
2462 876 970 
2463 741 789 
2464 930 998 
2465 755 726 
2466 942 958 
2467 714 651 
2468 145 169 
2469 906 922 
2470 430 490 
2471 214 165 
2472 865 906 
2473 559 486 
2474 553 594 
2475 553 503 
2476 799 754 
2477 129 29 
2478 148 99 
2479 258 168 
2480 598 638 
2481 89 114 
2482 145 111 
2483 286 201 
2484 44 65 
2485 481 523 
2486 861 911 
2487 715 765 
2488 889 988 
2489 482 544 
2490 487 408 
2491 540 480 
2492 938 1000 
2493 342 402 
2494 771 833 
2495 882 802 
2496 16 80 
2497 728 662 
2498 468 393 
2499 467 507 
2500 81 2 
2501 828 746 
2502 47 83 
2503 718 702 
2504 18 100 
2505 1051 964 
2506 450 394 
2507 675 584 
2508 1056 968 
2509 660 736 
2510 255 199 
2511 924 871 
2512 190 178 
2513 816 744 
2514 609 656 
2515 541 637 
2516 225 302 
2517 806 715 
2518 316 296 
2519 211 195 
2520 656 708 
2521 296 312 
2522 649 692 
2523 192 200 
2524 156 238 
2525 378 418 
2526 178 209 
2527 871 786 
2528 664 702 
2529 122 195 
2530 575 665 
2531 118 98 
2532 278 362 
2533 733 650 
2534 347 261 
2535 761 858 
2536 728 786 
2537 13 111 
2538 637 697 
2539 828 759 
2540 478 574 
2541 135 52 
2542 154 76 
2543 814 744 
2544 115 82 
2545 1 43 
2546 742 679 
2547 776 799 
2548 445 419 
2549 158 196 
2550 809 771 
2551 216 229 
2552 250 280 
2553 317 229 
2554 464 373 
2555 442 431 
2556 152 196 
2557 988 906 
2558 748 676 
2559 560 469 
2560 148 144 
2561 192 252 
2562 209 255 
2563 935 887 
2564 855 843 
2565 155 99 
2566 27 8 
2567 902 952 
2568 940 987 
2569 718 727 
2570 655 709 
2571 252 277 
2572 308 363 
2573 833 920 
2574 362 419 
2575 454 508 
2576 626 677 
2577 682 715 
2578 356 395 
2579 268 367 
2580 504 591 
2581 220 237 
2582 638 688 
2583 173 232 
2584 218 208 
2585 57 31 
2586 282 196 
2587 95 132 
2588 160 153 
2589 645 562 
2590 572 560 
2591 212 242 
2592 682 701 
2593 60 130 
2594 615 698 
2595 657 651 
2596 311 403 
2597 1030 933 
2598 455 430 
2599 130 97 
2600 878 841 
2601 423 339 
2602 330 327 
2603 389 346 
2604 679 656 
2605 512 413 
2606 492 548 
2607 829 811 
2608 331 260 
2609 194 135 
2610 708 662 
2611 334 294 
2612 1074 987 
2613 1046 975 
2614 536 574 
2615 110 71 
2616 933 931 
2617 421 453 
2618 652 705 
2619 451 440 
2620 862 837 
2621 625 723 
2622 496 405 
2623 911 922 
2624 430 518 
2625 843 909 
2626 667 755 
2627 154 150 
2628 1040 954 
2629 542 631 
2630 68 28 
2631 345 301 
2632 773 761 
2633 804 795 
2634 871 822 
2635 705 741 
2636 269 181 
2637 555 634 
2638 82 158 
2639 409 396 
2640 441 375 
2641 632 624 
2642 500 421 
2643 221 164 
2644 136 38 
2645 230 306 
2646 680 749 
2647 581 672 
2648 567 513 
2649 656 736 
2650 467 563 
2651 83 35 
2652 101 162 
2653 544 549 
2654 149 164 
2655 228 253 
2656 233 147 
2657 914 892 
2658 91 9 
2659 641 599 
2660 924 986 
2661 599 602 
2662 344 365 
2663 475 499 
2664 360 302 
2665 116 216 
2666 909 851 
2667 190 271 
2668 585 625 
2669 783 704 
2670 425 442 
2671 418 408 
2672 941 949 
2673 928 997 
2674 897 883 
2675 822 889 
2676 781 697 
2677 890 861 
2678 586 615 
2679 612 563 
2680 471 540 
2681 564 632 
2682 830 843 
2683 800 812 
2684 53 54 
2685 541 583 
2686 543 485 
2687 304 322 
2688 316 259 
2689 751 663 
2690 590 510 
2691 450 519 
2692 993 969 
2693 323 326 
2694 857 807 
2695 809 780 
2696 699 734 
2697 23 114 
2698 543 614 
2699 285 319 
2700 292 213 
2701 448 487 
2702 942 952 
2703 410 383 
2704 231 231 
2705 44 71 
2706 87 142 
2707 870 892 
2708 342 420 
2709 1 25 
2710 651 626 
2711 586 561 
2712 296 385 
2713 644 620 
2714 896 872 
2715 247 188 
2716 510 441 
2717 831 818 
2718 941 911 
2719 88 2 
2720 274 327 
2721 743 648 
2722 265 191 
2723 295 381 
2724 578 567 
2725 127 114 
2726 626 603 
2727 771 704 
2728 187 250 
2729 42 113 
2730 24 38 
2731 420 374 
2732 913 912 
2733 232 286 
2734 206 191 
2735 465 560 
2736 549 509 
2737 599 630 
2738 538 534 
2739 7 94 
2740 88 6 
2741 646 621 
2742 1 54 
2743 472 426 
2744 227 235 
2745 117 205 
2746 291 291 
2747 83 18 
2748 173 76 
2749 189 134 
2750 373 459 
2751 816 893 
2752 72 158 
2753 268 229 
2754 1045 991 
2755 587 634 
2756 811 757 
2757 356 375 
2758 787 864 
2759 838 886 
2760 520 609 
2761 742 652 
2762 265 172 
2763 92 100 
2764 876 891 
2765 220 270 
2766 781 768 
2767 699 628 
2768 611 630 
2769 466 457 
2770 818 789 
2771 465 398 
2772 708 704 
2773 241 330 
2774 817 901 
2775 83 134 
2776 387 416 
2777 811 898 
2778 700 724 
2779 1009 951 
2780 278 287 
2781 736 722 
2782 353 289 
2783 194 234 
2784 130 105 
2785 516 542 
2786 100 148 
2787 858 878 
2788 183 267 
2789 614 604 
2790 39 111 
2791 639 606 
2792 808 868 
2793 778 772 
2794 754 727 
2795 819 800 
2796 568 606 
2797 925 879 
2798 381 346 
2799 742 746 
2800 782 731 
2801 751 833 
2802 845 849 
2803 748 669 
2804 221 282 
2805 798 736 
2806 381 420 
2807 44 4 
2808 43 113 
2809 438 340 
2810 692 770 
2811 536 467 
2812 988 978 
2813 135 111 
2814 131 104 
2815 529 618 
2816 784 832 
2817 827 829 
2818 827 791 
2819 510 600 
2820 539 520 
2821 155 122 
2822 861 784 
2823 849 810 
2824 234 147 
2825 452 456 
2826 84 112 
2827 552 499 
2828 368 376 
2829 868 776 
2830 769 734 
2831 1 3 
2832 270 340 
2833 935 982 
2834 161 202 
2835 711 691 
2836 191 251 
2837 284 215 
2838 571 566 
2839 696 741 
2840 803 765 
2841 180 219 
2842 857 798 
2843 309 349 
2844 223 260 
2845 31 117 
2846 1 57 
2847 217 188 
2848 909 882 
2849 395 344 
2850 759 711 
2851 659 641 
2852 244 253 
2853 660 593 
2854 660 610 
2855 192 240 
2856 864 885 
2857 86 129 
2858 514 447 
2859 682 693 
2860 663 650 
2861 353 434 
2862 261 308 
2863 95 135 
2864 546 632 
2865 212 207 
2866 429 473 
2867 635 559 
2868 745 764 
2869 954 918 
2870 424 337 
2871 827 848 
2872 211 197 
2873 763 750 
2874 272 352 
2875 982 902 
2876 196 222 
2877 1037 987 
2878 235 212 
2879 815 769 
2880 926 976 
2881 808 831 
2882 611 589 
2883 671 753 
2884 374 282 
2885 277 232 
2886 593 590 
2887 252 321 
2888 474 491 
2889 377 471 
2890 376 308 
2891 208 197 
2892 68 51 
2893 848 852 
2894 816 811 
2895 374 453 
2896 633 599 
2897 419 404 
2898 1 38 
2899 310 226 
2900 634 660 
2901 280 373 
2902 36 46 
2903 712 734 
2904 60 9 
2905 542 478 
2906 250 231 
2907 885 950 
2908 295 383 
2909 333 234 
2910 327 328 
2911 632 537 
2912 649 570 
2913 1016 963 
2914 675 721 
2915 456 479 
2916 926 942 
2917 201 152 
2918 809 892 
2919 60 60 
2920 292 364 
2921 236 257 
2922 813 734 
2923 1 76 
2924 211 228 
2925 362 431 
2926 263 180 
2927 240 278 
2928 535 595 
2929 35 23 
2930 406 384 
2931 362 364 
2932 506 596 
2933 420 405 
2934 205 196 
2935 248 302 
2936 772 768 
2937 729 635 
2938 1 20 
2939 906 876 
2940 327 400 
2941 135 137 
2942 933 853 
2943 357 435 
2944 414 455 
2945 904 988 
2946 519 530 
2947 263 300 
2948 774 738 
2949 355 393 
2950 326 363 
2951 804 754 
2952 686 777 
2953 185 184 
2954 728 741 
2955 655 666 
2956 43 21 
2957 818 755 
2958 725 703 
2959 742 746 
2960 572 618 
2961 803 806 
2962 141 200 
2963 788 788 
2964 817 860 
2965 299 262 
2966 230 220 
2967 957 994 
2968 875 931 
2969 829 764 
2970 384 286 
2971 4 97 
2972 940 936 
2973 217 273 
2974 404 477 
2975 898 912 
2976 538 552 
2977 21 49 
2978 899 881 
2979 267 335 
2980 765 846 
2981 484 498 
2982 816 844 
2983 75 122 
2984 1049 962 
2985 295 236 
2986 570 506 
2987 322 326 
2988 10 78 
2989 142 47 
2990 641 611 
2991 533 528 
2992 348 276 
2993 429 522 
2994 255 262 
2995 324 386 
2996 1 27 
2997 257 192 
2998 390 478 
2999 53 88 
3000 180 266 
3001 466 554 
3002 354 342 
3003 940 980 
3004 565 489 
3005 825 786 
3006 1014 998 
3007 905 863 
3008 108 92 
3009 507 603 
3010 932 893 
3011 215 257 
3012 78 49 
3013 1 20 
3014 238 262 
3015 829 837 
3016 632 574 
3017 784 740 
3018 727 645 
3019 461 400 
3020 533 606 
3021 620 668 
3022 953 881 
3023 285 297 
3024 456 363 
3025 613 586 
3026 776 697 
3027 388 424 
3028 322 306 
3029 595 562 
3030 366 281 
3031 245 272 
3032 742 780 
3033 515 580 
3034 986 972 
3035 148 142 
3036 849 897 
3037 379 331 
3038 144 112 
3039 752 841 
3040 819 772 
3041 557 562 
3042 219 191 
3043 859 874 
3044 621 659 
3045 118 214 
3046 1 66 
3047 765 723 
3048 1049 958 
3049 457 504 
3050 773 686 
3051 880 922 
3052 723 813 
3053 103 154 
3054 1025 944 
3055 111 28 
3056 333 284 
3057 642 671 
3058 726 754 
3059 146 52 
3060 570 609 
3061 231 261 
3062 711 662 
3063 774 827 
3064 860 785 
3065 335 428 
3066 607 551 
3067 755 839 
3068 643 584 
3069 156 229 
3070 271 293 
3071 486 582 
3072 535 576 
3073 252 237 
3074 736 655 
3075 264 273 
3076 650 686 
3077 392 425 
3078 403 496 
3079 207 276 
3080 393 378 
3081 603 698 
3082 401 412 
3083 571 562 
3084 212 133 
3085 212 296 
3086 977 961 
3087 1 50 
3088 522 466 
3089 365 336 
3090 90 129 
3091 650 679 
3092 496 479 
3093 134 232 
3094 918 868 
3095 650 665 
3096 578 651 
3097 192 143 
3098 769 712 
3099 106 86 
3100 882 895 
3101 291 288 
3102 158 155 
3103 534 629 
3104 355 287 
3105 87 13 
3106 271 268 
3107 327 415 
3108 550 520 
3109 844 901 
3110 902 895 
3111 926 927 
3112 92 161 
3113 233 216 
3114 477 512 
3115 537 512 
3116 463 539 
3117 175 135 
3118 1 4 
3119 581 651 
3120 166 195 
3121 248 279 
3122 910 909 
3123 211 304 
3124 690 637 
3125 179 108 
3126 746 660 
3127 285 337 
3128 575 576 
3129 850 944 
3130 647 695 
3131 189 284 
3132 769 806 
3133 403 427 
3134 650 570 
3135 359 391 
3136 839 898 
3137 435 409 
3138 140 215 
3139 845 916 
3140 852 929 
3141 56 113 
3142 250 344 
3143 1 36 
3144 786 756 
3145 379 386 
3146 530 561 
3147 78 150 
3148 751 842 
3149 354 383 
3150 992 912 
3151 40 118 
3152 927 960 
3153 388 433 
3154 868 839 
3155 89 120 
3156 1 26 
3157 135 217 
3158 1033 982 
3159 295 252 
3160 981 984 
3161 146 141 
3162 42 19 
3163 500 401 
3164 516 548 
3165 351 326 
3166 747 747 
3167 627 644 
3168 977 1000 
3169 689 634 
3170 285 256 
3171 433 463 
3172 1 35 
3173 325 286 
3174 700 666 
3175 457 445 
3176 666 698 
3177 329 402 
3178 881 920 
3179 835 905 
3180 1035 936 
3181 624 535 
3182 590 654 
3183 493 468 
3184 739 824 
3185 376 345 
3186 29 30 
3187 1 22 
3188 892 943 
3189 24 94 
3190 24 81 
3191 823 858 
3192 818 773 
3193 573 670 
3194 194 125 
3195 179 236 
3196 422 386 
3197 810 875 
3198 1018 926 
3199 941 947 
3200 298 203 
3201 168 120 
3202 397 422 
3203 879 961 
3204 750 660 
3205 503 596 
3206 824 775 
3207 782 880 
3208 119 196 
3209 37 14 
3210 163 117 
3211 213 292 
3212 973 918 
3213 342 415 
3214 284 190 
3215 266 309 
3216 511 476 
3217 912 853 
3218 668 699 
3219 941 979 
3220 475 556 
3221 1002 908 
3222 86 6 
3223 290 330 
3224 552 469 
3225 858 844 
3226 519 460 
3227 320 318 
3228 413 416 
3229 569 640 
3230 363 282 
3231 82 141 
3232 902 864 
3233 498 491 
3234 805 850 
3235 384 289 
3236 960 892 
3237 879 930 
3238 869 796 
3239 260 333 
3240 259 218 
3241 640 678 
3242 475 455 
3243 677 653 
3244 503 459 
3245 494 521 
3246 898 823 
3247 136 96 
3248 890 892 
3249 602 525 
3250 166 110 
3251 49 71 
3252 204 152 
3253 469 554 
3254 480 549 
3255 623 581 
3256 1 8 
3257 345 407 
3258 44 57 
3259 251 342 
3260 918 869 
3261 618 550 
3262 424 392 
3263 835 882 
3264 1023 930 
3265 444 442 
3266 35 131 
3267 600 513 
3268 514 556 
3269 411 449 
3270 484 412 
3271 331 293 
3272 661 603 
3273 479 427 
3274 618 575 
3275 477 421 
3276 9 96 
3277 696 683 
3278 325 242 
3279 666 766 
3280 357 447 
3281 951 931 
3282 631 726 
3283 643 682 
3284 256 188 
3285 855 849 
3286 986 973 
3287 307 234 
3288 789 775 
3289 778 815 
3290 326 332 
3291 259 357 
3292 316 386 
3293 844 836 
3294 662 720 
3295 319 257 
3296 143 79 
3297 872 773 
3298 698 674 
3299 171 166 
3300 1019 948 
3301 663 632 
3302 754 693 
3303 155 56 
3304 412 328 
3305 520 597 
3306 198 292 
3307 996 931 
3308 201 133 
3309 197 293 
3310 141 230 
3311 863 870 
3312 746 758 
3313 832 837 
3314 307 388 
3315 72 67 
3316 39 64 
3317 427 505 
3318 366 375 
3319 608 642 
3320 447 498 
3321 670 651 
3322 242 244 
3323 207 211 
3324 563 550 
3325 156 131 
3326 253 201 
3327 875 851 
3328 223 255 
3329 484 389 
3330 946 935 
3331 341 347 
3332 139 187 
3333 1 16 
3334 530 616 
3335 103 21 
3336 832 737 
3337 566 467 
3338 250 223 
3339 873 912 
3340 468 401 
3341 438 384 
3342 345 292 
3343 712 737 
3344 793 784 
3345 442 363 
3346 437 343 
3347 58 74 
3348 1019 995 
3349 224 146 
3350 342 290 
3351 326 389 
3352 162 112 
3353 1006 955 
3354 563 626 
3355 1005 967 
3356 677 578 
3357 1047 994 
3358 872 908 
3359 545 535 
3360 264 180 
3361 833 914 
3362 561 545 
3363 60 6 
3364 116 74 
3365 613 601 
3366 718 780 
3367 473 534 
3368 329 389 
3369 82 166 
3370 656 560 
3371 801 772 
3372 630 693 
3373 792 788 
3374 323 244 
3375 1 79 
3376 895 974 
3377 29 62 
3378 167 137 
3379 764 776 
3380 920 910 
3381 358 403 
3382 811 880 
3383 269 243 
3384 570 538 
3385 349 297 
3386 786 701 
3387 145 234 
3388 70 30 
3389 165 242 
3390 536 457 
3391 405 358 
3392 622 700 
3393 216 220 
3394 722 777 
3395 120 87 
3396 901 913 
3397 966 874 
3398 453 394 
3399 325 352 
3400 327 413 
3401 504 430 
3402 756 814 
3403 649 614 
3404 686 697 
3405 333 337 
3406 183 253 
3407 553 624 
3408 863 896 
3409 677 726 
3410 764 815 
3411 431 421 
3412 901 848 
3413 515 516 
3414 420 358 
3415 107 74 
3416 760 664 
3417 392 331 
3418 762 703 
3419 14 52 
3420 498 433 
3421 67 131 
3422 543 551 
3423 147 160 
3424 890 887 
3425 314 402 
3426 830 791 
3427 260 183 
3428 1032 951 
3429 1 44 
3430 742 817 
3431 394 317 
3432 151 120 
3433 470 442 
3434 676 714 
3435 657 647 
3436 443 492 
3437 220 142 
3438 1032 960 
3439 585 602 
3440 334 317 
3441 804 811 
3442 880 812 
3443 899 889 
3444 722 738 
3445 248 198 
3446 34 63 
3447 401 341 
3448 1 1 
3449 66 49 
3450 480 565 
3451 666 636 
3452 319 356 
3453 399 325 
3454 210 158 
3455 615 692 
3456 101 158 
3457 511 597 
3458 881 978 
3459 933 846 
3460 1062 973 
3461 168 183 
3462 1 74 
3463 287 349 
3464 724 647 
3465 1 67 
3466 436 532 
3467 521 430 
3468 40 127 
3469 417 380 
3470 351 397 
3471 88 152 
3472 675 662 
3473 86 68 
3474 506 510 
3475 847 819 
3476 557 564 
3477 819 761 
3478 553 593 
3479 788 770 
3480 804 790 
3481 799 812 
3482 1047 962 
3483 848 851 
3484 306 263 
3485 137 199 
3486 911 880 
3487 528 595 
3488 267 249 
3489 124 76 
3490 691 627 
3491 574 476 
3492 887 914 
3493 1064 986 
3494 144 221 
3495 528 528 
3496 896 986 
3497 203 105 
3498 120 99 
3499 423 405 
3500 822 881 
3501 632 690 
3502 968 875 
3503 688 736 
3504 438 451 
3505 300 329 
3506 231 245 
3507 915 948 
3508 353 317 
3509 503 453 
3510 944 868 
3511 32 130 
3512 863 831 
3513 872 828 
3514 557 524 
3515 481 536 
3516 55 113 
3517 988 985 
3518 26 115 
3519 227 156 
3520 777 808 
3521 214 240 
3522 168 201 
3523 1 48 
3524 383 336 
3525 758 798 
3526 1051 978 
3527 472 381 
3528 837 800 
3529 375 403 
3530 347 312 
3531 266 257 
3532 660 667 
3533 134 137 
3534 440 379 
3535 956 963 
3536 1 43 
3537 467 428 
3538 417 515 
3539 584 595 
3540 1 46 
3541 673 761 
3542 696 689 
3543 759 685 
3544 510 467 
3545 861 897 
3546 392 460 
3547 216 284 
3548 649 691 
3549 567 549 
3550 62 31 
3551 136 56 
3552 129 194 
3553 540 593 
3554 788 773 
3555 220 290 
3556 215 156 
3557 764 730 
3558 124 32 
3559 393 381 
3560 128 42 
3561 296 346 
3562 637 675 
3563 427 445 
3564 17 117 
3565 437 432 
3566 28 92 
3567 115 184 
3568 613 607 
3569 78 155 
3570 44 94 
3571 659 641 
3572 993 927 
3573 1019 982 
3574 309 264 
3575 477 378 
3576 465 539 
3577 166 178 
3578 826 785 
3579 723 703 
3580 660 676 
3581 1 56 
3582 415 374 
3583 1020 951 
3584 244 247 
3585 491 446 
3586 815 775 
3587 461 420 
3588 936 897 
3589 421 327 
3590 50 87 
3591 345 407 
3592 683 776 
3593 46 85 
3594 820 867 
3595 959 863 
3596 428 510 
3597 24 73 
3598 780 855 
3599 419 489 
3600 920 871 
3601 633 542 
3602 384 366 
3603 446 486 
3604 533 487 
3605 364 291 
3606 45 1 
3607 695 633 
3608 146 190 
3609 44 55 
3610 883 932 
3611 749 720 
3612 515 501 
3613 330 285 
3614 987 958 
3615 898 801 
3616 991 913 
3617 152 184 
3618 131 70 
3619 225 252 
3620 752 757 
3621 743 805 
3622 689 641 
3623 108 124 
3624 362 433 
3625 765 797 
3626 273 280 
3627 609 655 
3628 28 95 
3629 777 738 
3630 844 812 
3631 522 531 
3632 807 786 
3633 539 518 
3634 354 324 
3635 322 385 
3636 764 855 
3637 135 81 
3638 415 507 
3639 889 900 
3640 315 349 
3641 1 26 
3642 88 44 
3643 360 320 
3644 1006 950 
3645 775 706 
3646 491 487 
3647 780 813 
3648 546 590 
3649 341 382 
3650 754 715 
3651 512 466 
3652 608 568 
3653 492 539 
3654 243 316 
3655 591 564 
3656 538 462 
3657 562 498 
3658 717 652 
3659 337 414 
3660 4 23 
3661 302 251 
3662 855 802 
3663 245 241 
3664 1054 992 
3665 334 251 
3666 284 368 
3667 383 459 
3668 180 158 
3669 1 24 
3670 585 503 
3671 951 977 
3672 388 360 
3673 97 145 
3674 674 763 
3675 240 319 
3676 192 135 
3677 399 376 
3678 785 746 
3679 56 59 
3680 71 118 
3681 376 305 
3682 912 910 
3683 106 135 
3684 911 996 
3685 172 130 
3686 452 352 
3687 1028 974 
3688 686 590 
3689 790 771 
3690 45 69 
3691 607 700 
3692 1043 960 
3693 411 453 
3694 461 482 
3695 245 232 
3696 872 955 
3697 180 220 
3698 764 777 
3699 409 444 
3700 893 893 
3701 101 119 
3702 14 108 
3703 574 496 
3704 723 638 
3705 334 388 
3706 90 102 
3707 640 628 
3708 265 270 
3709 86 142 
3710 109 127 
3711 572 540 
3712 729 714 
3713 152 201 
3714 1072 990 
3715 885 811 
3716 115 126 
3717 448 418 
3718 517 526 
3719 1038 987 
3720 938 874 
3721 160 113 
3722 785 835 
3723 916 825 
3724 71 135 
3725 1 40 
3726 553 540 
3727 744 691 
3728 151 65 
3729 600 555 
3730 183 152 
3731 548 467 
3732 214 204 
3733 738 639 
3734 506 467 
3735 992 907 
3736 833 832 
3737 879 869 
3738 701 656 
3739 627 560 
3740 562 478 
3741 80 61 
3742 1030 997 
3743 859 920 
3744 150 130 
3745 459 509 
3746 805 796 
3747 402 342 
3748 439 385 
3749 153 74 
3750 793 758 
3751 1018 939 
3752 1001 970 
3753 761 779 
3754 79 8 
3755 884 844 
3756 569 487 
3757 304 259 
3758 378 287 
3759 580 496 
3760 521 490 
3761 560 517 
3762 856 893 
3763 238 328 
3764 757 778 
3765 272 351 
3766 195 211 
3767 261 239 
3768 875 893 
3769 72 129 
3770 645 647 
3771 425 506 
3772 869 789 
3773 759 725 
3774 881 813 
3775 528 527 
3776 755 709 
3777 370 446 
3778 873 895 
3779 433 375 
3780 405 355 
3781 637 627 
3782 262 207 
3783 604 509 
3784 655 709 
3785 631 658 
3786 375 321 
3787 942 870 
3788 450 534 
3789 274 223 
3790 133 52 
3791 202 152 
3792 759 808 
3793 13 20 
3794 862 815 
3795 256 157 
3796 513 544 
3797 198 232 
3798 811 726 
3799 967 919 
3800 760 766 
3801 147 131 
3802 286 307 
3803 876 827 
3804 631 716 
3805 997 909 
3806 839 847 
3807 834 856 
3808 23 76 
3809 402 388 
3810 735 721 
3811 911 943 
3812 815 869 
3813 899 804 
3814 374 410 
3815 553 514 
3816 945 956 
3817 166 238 
3818 381 313 
3819 165 238 
3820 565 636 
3821 108 132 
3822 728 650 
3823 914 867 
3824 1 24 
3825 1090 992 
3826 989 919 
3827 120 216 
3828 159 94 
3829 637 626 
3830 296 266 
3831 738 649 
3832 94 43 
3833 349 369 
3834 128 110 
3835 722 651 
3836 171 83 
3837 81 22 
3838 529 530 
3839 680 748 
3840 757 663 
3841 448 518 
3842 737 671 
3843 932 957 
3844 677 598 
3845 514 510 
3846 774 791 
3847 719 777 
3848 398 487 
3849 49 63 
3850 145 70 
3851 303 237 
3852 456 459 
3853 45 57 
3854 528 602 
3855 1 64 
3856 97 37 
3857 665 601 
3858 760 773 
3859 342 274 
3860 679 611 
3861 320 373 
3862 76 103 
3863 57 102 
3864 686 716 
3865 135 92 
3866 653 670 
3867 367 289 
3868 880 825 
3869 623 576 
3870 206 119 
3871 779 714 
3872 412 333 
3873 147 93 
3874 727 780 
3875 76 154 
3876 30 23 
3877 78 105 
3878 141 85 
3879 185 99 
3880 694 597 
3881 264 172 
3882 800 769 
3883 224 155 
3884 937 993 
3885 100 47 
3886 660 668 
3887 107 47 
3888 836 885 
3889 468 558 
3890 478 400 
3891 938 994 
3892 774 712 
3893 756 848 
3894 494 582 
3895 887 981 
3896 45 64 
3897 483 539 
3898 745 747 
3899 915 862 
3900 299 238 
3901 129 162 
3902 800 750 
3903 551 643 
3904 651 567 
3905 1066 968 
3906 830 878 
3907 370 469 
3908 833 848 
3909 179 204 
3910 365 269 
3911 823 896 
3912 1019 991 
3913 1005 973 
3914 765 713 
3915 643 591 
3916 863 902 
3917 675 677 
3918 313 408 
3919 325 226 
3920 328 273 
3921 960 872 
3922 148 193 
3923 228 129 
3924 939 900 
3925 803 859 
3926 910 975 
3927 760 775 
3928 227 175 
3929 993 983 
3930 226 326 
3931 578 537 
3932 365 364 
3933 117 157 
3934 290 222 
3935 346 247 
3936 779 725 
3937 610 633 
3938 123 197 
3939 515 568 
3940 827 792 
3941 140 80 
3942 589 511 
3943 739 695 
3944 827 860 
3945 421 324 
3946 575 639 
3947 616 570 
3948 354 315 
3949 410 388 
3950 39 76 
3951 990 951 
3952 918 1000 
3953 869 918 
3954 282 327 
3955 689 734 
3956 217 288 
3957 993 975 
3958 1 65 
3959 770 756 
3960 641 714 
3961 553 495 
3962 587 551 
3963 911 980 
3964 325 353 
3965 719 704 
3966 667 696 
3967 580 645 
3968 498 406 
3969 869 965 
3970 610 658 
3971 133 225 
3972 885 888 
3973 104 45 
3974 475 570 
3975 587 657 
3976 670 765 
3977 396 462 
3978 889 931 
3979 360 323 
3980 462 400 
3981 182 156 
3982 1 11 
3983 948 974 
3984 796 771 
3985 278 313 
3986 273 203 
3987 816 890 
3988 122 116 
3989 149 132 
3990 961 941 
3991 312 259 
3992 603 673 
3993 426 461 
3994 807 814 
3995 721 764 
3996 643 677 
3997 9 4 
3998 251 243 
3999 272 342 
4000 734 723 
4001 472 391 
4002 989 941 
4003 807 792 
4004 369 391 
4005 604 562 
4006 313 279 
4007 99 134 
4008 635 722 
4009 906 918 
4010 760 748 
4011 661 691 
4012 901 980 
4013 311 356 
4014 252 163 
4015 479 464 
4016 438 338 
4017 969 921 
4018 637 629 
4019 368 333 
4020 148 55 
4021 154 138 
4022 498 587 
4023 111 45 
4024 122 148 
4025 576 518 
4026 542 626 
4027 360 356 
4028 14 25 
4029 515 529 
4030 800 720 
4031 216 169 
4032 653 651 
4033 365 405 
4034 392 414 
4035 130 110 
4036 274 198 
4037 321 272 
4038 728 821 
4039 860 773 
4040 730 666 
4041 456 378 
4042 454 419 
4043 736 674 
4044 267 232 
4045 314 261 
4046 231 197 
4047 822 877 
4048 564 484 
4049 193 197 
4050 36 28 
4051 526 463 
4052 600 610 
4053 337 272 
4054 629 554 
4055 127 217 
4056 609 674 
4057 211 309 
4058 161 235 
4059 922 994 
4060 1018 981 
4061 1 78 
4062 527 439 
4063 818 904 
4064 785 775 
4065 47 71 
4066 728 804 
4067 631 683 
4068 1 45 
4069 440 518 
4070 284 277 
4071 882 902 
4072 1 14 
4073 1 11 
4074 718 743 
4075 683 599 
4076 802 828 
4077 753 727 
4078 172 200 
4079 487 501 
4080 103 50 
4081 683 670 
4082 988 969 
4083 45 39 
4084 386 428 
4085 669 743 
4086 216 139 
4087 432 352 
4088 881 884 
4089 398 480 
4090 158 211 
4091 148 199 
4092 238 153 
4093 191 116 
4094 314 271 
4095 739 736 
4096 189 111 
4097 936 910 
4098 749 823 
4099 787 878 
4100 125 44 
4101 759 845 
4102 498 431 
4103 189 107 
4104 242 302 
4105 236 160 
4106 194 209 
4107 313 315 
4108 724 807 
4109 891 865 
4110 26 14 
4111 528 503 
4112 94 91 
4113 462 460 
4114 232 139 
4115 761 717 
4116 360 287 
4117 611 518 
4118 471 525 
4119 847 890 
4120 609 665 
4121 1056 960 
4122 650 640 
4123 62 74 
4124 711 620 
4125 663 706 
4126 780 793 
4127 455 548 
4128 266 322 
4129 138 218 
4130 633 609 
4131 593 520 
4132 1046 946 
4133 106 109 
4134 539 546 
4135 182 138 
4136 837 921 
4137 162 250 
4138 142 121 
4139 486 422 
4140 605 602 
4141 492 556 
4142 71 60 
4143 71 59 
4144 592 672 
4145 504 582 
4146 975 940 
4147 352 331 
4148 710 632 
4149 520 422 
4150 30 25 
4151 134 142 
4152 207 178 
4153 774 844 
4154 242 242 
4155 830 748 
4156 490 535 
4157 445 434 
4158 538 564 
4159 309 314 
4160 394 425 
4161 591 595 
4162 484 464 
4163 276 321 
4164 998 967 
4165 78 93 
4166 203 295 
4167 670 612 
4168 890 880 
4169 852 897 
4170 697 639 
4171 540 639 
4172 628 621 
4173 1082 999 
4174 707 797 
4175 827 763 
4176 577 553 
4177 608 701 
4178 773 745 
4179 819 782 
4180 654 690 
4181 623 623 
4182 768 807 
4183 896 917 
4184 457 359 
4185 761 789 
4186 571 634 
4187 202 148 
4188 456 449 
4189 945 993 
4190 667 745 
4191 737 666 
4192 233 180 
4193 212 272 
4194 645 588 
4195 214 296 
4196 185 228 
4197 478 446 
4198 1 6 
4199 846 800 
4200 847 770 
4201 1002 988 
4202 554 490 
4203 695 623 
4204 870 855 
4205 385 292 
4206 470 478 
4207 906 981 
4208 561 565 
4209 136 144 
4210 823 917 
4211 174 265 
4212 126 67 
4213 538 608 
4214 277 366 
4215 591 535 
4216 376 351 
4217 505 427 
4218 678 728 
4219 161 212 
4220 582 499 
4221 539 458 
4222 117 200 
4223 595 550 
4224 790 858 
4225 547 522 
4226 777 830 
4227 300 262 
4228 365 345 
4229 746 824 
4230 435 526 
4231 515 503 
4232 698 649 
4233 703 676 
4234 764 722 
4235 307 342 
4236 1022 993 
4237 645 616 
4238 769 730 
4239 500 441 
4240 937 957 
4241 604 592 
4242 342 294 
4243 261 274 
4244 769 852 
4245 902 906 
4246 978 911 
4247 1 35 
4248 400 483 
4249 168 229 
4250 1 60 
4251 926 945 
4252 724 740 
4253 286 227 
4254 337 400 
4255 45 123 
4256 316 332 
4257 475 568 
4258 126 54 
4259 514 594 
4260 706 638 
4261 43 2 
4262 840 832 
4263 369 312 
4264 576 530 
4265 974 929 
4266 724 648 
4267 437 531 
4268 809 738 
4269 810 830 
4270 54 135 
4271 789 712 
4272 749 761 
4273 221 269 
4274 710 732 
4275 382 298 
4276 1026 988 
4277 378 476 
4278 852 826 
4279 371 426 
4280 557 634 
4281 816 804 
4282 83 69 
4283 390 350 
4284 1014 918 
4285 890 877 
4286 826 890 
4287 600 596 
4288 84 145 
4289 351 355 
4290 303 308 
4291 182 85 
4292 399 418 
4293 785 789 
4294 105 123 
4295 152 252 
4296 187 96 
4297 66 50 
4298 723 772 
4299 865 895 
4300 161 211 
4301 356 292 
4302 554 630 
4303 1 74 
4304 586 608 
4305 413 342 
4306 903 961 
4307 739 768 
4308 428 492 
4309 596 663 
4310 795 822 
4311 874 900 
4312 694 630 
4313 942 879 
4314 660 659 
4315 274 361 
4316 527 623 
4317 980 935 
4318 356 366 
4319 478 487 
4320 149 186 
4321 469 451 
4322 1 15 
4323 898 879 
4324 504 558 
4325 1 16 
4326 675 664 
4327 14 35 
4328 5 8 
4329 1040 999 
4330 879 854 
4331 1033 977 
4332 500 444 
4333 664 570 
4334 287 270 
4335 239 303 
4336 96 163 
4337 831 756 
4338 727 698 
4339 503 517 
4340 690 707 
4341 56 59 
4342 663 580 
4343 27 72 
4344 490 428 
4345 1 71 
4346 472 432 
4347 678 651 
4348 181 239 
4349 497 498 
4350 427 371 
4351 763 749 
4352 383 287 
4353 84 175 
4354 782 784 
4355 691 615 
4356 150 249 
4357 592 628 
4358 509 591 
4359 854 765 
4360 750 797 
4361 76 90 
4362 1 69 
4363 975 890 
4364 730 788 
4365 748 689 
4366 406 505 
4367 272 238 
4368 289 226 
4369 14 47 
4370 360 450 
4371 848 849 
4372 501 403 
4373 263 280 
4374 812 724 
4375 370 318 
4376 352 399 
4377 794 804 
4378 389 346 
4379 1071 987 
4380 918 927 
4381 895 941 
4382 145 202 
4383 917 853 
4384 668 663 
4385 300 384 
4386 879 902 
4387 289 374 
4388 153 212 
4389 122 201 
4390 289 335 
4391 315 313 
4392 634 645 
4393 908 945 
4394 453 490 
4395 816 769 
4396 448 404 
4397 139 177 
4398 1 4 
4399 581 631 
4400 193 284 
4401 998 998 
4402 233 279 
4403 1026 931 
4404 407 441 
4405 286 357 
4406 1050 989 
4407 1 80 
4408 626 685 
4409 247 197 
4410 956 961 
4411 897 970 
4412 33 39 
4413 676 657 
4414 478 427 
4415 128 32 
4416 700 747 
4417 182 181 
4418 646 730 
4419 486 404 
4420 799 815 
4421 140 94 
4422 333 257 
4423 1059 959 
4424 143 153 
4425 117 149 
4426 551 476 
4427 940 920 
4428 536 492 
4429 297 266 
4430 928 874 
4431 475 484 
4432 416 441 
4433 740 746 
4434 820 834 
4435 301 284 
4436 664 704 
4437 191 282 
4438 377 319 
4439 554 540 
4440 819 894 
4441 188 107 
4442 843 926 
4443 67 103 
4444 265 334 
4445 523 534 
4446 814 909 
4447 530 542 
4448 68 43 
4449 30 7 
4450 758 779 
4451 259 240 
4452 516 513 
4453 943 852 
4454 886 836 
4455 293 241 
4456 235 305 
4457 825 845 
4458 702 684 
4459 1 37 
4460 398 491 
4461 258 283 
4462 248 304 
4463 869 883 
4464 797 795 
4465 407 442 
4466 1 2 
4467 623 700 
4468 423 398 
4469 257 336 
4470 588 564 
4471 923 938 
4472 795 756 
4473 928 838 
4474 411 505 
4475 409 412 
4476 80 165 
4477 199 276 
4478 543 561 
4479 689 726 
4480 513 542 
4481 317 398 
4482 553 467 
4483 338 259 
4484 810 795 
4485 594 643 
4486 660 594 
4487 734 709 
4488 559 644 
4489 596 562 
4490 475 522 
4491 327 400 
4492 277 249 
4493 348 325 
4494 196 201 
4495 422 460 
4496 213 240 
4497 566 591 
4498 494 408 
4499 911 906 
4500 715 636 
4501 96 47 
4502 359 450 
4503 67 132 
4504 868 868 
4505 800 821 
4506 146 73 
4507 518 446 
4508 854 868 
4509 36 58 
4510 904 838 
4511 941 865 
4512 765 757 
4513 198 137 
4514 737 775 
4515 621 620 
4516 442 500 
4517 639 610 
4518 252 344 
4519 651 659 
4520 916 826 
4521 758 819 
4522 18 37 
4523 673 754 
4524 436 400 
4525 663 655 
4526 344 363 
4527 984 944 
4528 237 320 
4529 817 889 
4530 460 540 
4531 281 311 
4532 705 681 
4533 327 399 
4534 949 993 
4535 905 839 
4536 165 241 
4537 630 689 
4538 987 936 
4539 950 912 
4540 207 178 
4541 922 968 
4542 905 965 
4543 366 302 
4544 883 847 
4545 898 841 
4546 832 834 
4547 232 236 
4548 853 829 
4549 959 954 
4550 891 945 
4551 730 716 
4552 925 917 
4553 279 353 
4554 922 958 
4555 327 323 
4556 1008 942 
4557 352 426 
4558 468 399 
4559 191 255 
4560 599 509 
4561 737 791 
4562 517 421 
4563 177 194 
4564 270 350 
4565 347 263 
4566 798 763 
4567 660 566 
4568 215 217 
4569 124 129 
4570 313 291 
4571 173 256 
4572 444 392 
4573 94 136 
4574 747 662 
4575 475 471 
4576 558 589 
4577 219 286 
4578 773 698 
4579 107 59 
4580 491 542 
4581 488 458 
4582 515 483 
4583 706 680 
4584 531 467 
4585 79 84 
4586 634 588 
4587 695 626 
4588 200 204 
4589 544 493 
4590 489 564 
4591 864 881 
4592 331 284 
4593 457 362 
4594 636 620 
4595 999 924 
4596 754 730 
4597 450 432 
4598 309 405 
4599 672 727 
4600 104 133 
4601 592 542 
4602 162 172 
4603 565 470 
4604 579 605 
4605 474 399 
4606 871 840 
4607 396 305 
4608 1 31 
4609 187 167 
4610 154 160 
4611 735 760 
4612 601 551 
4613 711 635 
4614 1 86 
4615 486 398 
4616 672 636 
4617 139 107 
4618 827 784 
4619 707 616 
4620 835 897 
4621 214 202 
4622 641 612 
4623 987 981 
4624 135 184 
4625 856 778 
4626 597 689 
4627 329 269 
4628 90 111 
4629 304 281 
4630 819 738 
4631 166 99 
4632 24 124 
4633 691 664 
4634 522 587 
4635 359 452 
4636 784 754 
4637 1020 968 
4638 487 452 
4639 490 575 
4640 888 820 
4641 407 309 
4642 37 3 
4643 903 844 
4644 131 127 
4645 931 837 
4646 1044 996 
4647 925 976 
4648 836 745 
4649 1 7 
4650 776 730 
4651 767 669 
4652 499 550 
4653 527 542 
4654 450 452 
4655 828 811 
4656 1 55 
4657 350 406 
4658 329 403 
4659 910 844 
4660 110 170 
4661 862 867 
4662 463 448 
4663 67 121 
4664 981 959 
4665 190 102 
4666 354 392 
4667 1 32 
4668 355 327 
4669 44 97 
4670 128 65 
4671 210 287 
4672 905 853 
4673 98 136 
4674 337 284 
4675 237 263 
4676 391 486 
4677 574 575 
4678 220 251 
4679 602 523 
4680 182 274 
4681 974 912 
4682 558 625 
4683 621 544 
4684 739 738 
4685 1 4 
4686 59 127 
4687 863 893 
4688 1025 986 
4689 570 615 
4690 887 971 
4691 339 306 
4692 525 438 
4693 952 878 
4694 345 304 
4695 502 410 
4696 681 614 
4697 113 25 
4698 723 794 
4699 157 162 
4700 917 931 
4701 432 443 
4702 177 240 
4703 704 785 
4704 1 17 
4705 514 519 
4706 432 467 
4707 887 888 
4708 105 61 
4709 353 402 
4710 730 827 
4711 1002 953 
4712 250 239 
4713 241 277 
4714 339 342 
4715 907 850 
4716 361 398 
4717 858 850 
4718 15 50 
4719 930 905 
4720 349 384 
4721 509 548 
4722 895 800 
4723 573 510 
4724 966 953 
4725 224 145 
4726 69 145 
4727 977 998 
4728 637 632 
4729 563 633 
4730 481 458 
4731 846 771 
4732 191 127 
4733 154 101 
4734 565 521 
4735 728 687 
4736 636 666 
4737 571 666 
4738 153 175 
4739 433 416 
4740 1001 908 
4741 168 110 
4742 551 501 
4743 81 90 
4744 19 15 
4745 897 823 
4746 573 641 
4747 882 883 
4748 876 826 
4749 413 313 
4750 378 400 
4751 19 87 
4752 282 378 
4753 1000 998 
4754 878 883 
4755 881 937 
4756 978 900 
4757 639 717 
4758 147 156 
4759 733 724 
4760 929 934 
4761 311 373 
4762 944 887 
4763 49 67 
4764 943 875 
4765 533 544 
4766 349 395 
4767 392 447 
4768 216 237 
4769 820 795 
4770 895 857 
4771 960 958 
4772 536 563 
4773 74 82 
4774 223 273 
4775 305 398 
4776 568 482 
4777 761 846 
4778 232 297 
4779 960 914 
4780 898 870 
4781 186 176 
4782 220 239 
4783 227 256 
4784 303 368 
4785 312 357 
4786 808 740 
4787 755 675 
4788 114 150 
4789 1 9 
4790 30 33 
4791 62 133 
4792 284 240 
4793 214 126 
4794 171 242 
4795 1057 978 
4796 156 190 
4797 707 780 
4798 418 407 
4799 82 121 
4800 499 501 
4801 966 896 
4802 296 304 
4803 166 68 
4804 130 217 
4805 730 671 
4806 272 294 
4807 910 860 
4808 409 490 
4809 974 921 
4810 122 199 
4811 547 503 
4812 190 105 
4813 517 552 
4814 373 376 
4815 84 28 
4816 589 657 
4817 679 720 
4818 574 626 
4819 101 20 
4820 670 664 
4821 704 646 
4822 66 135 
4823 522 504 
4824 548 461 
4825 203 299 
4826 249 307 
4827 246 223 
4828 326 361 
4829 843 760 
4830 612 589 
4831 909 814 
4832 27 112 
4833 951 881 
4834 960 901 
4835 581 559 
4836 488 455 
4837 174 132 
4838 456 469 
4839 247 293 
4840 316 357 
4841 785 745 
4842 795 891 
4843 330 316 
4844 460 443 
4845 246 345 
4846 42 19 
4847 120 67 
4848 185 126 
4849 643 552 
4850 183 246 
4851 911 987 
4852 926 857 
4853 347 380 
4854 137 71 
4855 295 222 
4856 916 893 
4857 621 597 
4858 220 185 
4859 244 282 
4860 185 187 
4861 911 829 
4862 785 860 
4863 161 206 
4864 675 622 
4865 634 584 
4866 333 264 
4867 96 66 
4868 130 196 
4869 308 306 
4870 177 206 
4871 992 992 
4872 726 627 
4873 802 717 
4874 468 548 
4875 903 903 
4876 519 598 
4877 435 442 
4878 443 455 
4879 841 780 
4880 447 390 
4881 331 372 
4882 289 247 
4883 300 328 
4884 291 235 
4885 465 515 
4886 759 784 
4887 659 631 
4888 405 490 
4889 190 180 
4890 956 981 
4891 919 997 
4892 402 374 
4893 785 843 
4894 224 173 
4895 926 936 
4896 421 457 
4897 287 258 
4898 269 312 
4899 856 923 
4900 322 313 
4901 635 545 
4902 595 600 
4903 182 166 
4904 710 637 
4905 824 846 
4906 850 754 
4907 119 104 
4908 656 751 
4909 152 60 
4910 567 532 
4911 987 983 
4912 1 2 
4913 717 654 
4914 783 702 
4915 927 925 
4916 492 579 
4917 568 650 
4918 229 259 
4919 841 874 
4920 130 226 
4921 647 607 
4922 298 375 
4923 618 598 
4924 548 535 
4925 470 441 
4926 797 736 
4927 585 549 
4928 272 263 
4929 861 874 
4930 466 438 
4931 699 602 
4932 407 454 
4933 342 272 
4934 327 252 
4935 883 871 
4936 180 147 
4937 850 916 
4938 93 191 
4939 455 545 
4940 812 905 
4941 341 406 
4942 525 516 
4943 270 238 
4944 98 26 
4945 219 163 
4946 368 371 
4947 1 31 
4948 313 356 
4949 301 225 
4950 719 784 
4951 542 632 
4952 472 438 
4953 635 583 
4954 183 238 
4955 887 949 
4956 446 417 
4957 814 808 
4958 688 740 
4959 377 349 
4960 277 304 
4961 474 438 
4962 623 698 
4963 562 480 
4964 666 666 
4965 925 864 
4966 1009 978 
4967 478 562 
4968 67 141 
4969 203 214 
4970 326 289 
4971 865 911 
4972 652 722 
4973 815 905 
4974 451 389 
4975 871 927 
4976 752 765 
4977 725 798 
4978 918 822 
4979 299 385 
4980 43 132 
4981 216 145 
4982 515 422 
4983 497 489 
4984 565 477 
4985 610 612 
4986 170 219 
4987 947 995 
4988 197 130 
4989 317 303 
4990 149 58 
4991 647 575 
4992 194 229 
4993 606 703 
4994 187 267 
4995 1 37 
4996 930 918 
4997 492 553 
4998 556 505 
4999 829 800 
5000 152 114 
