npieces: 5000
capacity: 1230290
1 396 316 
2 396 316 
3 297 237 
4 990 790 
5 42 22 
6 294 154 
7 336 176 
8 126 66 
9 42 22 
10 990 790 
11 693 553 
12 252 132 
13 126 66 
14 294 154 
15 294 154 
16 168 88 
17 198 158 
18 693 553 
19 378 198 
20 126 66 
21 99 79 
22 420 220 
23 378 198 
24 210 110 
25 990 790 
26 198 158 
27 693 553 
28 99 79 
29 420 220 
30 168 88 
31 792 632 
32 84 44 
33 294 154 
34 210 110 
35 990 790 
36 594 474 
37 294 154 
38 792 632 
39 495 395 
40 990 790 
41 495 395 
42 198 158 
43 198 158 
44 336 176 
45 99 79 
46 693 553 
47 198 158 
48 378 198 
49 693 553 
50 792 632 
51 42 22 
52 396 316 
53 693 553 
54 495 395 
55 693 553 
56 42 22 
57 396 316 
58 378 198 
59 126 66 
60 198 158 
61 378 198 
62 126 66 
63 210 110 
64 84 44 
65 693 553 
66 378 198 
67 792 632 
68 210 110 
69 378 198 
70 126 66 
71 210 110 
72 792 632 
73 336 176 
74 792 632 
75 126 66 
76 198 158 
77 84 44 
78 420 220 
79 210 110 
80 297 237 
81 594 474 
82 336 176 
83 126 66 
84 126 66 
85 126 66 
86 252 132 
87 420 220 
88 198 158 
89 252 132 
90 297 237 
91 420 220 
92 42 22 
93 378 198 
94 420 220 
95 210 110 
96 792 632 
97 792 632 
98 84 44 
99 990 790 
100 336 176 
101 198 158 
102 891 711 
103 792 632 
104 495 395 
105 792 632 
106 420 220 
107 84 44 
108 99 79 
109 336 176 
110 210 110 
111 198 158 
112 99 79 
113 420 220 
114 99 79 
115 891 711 
116 420 220 
117 495 395 
118 396 316 
119 891 711 
120 168 88 
121 495 395 
122 42 22 
123 252 132 
124 126 66 
125 891 711 
126 84 44 
127 252 132 
128 891 711 
129 378 198 
130 99 79 
131 792 632 
132 252 132 
133 378 198 
134 198 158 
135 378 198 
136 396 316 
137 396 316 
138 495 395 
139 42 22 
140 210 110 
141 420 220 
142 168 88 
143 42 22 
144 126 66 
145 252 132 
146 378 198 
147 210 110 
148 792 632 
149 396 316 
150 297 237 
151 378 198 
152 252 132 
153 420 220 
154 210 110 
155 495 395 
156 396 316 
157 420 220 
158 168 88 
159 294 154 
160 168 88 
161 252 132 
162 990 790 
163 378 198 
164 891 711 
165 792 632 
166 297 237 
167 42 22 
168 396 316 
169 336 176 
170 420 220 
171 891 711 
172 168 88 
173 336 176 
174 792 632 
175 210 110 
176 336 176 
177 198 158 
178 210 110 
179 252 132 
180 99 79 
181 396 316 
182 420 220 
183 693 553 
184 198 158 
185 84 44 
186 210 110 
187 891 711 
188 168 88 
189 792 632 
190 792 632 
191 126 66 
192 252 132 
193 693 553 
194 210 110 
195 99 79 
196 594 474 
197 396 316 
198 378 198 
199 396 316 
200 891 711 
201 792 632 
202 396 316 
203 297 237 
204 252 132 
205 792 632 
206 594 474 
207 693 553 
208 891 711 
209 891 711 
210 891 711 
211 420 220 
212 693 553 
213 396 316 
214 336 176 
215 594 474 
216 252 132 
217 990 790 
218 168 88 
219 420 220 
220 378 198 
221 126 66 
222 495 395 
223 252 132 
224 420 220 
225 990 790 
226 891 711 
227 198 158 
228 294 154 
229 693 553 
230 252 132 
231 990 790 
232 792 632 
233 495 395 
234 42 22 
235 495 395 
236 99 79 
237 420 220 
238 594 474 
239 297 237 
240 891 711 
241 126 66 
242 294 154 
243 252 132 
244 420 220 
245 420 220 
246 336 176 
247 297 237 
248 891 711 
249 99 79 
250 420 220 
251 594 474 
252 693 553 
253 42 22 
254 84 44 
255 84 44 
256 792 632 
257 126 66 
258 891 711 
259 495 395 
260 594 474 
261 294 154 
262 99 79 
263 378 198 
264 891 711 
265 495 395 
266 198 158 
267 42 22 
268 297 237 
269 396 316 
270 99 79 
271 693 553 
272 297 237 
273 126 66 
274 396 316 
275 378 198 
276 84 44 
277 210 110 
278 126 66 
279 495 395 
280 420 220 
281 420 220 
282 294 154 
283 336 176 
284 297 237 
285 990 790 
286 297 237 
287 396 316 
288 891 711 
289 42 22 
290 168 88 
291 99 79 
292 210 110 
293 495 395 
294 210 110 
295 594 474 
296 336 176 
297 42 22 
298 84 44 
299 420 220 
300 396 316 
301 420 220 
302 252 132 
303 594 474 
304 198 158 
305 294 154 
306 42 22 
307 297 237 
308 198 158 
309 891 711 
310 693 553 
311 891 711 
312 297 237 
313 594 474 
314 168 88 
315 693 553 
316 294 154 
317 420 220 
318 891 711 
319 336 176 
320 252 132 
321 168 88 
322 495 395 
323 210 110 
324 495 395 
325 42 22 
326 84 44 
327 168 88 
328 396 316 
329 252 132 
330 495 395 
331 210 110 
332 693 553 
333 336 176 
334 294 154 
335 126 66 
336 168 88 
337 336 176 
338 594 474 
339 42 22 
340 210 110 
341 792 632 
342 495 395 
343 396 316 
344 126 66 
345 252 132 
346 495 395 
347 42 22 
348 99 79 
349 294 154 
350 378 198 
351 297 237 
352 168 88 
353 336 176 
354 693 553 
355 378 198 
356 792 632 
357 84 44 
358 693 553 
359 495 395 
360 84 44 
361 210 110 
362 99 79 
363 693 553 
364 198 158 
365 198 158 
366 210 110 
367 336 176 
368 396 316 
369 210 110 
370 990 790 
371 336 176 
372 99 79 
373 168 88 
374 198 158 
375 198 158 
376 495 395 
377 126 66 
378 168 88 
379 168 88 
380 693 553 
381 495 395 
382 378 198 
383 126 66 
384 990 790 
385 168 88 
386 378 198 
387 210 110 
388 594 474 
389 84 44 
390 99 79 
391 495 395 
392 792 632 
393 210 110 
394 990 790 
395 336 176 
396 294 154 
397 168 88 
398 693 553 
399 297 237 
400 294 154 
401 99 79 
402 168 88 
403 84 44 
404 297 237 
405 891 711 
406 396 316 
407 252 132 
408 792 632 
409 297 237 
410 891 711 
411 168 88 
412 294 154 
413 168 88 
414 84 44 
415 396 316 
416 594 474 
417 297 237 
418 792 632 
419 396 316 
420 693 553 
421 495 395 
422 396 316 
423 42 22 
424 168 88 
425 126 66 
426 396 316 
427 168 88 
428 210 110 
429 336 176 
430 210 110 
431 99 79 
432 891 711 
433 378 198 
434 693 553 
435 126 66 
436 336 176 
437 42 22 
438 378 198 
439 252 132 
440 294 154 
441 891 711 
442 99 79 
443 297 237 
444 84 44 
445 990 790 
446 294 154 
447 126 66 
448 693 553 
449 168 88 
450 42 22 
451 693 553 
452 891 711 
453 378 198 
454 378 198 
455 84 44 
456 198 158 
457 336 176 
458 168 88 
459 792 632 
460 84 44 
461 792 632 
462 792 632 
463 420 220 
464 396 316 
465 396 316 
466 126 66 
467 792 632 
468 168 88 
469 168 88 
470 792 632 
471 252 132 
472 495 395 
473 297 237 
474 792 632 
475 495 395 
476 210 110 
477 378 198 
478 252 132 
479 252 132 
480 792 632 
481 891 711 
482 594 474 
483 42 22 
484 126 66 
485 396 316 
486 297 237 
487 378 198 
488 420 220 
489 495 395 
490 99 79 
491 891 711 
492 420 220 
493 168 88 
494 42 22 
495 990 790 
496 891 711 
497 495 395 
498 420 220 
499 84 44 
500 168 88 
501 84 44 
502 297 237 
503 294 154 
504 198 158 
505 198 158 
506 792 632 
507 891 711 
508 594 474 
509 990 790 
510 396 316 
511 990 790 
512 252 132 
513 99 79 
514 294 154 
515 336 176 
516 294 154 
517 891 711 
518 210 110 
519 294 154 
520 336 176 
521 495 395 
522 210 110 
523 396 316 
524 210 110 
525 693 553 
526 168 88 
527 792 632 
528 990 790 
529 42 22 
530 990 790 
531 297 237 
532 891 711 
533 693 553 
534 396 316 
535 84 44 
536 42 22 
537 84 44 
538 252 132 
539 420 220 
540 594 474 
541 294 154 
542 594 474 
543 792 632 
544 594 474 
545 42 22 
546 252 132 
547 594 474 
548 396 316 
549 420 220 
550 210 110 
551 378 198 
552 297 237 
553 693 553 
554 42 22 
555 126 66 
556 99 79 
557 126 66 
558 168 88 
559 42 22 
560 168 88 
561 126 66 
562 594 474 
563 495 395 
564 297 237 
565 378 198 
566 378 198 
567 294 154 
568 891 711 
569 990 790 
570 420 220 
571 168 88 
572 336 176 
573 126 66 
574 594 474 
575 990 790 
576 420 220 
577 252 132 
578 891 711 
579 420 220 
580 495 395 
581 336 176 
582 594 474 
583 297 237 
584 378 198 
585 336 176 
586 198 158 
587 396 316 
588 336 176 
589 126 66 
590 792 632 
591 891 711 
592 792 632 
593 792 632 
594 336 176 
595 297 237 
596 84 44 
597 891 711 
598 891 711 
599 420 220 
600 99 79 
601 891 711 
602 336 176 
603 42 22 
604 336 176 
605 990 790 
606 693 553 
607 396 316 
608 42 22 
609 168 88 
610 336 176 
611 294 154 
612 210 110 
613 693 553 
614 210 110 
615 990 790 
616 126 66 
617 495 395 
618 99 79 
619 792 632 
620 792 632 
621 168 88 
622 168 88 
623 396 316 
624 294 154 
625 126 66 
626 336 176 
627 990 790 
628 396 316 
629 495 395 
630 495 395 
631 198 158 
632 252 132 
633 594 474 
634 294 154 
635 594 474 
636 126 66 
637 42 22 
638 420 220 
639 792 632 
640 594 474 
641 378 198 
642 891 711 
643 378 198 
644 378 198 
645 495 395 
646 990 790 
647 420 220 
648 198 158 
649 693 553 
650 792 632 
651 210 110 
652 420 220 
653 168 88 
654 99 79 
655 693 553 
656 792 632 
657 990 790 
658 693 553 
659 336 176 
660 42 22 
661 198 158 
662 594 474 
663 42 22 
664 420 220 
665 99 79 
666 99 79 
667 990 790 
668 594 474 
669 336 176 
670 336 176 
671 126 66 
672 420 220 
673 252 132 
674 210 110 
675 168 88 
676 495 395 
677 990 790 
678 990 790 
679 294 154 
680 126 66 
681 336 176 
682 891 711 
683 336 176 
684 420 220 
685 396 316 
686 420 220 
687 198 158 
688 495 395 
689 168 88 
690 495 395 
691 396 316 
692 252 132 
693 792 632 
694 252 132 
695 891 711 
696 336 176 
697 420 220 
698 792 632 
699 990 790 
700 99 79 
701 210 110 
702 168 88 
703 420 220 
704 420 220 
705 210 110 
706 420 220 
707 495 395 
708 198 158 
709 495 395 
710 396 316 
711 126 66 
712 294 154 
713 297 237 
714 84 44 
715 252 132 
716 792 632 
717 210 110 
718 168 88 
719 990 790 
720 891 711 
721 99 79 
722 168 88 
723 42 22 
724 495 395 
725 84 44 
726 792 632 
727 210 110 
728 297 237 
729 84 44 
730 210 110 
731 84 44 
732 252 132 
733 396 316 
734 198 158 
735 495 395 
736 336 176 
737 168 88 
738 594 474 
739 294 154 
740 84 44 
741 84 44 
742 252 132 
743 378 198 
744 99 79 
745 252 132 
746 168 88 
747 693 553 
748 252 132 
749 210 110 
750 420 220 
751 297 237 
752 891 711 
753 168 88 
754 420 220 
755 294 154 
756 198 158 
757 252 132 
758 42 22 
759 594 474 
760 594 474 
761 792 632 
762 252 132 
763 396 316 
764 396 316 
765 99 79 
766 336 176 
767 336 176 
768 297 237 
769 294 154 
770 252 132 
771 252 132 
772 42 22 
773 396 316 
774 99 79 
775 336 176 
776 693 553 
777 990 790 
778 297 237 
779 252 132 
780 396 316 
781 420 220 
782 792 632 
783 42 22 
784 42 22 
785 42 22 
786 168 88 
787 126 66 
788 693 553 
789 294 154 
790 42 22 
791 84 44 
792 420 220 
793 792 632 
794 891 711 
795 42 22 
796 594 474 
797 990 790 
798 210 110 
799 99 79 
800 495 395 
801 336 176 
802 990 790 
803 693 553 
804 990 790 
805 420 220 
806 198 158 
807 198 158 
808 198 158 
809 495 395 
810 99 79 
811 294 154 
812 294 154 
813 792 632 
814 396 316 
815 495 395 
816 792 632 
817 297 237 
818 297 237 
819 42 22 
820 594 474 
821 336 176 
822 297 237 
823 42 22 
824 990 790 
825 168 88 
826 99 79 
827 792 632 
828 252 132 
829 42 22 
830 252 132 
831 42 22 
832 420 220 
833 396 316 
834 420 220 
835 693 553 
836 420 220 
837 84 44 
838 297 237 
839 990 790 
840 126 66 
841 336 176 
842 126 66 
843 297 237 
844 378 198 
845 297 237 
846 495 395 
847 396 316 
848 84 44 
849 99 79 
850 693 553 
851 99 79 
852 168 88 
853 210 110 
854 420 220 
855 84 44 
856 198 158 
857 891 711 
858 252 132 
859 126 66 
860 42 22 
861 594 474 
862 198 158 
863 378 198 
864 420 220 
865 495 395 
866 693 553 
867 168 88 
868 693 553 
869 252 132 
870 126 66 
871 396 316 
872 252 132 
873 990 790 
874 99 79 
875 336 176 
876 792 632 
877 99 79 
878 168 88 
879 84 44 
880 198 158 
881 336 176 
882 396 316 
883 294 154 
884 99 79 
885 792 632 
886 693 553 
887 378 198 
888 495 395 
889 336 176 
890 990 790 
891 420 220 
892 99 79 
893 297 237 
894 252 132 
895 495 395 
896 210 110 
897 378 198 
898 693 553 
899 84 44 
900 420 220 
901 396 316 
902 99 79 
903 594 474 
904 693 553 
905 792 632 
906 42 22 
907 378 198 
908 420 220 
909 168 88 
910 396 316 
911 99 79 
912 792 632 
913 420 220 
914 990 790 
915 495 395 
916 126 66 
917 495 395 
918 792 632 
919 198 158 
920 792 632 
921 990 790 
922 336 176 
923 792 632 
924 210 110 
925 420 220 
926 168 88 
927 297 237 
928 84 44 
929 99 79 
930 84 44 
931 168 88 
932 294 154 
933 420 220 
934 594 474 
935 99 79 
936 378 198 
937 297 237 
938 168 88 
939 891 711 
940 126 66 
941 297 237 
942 252 132 
943 792 632 
944 792 632 
945 495 395 
946 210 110 
947 495 395 
948 990 790 
949 792 632 
950 891 711 
951 336 176 
952 891 711 
953 42 22 
954 420 220 
955 990 790 
956 294 154 
957 495 395 
958 792 632 
959 198 158 
960 891 711 
961 378 198 
962 297 237 
963 495 395 
964 396 316 
965 168 88 
966 990 790 
967 495 395 
968 168 88 
969 420 220 
970 198 158 
971 420 220 
972 396 316 
973 693 553 
974 420 220 
975 42 22 
976 297 237 
977 396 316 
978 126 66 
979 594 474 
980 84 44 
981 693 553 
982 420 220 
983 168 88 
984 168 88 
985 990 790 
986 990 790 
987 693 553 
988 594 474 
989 396 316 
990 42 22 
991 99 79 
992 126 66 
993 168 88 
994 792 632 
995 693 553 
996 396 316 
997 252 132 
998 990 790 
999 99 79 
1000 99 79 
1001 252 132 
1002 693 553 
1003 210 110 
1004 891 711 
1005 252 132 
1006 891 711 
1007 84 44 
1008 378 198 
1009 594 474 
1010 42 22 
1011 210 110 
1012 252 132 
1013 84 44 
1014 198 158 
1015 396 316 
1016 396 316 
1017 891 711 
1018 396 316 
1019 294 154 
1020 693 553 
1021 396 316 
1022 792 632 
1023 198 158 
1024 495 395 
1025 84 44 
1026 378 198 
1027 99 79 
1028 378 198 
1029 168 88 
1030 84 44 
1031 210 110 
1032 42 22 
1033 252 132 
1034 396 316 
1035 594 474 
1036 336 176 
1037 891 711 
1038 42 22 
1039 198 158 
1040 42 22 
1041 891 711 
1042 168 88 
1043 198 158 
1044 84 44 
1045 693 553 
1046 891 711 
1047 594 474 
1048 126 66 
1049 378 198 
1050 594 474 
1051 396 316 
1052 594 474 
1053 42 22 
1054 198 158 
1055 495 395 
1056 42 22 
1057 168 88 
1058 891 711 
1059 198 158 
1060 126 66 
1061 990 790 
1062 42 22 
1063 495 395 
1064 420 220 
1065 126 66 
1066 693 553 
1067 42 22 
1068 495 395 
1069 891 711 
1070 294 154 
1071 792 632 
1072 210 110 
1073 99 79 
1074 336 176 
1075 294 154 
1076 252 132 
1077 84 44 
1078 495 395 
1079 126 66 
1080 420 220 
1081 336 176 
1082 495 395 
1083 99 79 
1084 495 395 
1085 336 176 
1086 84 44 
1087 495 395 
1088 420 220 
1089 252 132 
1090 396 316 
1091 84 44 
1092 396 316 
1093 210 110 
1094 84 44 
1095 84 44 
1096 693 553 
1097 252 132 
1098 252 132 
1099 210 110 
1100 990 790 
1101 990 790 
1102 594 474 
1103 990 790 
1104 297 237 
1105 294 154 
1106 42 22 
1107 891 711 
1108 336 176 
1109 168 88 
1110 126 66 
1111 693 553 
1112 84 44 
1113 891 711 
1114 336 176 
1115 42 22 
1116 99 79 
1117 378 198 
1118 990 790 
1119 252 132 
1120 84 44 
1121 99 79 
1122 336 176 
1123 891 711 
1124 336 176 
1125 336 176 
1126 126 66 
1127 210 110 
1128 495 395 
1129 420 220 
1130 99 79 
1131 495 395 
1132 252 132 
1133 126 66 
1134 792 632 
1135 990 790 
1136 990 790 
1137 990 790 
1138 378 198 
1139 891 711 
1140 336 176 
1141 252 132 
1142 594 474 
1143 378 198 
1144 693 553 
1145 693 553 
1146 891 711 
1147 252 132 
1148 294 154 
1149 693 553 
1150 126 66 
1151 594 474 
1152 42 22 
1153 396 316 
1154 378 198 
1155 198 158 
1156 792 632 
1157 42 22 
1158 594 474 
1159 420 220 
1160 99 79 
1161 42 22 
1162 210 110 
1163 84 44 
1164 210 110 
1165 792 632 
1166 594 474 
1167 294 154 
1168 252 132 
1169 294 154 
1170 252 132 
1171 198 158 
1172 792 632 
1173 396 316 
1174 891 711 
1175 198 158 
1176 168 88 
1177 297 237 
1178 84 44 
1179 42 22 
1180 891 711 
1181 420 220 
1182 84 44 
1183 252 132 
1184 990 790 
1185 792 632 
1186 594 474 
1187 990 790 
1188 378 198 
1189 210 110 
1190 42 22 
1191 495 395 
1192 420 220 
1193 594 474 
1194 84 44 
1195 420 220 
1196 990 790 
1197 42 22 
1198 891 711 
1199 126 66 
1200 198 158 
1201 252 132 
1202 126 66 
1203 420 220 
1204 378 198 
1205 378 198 
1206 594 474 
1207 198 158 
1208 42 22 
1209 990 790 
1210 693 553 
1211 297 237 
1212 252 132 
1213 252 132 
1214 693 553 
1215 99 79 
1216 420 220 
1217 168 88 
1218 693 553 
1219 891 711 
1220 297 237 
1221 396 316 
1222 252 132 
1223 495 395 
1224 210 110 
1225 891 711 
1226 168 88 
1227 891 711 
1228 84 44 
1229 84 44 
1230 792 632 
1231 792 632 
1232 990 790 
1233 396 316 
1234 42 22 
1235 297 237 
1236 693 553 
1237 294 154 
1238 990 790 
1239 378 198 
1240 420 220 
1241 495 395 
1242 168 88 
1243 378 198 
1244 693 553 
1245 495 395 
1246 126 66 
1247 126 66 
1248 891 711 
1249 297 237 
1250 990 790 
1251 396 316 
1252 495 395 
1253 378 198 
1254 297 237 
1255 84 44 
1256 210 110 
1257 42 22 
1258 336 176 
1259 42 22 
1260 168 88 
1261 126 66 
1262 294 154 
1263 42 22 
1264 378 198 
1265 210 110 
1266 336 176 
1267 84 44 
1268 84 44 
1269 495 395 
1270 420 220 
1271 378 198 
1272 396 316 
1273 693 553 
1274 792 632 
1275 420 220 
1276 990 790 
1277 252 132 
1278 378 198 
1279 792 632 
1280 252 132 
1281 990 790 
1282 336 176 
1283 336 176 
1284 891 711 
1285 420 220 
1286 198 158 
1287 42 22 
1288 396 316 
1289 336 176 
1290 336 176 
1291 252 132 
1292 891 711 
1293 168 88 
1294 126 66 
1295 693 553 
1296 990 790 
1297 198 158 
1298 420 220 
1299 990 790 
1300 294 154 
1301 42 22 
1302 420 220 
1303 84 44 
1304 792 632 
1305 693 553 
1306 210 110 
1307 693 553 
1308 84 44 
1309 84 44 
1310 378 198 
1311 297 237 
1312 84 44 
1313 168 88 
1314 42 22 
1315 891 711 
1316 990 790 
1317 168 88 
1318 99 79 
1319 168 88 
1320 99 79 
1321 693 553 
1322 126 66 
1323 336 176 
1324 378 198 
1325 294 154 
1326 42 22 
1327 336 176 
1328 126 66 
1329 99 79 
1330 126 66 
1331 297 237 
1332 210 110 
1333 84 44 
1334 42 22 
1335 210 110 
1336 252 132 
1337 594 474 
1338 891 711 
1339 294 154 
1340 99 79 
1341 126 66 
1342 396 316 
1343 594 474 
1344 84 44 
1345 198 158 
1346 420 220 
1347 297 237 
1348 420 220 
1349 210 110 
1350 252 132 
1351 294 154 
1352 378 198 
1353 420 220 
1354 294 154 
1355 420 220 
1356 297 237 
1357 594 474 
1358 42 22 
1359 990 790 
1360 294 154 
1361 297 237 
1362 891 711 
1363 198 158 
1364 252 132 
1365 84 44 
1366 168 88 
1367 126 66 
1368 126 66 
1369 252 132 
1370 378 198 
1371 294 154 
1372 990 790 
1373 99 79 
1374 126 66 
1375 891 711 
1376 378 198 
1377 126 66 
1378 693 553 
1379 495 395 
1380 336 176 
1381 495 395 
1382 252 132 
1383 378 198 
1384 99 79 
1385 891 711 
1386 990 790 
1387 168 88 
1388 294 154 
1389 891 711 
1390 396 316 
1391 198 158 
1392 378 198 
1393 99 79 
1394 693 553 
1395 210 110 
1396 378 198 
1397 891 711 
1398 396 316 
1399 594 474 
1400 336 176 
1401 294 154 
1402 297 237 
1403 891 711 
1404 168 88 
1405 294 154 
1406 168 88 
1407 693 553 
1408 198 158 
1409 594 474 
1410 198 158 
1411 198 158 
1412 297 237 
1413 252 132 
1414 297 237 
1415 693 553 
1416 990 790 
1417 126 66 
1418 84 44 
1419 378 198 
1420 126 66 
1421 396 316 
1422 891 711 
1423 168 88 
1424 336 176 
1425 198 158 
1426 693 553 
1427 99 79 
1428 84 44 
1429 99 79 
1430 495 395 
1431 495 395 
1432 792 632 
1433 990 790 
1434 396 316 
1435 42 22 
1436 84 44 
1437 336 176 
1438 396 316 
1439 891 711 
1440 495 395 
1441 42 22 
1442 99 79 
1443 336 176 
1444 294 154 
1445 336 176 
1446 378 198 
1447 891 711 
1448 168 88 
1449 99 79 
1450 693 553 
1451 792 632 
1452 594 474 
1453 126 66 
1454 198 158 
1455 378 198 
1456 378 198 
1457 378 198 
1458 378 198 
1459 42 22 
1460 693 553 
1461 792 632 
1462 42 22 
1463 294 154 
1464 336 176 
1465 495 395 
1466 198 158 
1467 378 198 
1468 594 474 
1469 594 474 
1470 594 474 
1471 99 79 
1472 99 79 
1473 495 395 
1474 396 316 
1475 99 79 
1476 252 132 
1477 210 110 
1478 378 198 
1479 378 198 
1480 594 474 
1481 84 44 
1482 198 158 
1483 693 553 
1484 252 132 
1485 84 44 
1486 168 88 
1487 168 88 
1488 99 79 
1489 126 66 
1490 168 88 
1491 294 154 
1492 336 176 
1493 168 88 
1494 297 237 
1495 42 22 
1496 891 711 
1497 84 44 
1498 693 553 
1499 792 632 
1500 378 198 
1501 336 176 
1502 396 316 
1503 378 198 
1504 126 66 
1505 198 158 
1506 198 158 
1507 84 44 
1508 99 79 
1509 294 154 
1510 252 132 
1511 990 790 
1512 693 553 
1513 693 553 
1514 297 237 
1515 336 176 
1516 198 158 
1517 378 198 
1518 594 474 
1519 420 220 
1520 294 154 
1521 693 553 
1522 168 88 
1523 378 198 
1524 990 790 
1525 891 711 
1526 297 237 
1527 126 66 
1528 126 66 
1529 990 790 
1530 168 88 
1531 378 198 
1532 297 237 
1533 42 22 
1534 891 711 
1535 420 220 
1536 84 44 
1537 42 22 
1538 378 198 
1539 168 88 
1540 792 632 
1541 594 474 
1542 420 220 
1543 84 44 
1544 294 154 
1545 99 79 
1546 495 395 
1547 198 158 
1548 84 44 
1549 378 198 
1550 99 79 
1551 420 220 
1552 294 154 
1553 396 316 
1554 891 711 
1555 252 132 
1556 210 110 
1557 891 711 
1558 495 395 
1559 126 66 
1560 297 237 
1561 210 110 
1562 99 79 
1563 294 154 
1564 252 132 
1565 495 395 
1566 396 316 
1567 396 316 
1568 42 22 
1569 420 220 
1570 84 44 
1571 294 154 
1572 495 395 
1573 84 44 
1574 792 632 
1575 396 316 
1576 294 154 
1577 210 110 
1578 252 132 
1579 396 316 
1580 420 220 
1581 168 88 
1582 297 237 
1583 126 66 
1584 594 474 
1585 42 22 
1586 990 790 
1587 99 79 
1588 294 154 
1589 198 158 
1590 126 66 
1591 378 198 
1592 168 88 
1593 792 632 
1594 168 88 
1595 396 316 
1596 594 474 
1597 42 22 
1598 294 154 
1599 42 22 
1600 336 176 
1601 396 316 
1602 210 110 
1603 168 88 
1604 396 316 
1605 42 22 
1606 693 553 
1607 792 632 
1608 294 154 
1609 126 66 
1610 420 220 
1611 99 79 
1612 420 220 
1613 99 79 
1614 336 176 
1615 396 316 
1616 99 79 
1617 294 154 
1618 210 110 
1619 84 44 
1620 252 132 
1621 891 711 
1622 891 711 
1623 693 553 
1624 495 395 
1625 84 44 
1626 210 110 
1627 168 88 
1628 294 154 
1629 297 237 
1630 42 22 
1631 693 553 
1632 252 132 
1633 252 132 
1634 252 132 
1635 252 132 
1636 495 395 
1637 84 44 
1638 198 158 
1639 252 132 
1640 198 158 
1641 297 237 
1642 594 474 
1643 294 154 
1644 126 66 
1645 378 198 
1646 396 316 
1647 168 88 
1648 396 316 
1649 891 711 
1650 420 220 
1651 594 474 
1652 84 44 
1653 420 220 
1654 693 553 
1655 594 474 
1656 297 237 
1657 396 316 
1658 198 158 
1659 378 198 
1660 198 158 
1661 420 220 
1662 210 110 
1663 84 44 
1664 198 158 
1665 99 79 
1666 420 220 
1667 891 711 
1668 84 44 
1669 294 154 
1670 396 316 
1671 294 154 
1672 990 790 
1673 396 316 
1674 792 632 
1675 168 88 
1676 126 66 
1677 396 316 
1678 594 474 
1679 168 88 
1680 168 88 
1681 126 66 
1682 792 632 
1683 693 553 
1684 336 176 
1685 396 316 
1686 378 198 
1687 420 220 
1688 252 132 
1689 210 110 
1690 198 158 
1691 495 395 
1692 495 395 
1693 336 176 
1694 198 158 
1695 168 88 
1696 294 154 
1697 990 790 
1698 294 154 
1699 990 790 
1700 495 395 
1701 891 711 
1702 42 22 
1703 378 198 
1704 792 632 
1705 990 790 
1706 252 132 
1707 693 553 
1708 297 237 
1709 99 79 
1710 396 316 
1711 396 316 
1712 378 198 
1713 198 158 
1714 99 79 
1715 396 316 
1716 336 176 
1717 297 237 
1718 42 22 
1719 396 316 
1720 99 79 
1721 420 220 
1722 420 220 
1723 84 44 
1724 252 132 
1725 420 220 
1726 252 132 
1727 297 237 
1728 198 158 
1729 396 316 
1730 378 198 
1731 42 22 
1732 378 198 
1733 198 158 
1734 495 395 
1735 294 154 
1736 297 237 
1737 792 632 
1738 594 474 
1739 378 198 
1740 990 790 
1741 891 711 
1742 168 88 
1743 495 395 
1744 891 711 
1745 84 44 
1746 126 66 
1747 198 158 
1748 198 158 
1749 198 158 
1750 294 154 
1751 84 44 
1752 891 711 
1753 594 474 
1754 126 66 
1755 294 154 
1756 210 110 
1757 420 220 
1758 252 132 
1759 891 711 
1760 594 474 
1761 252 132 
1762 198 158 
1763 198 158 
1764 396 316 
1765 210 110 
1766 297 237 
1767 252 132 
1768 495 395 
1769 990 790 
1770 210 110 
1771 594 474 
1772 693 553 
1773 252 132 
1774 42 22 
1775 168 88 
1776 84 44 
1777 792 632 
1778 294 154 
1779 210 110 
1780 420 220 
1781 891 711 
1782 99 79 
1783 594 474 
1784 378 198 
1785 990 790 
1786 990 790 
1787 990 790 
1788 792 632 
1789 792 632 
1790 126 66 
1791 594 474 
1792 495 395 
1793 297 237 
1794 495 395 
1795 99 79 
1796 168 88 
1797 84 44 
1798 990 790 
1799 792 632 
1800 891 711 
1801 693 553 
1802 378 198 
1803 168 88 
1804 594 474 
1805 792 632 
1806 168 88 
1807 198 158 
1808 420 220 
1809 336 176 
1810 99 79 
1811 693 553 
1812 594 474 
1813 294 154 
1814 210 110 
1815 99 79 
1816 990 790 
1817 42 22 
1818 396 316 
1819 168 88 
1820 84 44 
1821 84 44 
1822 693 553 
1823 990 790 
1824 198 158 
1825 336 176 
1826 792 632 
1827 84 44 
1828 84 44 
1829 792 632 
1830 378 198 
1831 42 22 
1832 990 790 
1833 99 79 
1834 84 44 
1835 297 237 
1836 198 158 
1837 297 237 
1838 252 132 
1839 396 316 
1840 252 132 
1841 210 110 
1842 378 198 
1843 42 22 
1844 336 176 
1845 297 237 
1846 693 553 
1847 294 154 
1848 396 316 
1849 168 88 
1850 252 132 
1851 336 176 
1852 210 110 
1853 252 132 
1854 378 198 
1855 297 237 
1856 420 220 
1857 84 44 
1858 693 553 
1859 693 553 
1860 84 44 
1861 168 88 
1862 891 711 
1863 378 198 
1864 693 553 
1865 42 22 
1866 126 66 
1867 891 711 
1868 378 198 
1869 294 154 
1870 792 632 
1871 891 711 
1872 336 176 
1873 792 632 
1874 336 176 
1875 420 220 
1876 252 132 
1877 693 553 
1878 495 395 
1879 294 154 
1880 168 88 
1881 252 132 
1882 210 110 
1883 420 220 
1884 297 237 
1885 336 176 
1886 336 176 
1887 84 44 
1888 168 88 
1889 990 790 
1890 495 395 
1891 294 154 
1892 210 110 
1893 792 632 
1894 792 632 
1895 126 66 
1896 891 711 
1897 252 132 
1898 396 316 
1899 990 790 
1900 42 22 
1901 594 474 
1902 990 790 
1903 594 474 
1904 378 198 
1905 198 158 
1906 396 316 
1907 420 220 
1908 891 711 
1909 99 79 
1910 693 553 
1911 210 110 
1912 168 88 
1913 42 22 
1914 297 237 
1915 210 110 
1916 336 176 
1917 594 474 
1918 336 176 
1919 294 154 
1920 99 79 
1921 594 474 
1922 336 176 
1923 378 198 
1924 126 66 
1925 594 474 
1926 594 474 
1927 792 632 
1928 990 790 
1929 891 711 
1930 891 711 
1931 210 110 
1932 84 44 
1933 990 790 
1934 594 474 
1935 198 158 
1936 396 316 
1937 294 154 
1938 378 198 
1939 84 44 
1940 297 237 
1941 693 553 
1942 378 198 
1943 294 154 
1944 420 220 
1945 336 176 
1946 990 790 
1947 42 22 
1948 396 316 
1949 198 158 
1950 396 316 
1951 594 474 
1952 297 237 
1953 126 66 
1954 420 220 
1955 42 22 
1956 792 632 
1957 396 316 
1958 336 176 
1959 252 132 
1960 891 711 
1961 198 158 
1962 42 22 
1963 294 154 
1964 396 316 
1965 495 395 
1966 378 198 
1967 792 632 
1968 336 176 
1969 294 154 
1970 99 79 
1971 495 395 
1972 420 220 
1973 126 66 
1974 252 132 
1975 126 66 
1976 252 132 
1977 42 22 
1978 495 395 
1979 420 220 
1980 378 198 
1981 495 395 
1982 378 198 
1983 420 220 
1984 42 22 
1985 99 79 
1986 336 176 
1987 378 198 
1988 252 132 
1989 336 176 
1990 396 316 
1991 126 66 
1992 294 154 
1993 294 154 
1994 420 220 
1995 336 176 
1996 792 632 
1997 126 66 
1998 396 316 
1999 336 176 
2000 990 790 
2001 42 22 
2002 42 22 
2003 42 22 
2004 126 66 
2005 297 237 
2006 495 395 
2007 495 395 
2008 198 158 
2009 495 395 
2010 198 158 
2011 198 158 
2012 252 132 
2013 42 22 
2014 126 66 
2015 594 474 
2016 84 44 
2017 378 198 
2018 168 88 
2019 297 237 
2020 594 474 
2021 252 132 
2022 252 132 
2023 495 395 
2024 294 154 
2025 594 474 
2026 396 316 
2027 792 632 
2028 168 88 
2029 42 22 
2030 84 44 
2031 378 198 
2032 198 158 
2033 336 176 
2034 378 198 
2035 168 88 
2036 792 632 
2037 495 395 
2038 168 88 
2039 396 316 
2040 210 110 
2041 990 790 
2042 126 66 
2043 297 237 
2044 42 22 
2045 891 711 
2046 693 553 
2047 84 44 
2048 378 198 
2049 99 79 
2050 198 158 
2051 378 198 
2052 84 44 
2053 252 132 
2054 84 44 
2055 495 395 
2056 336 176 
2057 294 154 
2058 252 132 
2059 792 632 
2060 294 154 
2061 126 66 
2062 396 316 
2063 495 395 
2064 495 395 
2065 420 220 
2066 693 553 
2067 495 395 
2068 99 79 
2069 891 711 
2070 252 132 
2071 126 66 
2072 891 711 
2073 891 711 
2074 210 110 
2075 210 110 
2076 252 132 
2077 297 237 
2078 336 176 
2079 396 316 
2080 693 553 
2081 336 176 
2082 297 237 
2083 294 154 
2084 495 395 
2085 210 110 
2086 297 237 
2087 252 132 
2088 693 553 
2089 99 79 
2090 594 474 
2091 693 553 
2092 84 44 
2093 198 158 
2094 990 790 
2095 420 220 
2096 990 790 
2097 42 22 
2098 336 176 
2099 294 154 
2100 336 176 
2101 891 711 
2102 42 22 
2103 42 22 
2104 99 79 
2105 336 176 
2106 420 220 
2107 99 79 
2108 378 198 
2109 294 154 
2110 891 711 
2111 168 88 
2112 252 132 
2113 792 632 
2114 126 66 
2115 84 44 
2116 495 395 
2117 84 44 
2118 336 176 
2119 336 176 
2120 297 237 
2121 294 154 
2122 594 474 
2123 84 44 
2124 990 790 
2125 168 88 
2126 495 395 
2127 495 395 
2128 198 158 
2129 84 44 
2130 990 790 
2131 420 220 
2132 126 66 
2133 420 220 
2134 396 316 
2135 126 66 
2136 336 176 
2137 336 176 
2138 84 44 
2139 594 474 
2140 594 474 
2141 990 790 
2142 792 632 
2143 210 110 
2144 891 711 
2145 297 237 
2146 420 220 
2147 294 154 
2148 396 316 
2149 294 154 
2150 198 158 
2151 378 198 
2152 420 220 
2153 792 632 
2154 792 632 
2155 294 154 
2156 297 237 
2157 84 44 
2158 792 632 
2159 252 132 
2160 336 176 
2161 594 474 
2162 42 22 
2163 891 711 
2164 594 474 
2165 99 79 
2166 168 88 
2167 378 198 
2168 198 158 
2169 99 79 
2170 594 474 
2171 891 711 
2172 396 316 
2173 420 220 
2174 336 176 
2175 336 176 
2176 168 88 
2177 594 474 
2178 198 158 
2179 336 176 
2180 297 237 
2181 99 79 
2182 297 237 
2183 168 88 
2184 495 395 
2185 210 110 
2186 891 711 
2187 84 44 
2188 84 44 
2189 396 316 
2190 693 553 
2191 198 158 
2192 99 79 
2193 792 632 
2194 990 790 
2195 378 198 
2196 495 395 
2197 792 632 
2198 420 220 
2199 294 154 
2200 990 790 
2201 84 44 
2202 84 44 
2203 168 88 
2204 294 154 
2205 297 237 
2206 792 632 
2207 126 66 
2208 495 395 
2209 990 790 
2210 990 790 
2211 297 237 
2212 792 632 
2213 99 79 
2214 990 790 
2215 168 88 
2216 693 553 
2217 693 553 
2218 297 237 
2219 792 632 
2220 294 154 
2221 84 44 
2222 252 132 
2223 198 158 
2224 378 198 
2225 168 88 
2226 126 66 
2227 336 176 
2228 891 711 
2229 792 632 
2230 297 237 
2231 594 474 
2232 252 132 
2233 792 632 
2234 594 474 
2235 210 110 
2236 99 79 
2237 294 154 
2238 594 474 
2239 420 220 
2240 990 790 
2241 420 220 
2242 84 44 
2243 420 220 
2244 252 132 
2245 294 154 
2246 252 132 
2247 891 711 
2248 420 220 
2249 792 632 
2250 792 632 
2251 396 316 
2252 252 132 
2253 792 632 
2254 792 632 
2255 252 132 
2256 495 395 
2257 294 154 
2258 396 316 
2259 198 158 
2260 396 316 
2261 126 66 
2262 99 79 
2263 990 790 
2264 336 176 
2265 252 132 
2266 294 154 
2267 420 220 
2268 990 790 
2269 693 553 
2270 495 395 
2271 84 44 
2272 396 316 
2273 495 395 
2274 336 176 
2275 210 110 
2276 594 474 
2277 990 790 
2278 210 110 
2279 495 395 
2280 693 553 
2281 378 198 
2282 297 237 
2283 990 790 
2284 495 395 
2285 252 132 
2286 297 237 
2287 420 220 
2288 594 474 
2289 891 711 
2290 792 632 
2291 252 132 
2292 396 316 
2293 297 237 
2294 990 790 
2295 294 154 
2296 336 176 
2297 891 711 
2298 891 711 
2299 198 158 
2300 84 44 
2301 198 158 
2302 168 88 
2303 168 88 
2304 42 22 
2305 420 220 
2306 693 553 
2307 168 88 
2308 99 79 
2309 594 474 
2310 990 790 
2311 792 632 
2312 198 158 
2313 126 66 
2314 396 316 
2315 42 22 
2316 693 553 
2317 594 474 
2318 378 198 
2319 84 44 
2320 792 632 
2321 891 711 
2322 42 22 
2323 378 198 
2324 210 110 
2325 210 110 
2326 297 237 
2327 252 132 
2328 594 474 
2329 126 66 
2330 252 132 
2331 594 474 
2332 210 110 
2333 420 220 
2334 891 711 
2335 990 790 
2336 210 110 
2337 420 220 
2338 210 110 
2339 168 88 
2340 198 158 
2341 126 66 
2342 168 88 
2343 99 79 
2344 294 154 
2345 294 154 
2346 198 158 
2347 99 79 
2348 990 790 
2349 336 176 
2350 792 632 
2351 294 154 
2352 891 711 
2353 693 553 
2354 297 237 
2355 891 711 
2356 891 711 
2357 126 66 
2358 210 110 
2359 126 66 
2360 297 237 
2361 792 632 
2362 495 395 
2363 42 22 
2364 990 790 
2365 495 395 
2366 99 79 
2367 252 132 
2368 495 395 
2369 210 110 
2370 336 176 
2371 42 22 
2372 42 22 
2373 210 110 
2374 294 154 
2375 693 553 
2376 336 176 
2377 378 198 
2378 693 553 
2379 84 44 
2380 495 395 
2381 420 220 
2382 420 220 
2383 891 711 
2384 252 132 
2385 792 632 
2386 168 88 
2387 42 22 
2388 378 198 
2389 252 132 
2390 294 154 
2391 198 158 
2392 495 395 
2393 891 711 
2394 84 44 
2395 990 790 
2396 210 110 
2397 891 711 
2398 891 711 
2399 594 474 
2400 990 790 
2401 126 66 
2402 495 395 
2403 594 474 
2404 294 154 
2405 990 790 
2406 198 158 
2407 594 474 
2408 42 22 
2409 396 316 
2410 297 237 
2411 84 44 
2412 396 316 
2413 396 316 
2414 42 22 
2415 594 474 
2416 297 237 
2417 693 553 
2418 495 395 
2419 210 110 
2420 495 395 
2421 168 88 
2422 84 44 
2423 594 474 
2424 378 198 
2425 252 132 
2426 891 711 
2427 42 22 
2428 168 88 
2429 84 44 
2430 210 110 
2431 378 198 
2432 84 44 
2433 378 198 
2434 336 176 
2435 252 132 
2436 84 44 
2437 84 44 
2438 594 474 
2439 792 632 
2440 693 553 
2441 396 316 
2442 198 158 
2443 126 66 
2444 294 154 
2445 420 220 
2446 891 711 
2447 336 176 
2448 210 110 
2449 693 553 
2450 693 553 
2451 126 66 
2452 42 22 
2453 99 79 
2454 168 88 
2455 420 220 
2456 420 220 
2457 378 198 
2458 168 88 
2459 396 316 
2460 594 474 
2461 891 711 
2462 594 474 
2463 990 790 
2464 84 44 
2465 84 44 
2466 891 711 
2467 42 22 
2468 336 176 
2469 126 66 
2470 990 790 
2471 420 220 
2472 792 632 
2473 336 176 
2474 594 474 
2475 210 110 
2476 126 66 
2477 252 132 
2478 168 88 
2479 378 198 
2480 126 66 
2481 891 711 
2482 210 110 
2483 378 198 
2484 42 22 
2485 99 79 
2486 594 474 
2487 210 110 
2488 693 553 
2489 495 395 
2490 252 132 
2491 42 22 
2492 336 176 
2493 891 711 
2494 891 711 
2495 210 110 
2496 378 198 
2497 210 110 
2498 42 22 
2499 84 44 
2500 294 154 
2501 297 237 
2502 168 88 
2503 297 237 
2504 297 237 
2505 294 154 
2506 420 220 
2507 792 632 
2508 252 132 
2509 792 632 
2510 42 22 
2511 693 553 
2512 891 711 
2513 168 88 
2514 693 553 
2515 297 237 
2516 210 110 
2517 420 220 
2518 378 198 
2519 198 158 
2520 378 198 
2521 396 316 
2522 693 553 
2523 891 711 
2524 792 632 
2525 396 316 
2526 84 44 
2527 252 132 
2528 594 474 
2529 594 474 
2530 252 132 
2531 126 66 
2532 126 66 
2533 792 632 
2534 891 711 
2535 126 66 
2536 210 110 
2537 168 88 
2538 336 176 
2539 594 474 
2540 294 154 
2541 336 176 
2542 420 220 
2543 126 66 
2544 396 316 
2545 126 66 
2546 198 158 
2547 294 154 
2548 210 110 
2549 336 176 
2550 210 110 
2551 42 22 
2552 168 88 
2553 693 553 
2554 42 22 
2555 42 22 
2556 126 66 
2557 210 110 
2558 594 474 
2559 198 158 
2560 594 474 
2561 198 158 
2562 990 790 
2563 396 316 
2564 891 711 
2565 396 316 
2566 420 220 
2567 990 790 
2568 42 22 
2569 336 176 
2570 126 66 
2571 891 711 
2572 168 88 
2573 99 79 
2574 693 553 
2575 42 22 
2576 420 220 
2577 495 395 
2578 42 22 
2579 396 316 
2580 252 132 
2581 495 395 
2582 420 220 
2583 792 632 
2584 297 237 
2585 594 474 
2586 693 553 
2587 792 632 
2588 294 154 
2589 891 711 
2590 420 220 
2591 99 79 
2592 420 220 
2593 252 132 
2594 336 176 
2595 126 66 
2596 378 198 
2597 495 395 
2598 378 198 
2599 336 176 
2600 792 632 
2601 297 237 
2602 126 66 
2603 336 176 
2604 297 237 
2605 42 22 
2606 378 198 
2607 297 237 
2608 294 154 
2609 495 395 
2610 990 790 
2611 126 66 
2612 792 632 
2613 168 88 
2614 891 711 
2615 210 110 
2616 294 154 
2617 396 316 
2618 693 553 
2619 252 132 
2620 693 553 
2621 792 632 
2622 336 176 
2623 693 553 
2624 297 237 
2625 126 66 
2626 396 316 
2627 792 632 
2628 99 79 
2629 294 154 
2630 693 553 
2631 198 158 
2632 420 220 
2633 495 395 
2634 792 632 
2635 693 553 
2636 336 176 
2637 297 237 
2638 126 66 
2639 84 44 
2640 99 79 
2641 84 44 
2642 495 395 
2643 378 198 
2644 210 110 
2645 891 711 
2646 168 88 
2647 84 44 
2648 693 553 
2649 297 237 
2650 42 22 
2651 495 395 
2652 294 154 
2653 126 66 
2654 297 237 
2655 495 395 
2656 891 711 
2657 210 110 
2658 84 44 
2659 297 237 
2660 210 110 
2661 198 158 
2662 168 88 
2663 495 395 
2664 84 44 
2665 42 22 
2666 495 395 
2667 891 711 
2668 792 632 
2669 210 110 
2670 210 110 
2671 126 66 
2672 168 88 
2673 891 711 
2674 252 132 
2675 198 158 
2676 594 474 
2677 495 395 
2678 210 110 
2679 198 158 
2680 420 220 
2681 594 474 
2682 420 220 
2683 294 154 
2684 396 316 
2685 990 790 
2686 420 220 
2687 990 790 
2688 891 711 
2689 420 220 
2690 396 316 
2691 990 790 
2692 42 22 
2693 378 198 
2694 693 553 
2695 378 198 
2696 891 711 
2697 693 553 
2698 420 220 
2699 210 110 
2700 42 22 
2701 168 88 
2702 396 316 
2703 420 220 
2704 294 154 
2705 420 220 
2706 378 198 
2707 198 158 
2708 252 132 
2709 792 632 
2710 420 220 
2711 297 237 
2712 396 316 
2713 252 132 
2714 594 474 
2715 396 316 
2716 294 154 
2717 495 395 
2718 336 176 
2719 168 88 
2720 990 790 
2721 297 237 
2722 252 132 
2723 99 79 
2724 420 220 
2725 84 44 
2726 99 79 
2727 396 316 
2728 396 316 
2729 126 66 
2730 42 22 
2731 297 237 
2732 84 44 
2733 990 790 
2734 99 79 
2735 210 110 
2736 396 316 
2737 396 316 
2738 378 198 
2739 168 88 
2740 891 711 
2741 126 66 
2742 294 154 
2743 792 632 
2744 336 176 
2745 252 132 
2746 495 395 
2747 84 44 
2748 252 132 
2749 420 220 
2750 294 154 
2751 378 198 
2752 792 632 
2753 126 66 
2754 990 790 
2755 84 44 
2756 252 132 
2757 84 44 
2758 297 237 
2759 252 132 
2760 594 474 
2761 594 474 
2762 594 474 
2763 42 22 
2764 891 711 
2765 210 110 
2766 378 198 
2767 420 220 
2768 990 790 
2769 294 154 
2770 297 237 
2771 378 198 
2772 198 158 
2773 792 632 
2774 336 176 
2775 891 711 
2776 297 237 
2777 42 22 
2778 594 474 
2779 594 474 
2780 891 711 
2781 495 395 
2782 42 22 
2783 990 790 
2784 126 66 
2785 378 198 
2786 168 88 
2787 990 790 
2788 378 198 
2789 297 237 
2790 84 44 
2791 396 316 
2792 42 22 
2793 420 220 
2794 990 790 
2795 84 44 
2796 84 44 
2797 210 110 
2798 990 790 
2799 252 132 
2800 420 220 
2801 198 158 
2802 891 711 
2803 126 66 
2804 99 79 
2805 168 88 
2806 693 553 
2807 594 474 
2808 168 88 
2809 198 158 
2810 297 237 
2811 252 132 
2812 336 176 
2813 420 220 
2814 420 220 
2815 42 22 
2816 198 158 
2817 336 176 
2818 378 198 
2819 126 66 
2820 891 711 
2821 168 88 
2822 792 632 
2823 297 237 
2824 792 632 
2825 198 158 
2826 294 154 
2827 126 66 
2828 990 790 
2829 84 44 
2830 210 110 
2831 594 474 
2832 378 198 
2833 99 79 
2834 252 132 
2835 168 88 
2836 99 79 
2837 252 132 
2838 792 632 
2839 252 132 
2840 990 790 
2841 252 132 
2842 396 316 
2843 210 110 
2844 210 110 
2845 210 110 
2846 693 553 
2847 99 79 
2848 294 154 
2849 294 154 
2850 990 790 
2851 252 132 
2852 396 316 
2853 210 110 
2854 693 553 
2855 210 110 
2856 126 66 
2857 42 22 
2858 126 66 
2859 252 132 
2860 378 198 
2861 396 316 
2862 495 395 
2863 252 132 
2864 792 632 
2865 297 237 
2866 126 66 
2867 126 66 
2868 396 316 
2869 252 132 
2870 294 154 
2871 294 154 
2872 210 110 
2873 210 110 
2874 792 632 
2875 594 474 
2876 297 237 
2877 990 790 
2878 168 88 
2879 126 66 
2880 693 553 
2881 693 553 
2882 168 88 
2883 420 220 
2884 294 154 
2885 594 474 
2886 792 632 
2887 126 66 
2888 594 474 
2889 594 474 
2890 495 395 
2891 84 44 
2892 294 154 
2893 99 79 
2894 84 44 
2895 252 132 
2896 210 110 
2897 297 237 
2898 210 110 
2899 297 237 
2900 99 79 
2901 693 553 
2902 84 44 
2903 990 790 
2904 84 44 
2905 693 553 
2906 294 154 
2907 891 711 
2908 396 316 
2909 495 395 
2910 210 110 
2911 210 110 
2912 693 553 
2913 396 316 
2914 99 79 
2915 126 66 
2916 594 474 
2917 210 110 
2918 168 88 
2919 495 395 
2920 891 711 
2921 297 237 
2922 693 553 
2923 84 44 
2924 792 632 
2925 693 553 
2926 42 22 
2927 99 79 
2928 693 553 
2929 198 158 
2930 168 88 
2931 84 44 
2932 294 154 
2933 84 44 
2934 294 154 
2935 396 316 
2936 693 553 
2937 210 110 
2938 126 66 
2939 693 553 
2940 336 176 
2941 594 474 
2942 42 22 
2943 99 79 
2944 297 237 
2945 84 44 
2946 42 22 
2947 495 395 
2948 495 395 
2949 495 395 
2950 594 474 
2951 126 66 
2952 990 790 
2953 336 176 
2954 294 154 
2955 84 44 
2956 336 176 
2957 168 88 
2958 99 79 
2959 294 154 
2960 693 553 
2961 396 316 
2962 396 316 
2963 297 237 
2964 990 790 
2965 297 237 
2966 294 154 
2967 396 316 
2968 420 220 
2969 693 553 
2970 297 237 
2971 168 88 
2972 297 237 
2973 495 395 
2974 168 88 
2975 297 237 
2976 198 158 
2977 84 44 
2978 84 44 
2979 42 22 
2980 336 176 
2981 126 66 
2982 891 711 
2983 396 316 
2984 420 220 
2985 252 132 
2986 252 132 
2987 198 158 
2988 42 22 
2989 594 474 
2990 198 158 
2991 252 132 
2992 990 790 
2993 210 110 
2994 99 79 
2995 891 711 
2996 168 88 
2997 792 632 
2998 420 220 
2999 378 198 
3000 42 22 
3001 294 154 
3002 396 316 
3003 594 474 
3004 396 316 
3005 84 44 
3006 420 220 
3007 396 316 
3008 294 154 
3009 168 88 
3010 396 316 
3011 336 176 
3012 210 110 
3013 297 237 
3014 297 237 
3015 336 176 
3016 210 110 
3017 420 220 
3018 594 474 
3019 210 110 
3020 99 79 
3021 891 711 
3022 495 395 
3023 990 790 
3024 99 79 
3025 336 176 
3026 198 158 
3027 990 790 
3028 84 44 
3029 99 79 
3030 594 474 
3031 594 474 
3032 594 474 
3033 168 88 
3034 378 198 
3035 294 154 
3036 210 110 
3037 210 110 
3038 495 395 
3039 396 316 
3040 891 711 
3041 126 66 
3042 252 132 
3043 396 316 
3044 420 220 
3045 495 395 
3046 693 553 
3047 168 88 
3048 594 474 
3049 495 395 
3050 378 198 
3051 168 88 
3052 693 553 
3053 420 220 
3054 42 22 
3055 495 395 
3056 84 44 
3057 336 176 
3058 594 474 
3059 336 176 
3060 693 553 
3061 168 88 
3062 252 132 
3063 42 22 
3064 594 474 
3065 594 474 
3066 693 553 
3067 294 154 
3068 252 132 
3069 990 790 
3070 990 790 
3071 891 711 
3072 378 198 
3073 210 110 
3074 294 154 
3075 252 132 
3076 84 44 
3077 396 316 
3078 252 132 
3079 99 79 
3080 252 132 
3081 396 316 
3082 594 474 
3083 495 395 
3084 126 66 
3085 792 632 
3086 198 158 
3087 378 198 
3088 594 474 
3089 210 110 
3090 198 158 
3091 252 132 
3092 99 79 
3093 792 632 
3094 294 154 
3095 990 790 
3096 495 395 
3097 168 88 
3098 294 154 
3099 420 220 
3100 42 22 
3101 420 220 
3102 792 632 
3103 693 553 
3104 990 790 
3105 42 22 
3106 594 474 
3107 84 44 
3108 99 79 
3109 42 22 
3110 168 88 
3111 990 790 
3112 126 66 
3113 594 474 
3114 99 79 
3115 294 154 
3116 495 395 
3117 99 79 
3118 99 79 
3119 84 44 
3120 252 132 
3121 294 154 
3122 396 316 
3123 693 553 
3124 495 395 
3125 396 316 
3126 210 110 
3127 294 154 
3128 168 88 
3129 126 66 
3130 168 88 
3131 42 22 
3132 84 44 
3133 693 553 
3134 396 316 
3135 792 632 
3136 891 711 
3137 42 22 
3138 693 553 
3139 693 553 
3140 297 237 
3141 396 316 
3142 84 44 
3143 168 88 
3144 792 632 
3145 594 474 
3146 792 632 
3147 420 220 
3148 396 316 
3149 792 632 
3150 297 237 
3151 336 176 
3152 297 237 
3153 693 553 
3154 693 553 
3155 495 395 
3156 99 79 
3157 168 88 
3158 891 711 
3159 336 176 
3160 420 220 
3161 84 44 
3162 126 66 
3163 99 79 
3164 378 198 
3165 396 316 
3166 84 44 
3167 168 88 
3168 792 632 
3169 198 158 
3170 336 176 
3171 420 220 
3172 84 44 
3173 594 474 
3174 126 66 
3175 990 790 
3176 594 474 
3177 990 790 
3178 693 553 
3179 495 395 
3180 168 88 
3181 210 110 
3182 210 110 
3183 126 66 
3184 198 158 
3185 336 176 
3186 198 158 
3187 495 395 
3188 336 176 
3189 693 553 
3190 84 44 
3191 294 154 
3192 210 110 
3193 99 79 
3194 168 88 
3195 126 66 
3196 792 632 
3197 420 220 
3198 210 110 
3199 396 316 
3200 198 158 
3201 210 110 
3202 210 110 
3203 294 154 
3204 198 158 
3205 990 790 
3206 693 553 
3207 297 237 
3208 792 632 
3209 84 44 
3210 294 154 
3211 294 154 
3212 84 44 
3213 252 132 
3214 99 79 
3215 693 553 
3216 693 553 
3217 495 395 
3218 99 79 
3219 693 553 
3220 990 790 
3221 396 316 
3222 126 66 
3223 198 158 
3224 198 158 
3225 792 632 
3226 495 395 
3227 693 553 
3228 336 176 
3229 693 553 
3230 126 66 
3231 252 132 
3232 336 176 
3233 297 237 
3234 693 553 
3235 495 395 
3236 198 158 
3237 990 790 
3238 126 66 
3239 396 316 
3240 210 110 
3241 378 198 
3242 990 790 
3243 168 88 
3244 396 316 
3245 210 110 
3246 396 316 
3247 594 474 
3248 693 553 
3249 792 632 
3250 594 474 
3251 990 790 
3252 168 88 
3253 378 198 
3254 294 154 
3255 594 474 
3256 693 553 
3257 396 316 
3258 420 220 
3259 297 237 
3260 297 237 
3261 396 316 
3262 495 395 
3263 396 316 
3264 198 158 
3265 495 395 
3266 693 553 
3267 168 88 
3268 252 132 
3269 126 66 
3270 336 176 
3271 396 316 
3272 420 220 
3273 297 237 
3274 336 176 
3275 252 132 
3276 294 154 
3277 252 132 
3278 42 22 
3279 126 66 
3280 99 79 
3281 252 132 
3282 891 711 
3283 42 22 
3284 891 711 
3285 378 198 
3286 336 176 
3287 210 110 
3288 396 316 
3289 990 790 
3290 297 237 
3291 990 790 
3292 378 198 
3293 84 44 
3294 84 44 
3295 294 154 
3296 42 22 
3297 990 790 
3298 84 44 
3299 168 88 
3300 168 88 
3301 693 553 
3302 792 632 
3303 99 79 
3304 84 44 
3305 99 79 
3306 396 316 
3307 252 132 
3308 420 220 
3309 252 132 
3310 396 316 
3311 396 316 
3312 336 176 
3313 891 711 
3314 594 474 
3315 990 790 
3316 210 110 
3317 252 132 
3318 990 790 
3319 42 22 
3320 891 711 
3321 891 711 
3322 294 154 
3323 198 158 
3324 126 66 
3325 891 711 
3326 252 132 
3327 297 237 
3328 891 711 
3329 99 79 
3330 252 132 
3331 594 474 
3332 252 132 
3333 990 790 
3334 792 632 
3335 792 632 
3336 495 395 
3337 378 198 
3338 336 176 
3339 378 198 
3340 891 711 
3341 210 110 
3342 252 132 
3343 210 110 
3344 495 395 
3345 84 44 
3346 594 474 
3347 594 474 
3348 420 220 
3349 84 44 
3350 594 474 
3351 297 237 
3352 594 474 
3353 594 474 
3354 198 158 
3355 252 132 
3356 378 198 
3357 495 395 
3358 42 22 
3359 396 316 
3360 297 237 
3361 294 154 
3362 42 22 
3363 378 198 
3364 84 44 
3365 99 79 
3366 126 66 
3367 336 176 
3368 198 158 
3369 168 88 
3370 99 79 
3371 378 198 
3372 42 22 
3373 84 44 
3374 336 176 
3375 99 79 
3376 294 154 
3377 294 154 
3378 99 79 
3379 297 237 
3380 495 395 
3381 297 237 
3382 891 711 
3383 126 66 
3384 198 158 
3385 126 66 
3386 420 220 
3387 693 553 
3388 336 176 
3389 990 790 
3390 693 553 
3391 198 158 
3392 297 237 
3393 693 553 
3394 693 553 
3395 84 44 
3396 420 220 
3397 396 316 
3398 294 154 
3399 990 790 
3400 252 132 
3401 792 632 
3402 126 66 
3403 495 395 
3404 693 553 
3405 396 316 
3406 990 790 
3407 42 22 
3408 336 176 
3409 42 22 
3410 990 790 
3411 297 237 
3412 792 632 
3413 420 220 
3414 594 474 
3415 99 79 
3416 693 553 
3417 84 44 
3418 84 44 
3419 297 237 
3420 42 22 
3421 252 132 
3422 336 176 
3423 99 79 
3424 297 237 
3425 210 110 
3426 594 474 
3427 126 66 
3428 99 79 
3429 420 220 
3430 378 198 
3431 693 553 
3432 891 711 
3433 84 44 
3434 594 474 
3435 693 553 
3436 294 154 
3437 891 711 
3438 126 66 
3439 99 79 
3440 294 154 
3441 378 198 
3442 210 110 
3443 210 110 
3444 336 176 
3445 495 395 
3446 420 220 
3447 126 66 
3448 396 316 
3449 336 176 
3450 84 44 
3451 294 154 
3452 396 316 
3453 297 237 
3454 168 88 
3455 297 237 
3456 336 176 
3457 891 711 
3458 99 79 
3459 420 220 
3460 126 66 
3461 693 553 
3462 792 632 
3463 252 132 
3464 792 632 
3465 891 711 
3466 198 158 
3467 420 220 
3468 294 154 
3469 594 474 
3470 792 632 
3471 297 237 
3472 294 154 
3473 420 220 
3474 84 44 
3475 594 474 
3476 420 220 
3477 297 237 
3478 42 22 
3479 378 198 
3480 252 132 
3481 990 790 
3482 378 198 
3483 891 711 
3484 891 711 
3485 99 79 
3486 378 198 
3487 396 316 
3488 198 158 
3489 252 132 
3490 297 237 
3491 84 44 
3492 198 158 
3493 495 395 
3494 336 176 
3495 336 176 
3496 378 198 
3497 252 132 
3498 693 553 
3499 693 553 
3500 792 632 
3501 378 198 
3502 891 711 
3503 297 237 
3504 891 711 
3505 99 79 
3506 84 44 
3507 294 154 
3508 99 79 
3509 420 220 
3510 396 316 
3511 99 79 
3512 168 88 
3513 294 154 
3514 294 154 
3515 990 790 
3516 294 154 
3517 210 110 
3518 198 158 
3519 693 553 
3520 42 22 
3521 198 158 
3522 84 44 
3523 792 632 
3524 336 176 
3525 396 316 
3526 336 176 
3527 198 158 
3528 297 237 
3529 396 316 
3530 198 158 
3531 594 474 
3532 42 22 
3533 420 220 
3534 294 154 
3535 198 158 
3536 594 474 
3537 126 66 
3538 891 711 
3539 252 132 
3540 84 44 
3541 84 44 
3542 336 176 
3543 42 22 
3544 294 154 
3545 378 198 
3546 252 132 
3547 168 88 
3548 198 158 
3549 396 316 
3550 336 176 
3551 126 66 
3552 990 790 
3553 99 79 
3554 168 88 
3555 99 79 
3556 210 110 
3557 792 632 
3558 294 154 
3559 693 553 
3560 420 220 
3561 792 632 
3562 210 110 
3563 990 790 
3564 396 316 
3565 42 22 
3566 99 79 
3567 891 711 
3568 420 220 
3569 297 237 
3570 99 79 
3571 99 79 
3572 891 711 
3573 336 176 
3574 42 22 
3575 198 158 
3576 693 553 
3577 297 237 
3578 693 553 
3579 693 553 
3580 168 88 
3581 396 316 
3582 126 66 
3583 210 110 
3584 198 158 
3585 378 198 
3586 210 110 
3587 294 154 
3588 396 316 
3589 126 66 
3590 168 88 
3591 693 553 
3592 336 176 
3593 294 154 
3594 297 237 
3595 99 79 
3596 84 44 
3597 336 176 
3598 693 553 
3599 594 474 
3600 168 88 
3601 594 474 
3602 792 632 
3603 294 154 
3604 294 154 
3605 594 474 
3606 336 176 
3607 42 22 
3608 495 395 
3609 420 220 
3610 594 474 
3611 297 237 
3612 99 79 
3613 336 176 
3614 792 632 
3615 990 790 
3616 99 79 
3617 378 198 
3618 294 154 
3619 84 44 
3620 99 79 
3621 168 88 
3622 891 711 
3623 294 154 
3624 336 176 
3625 336 176 
3626 84 44 
3627 378 198 
3628 210 110 
3629 420 220 
3630 594 474 
3631 990 790 
3632 495 395 
3633 891 711 
3634 336 176 
3635 294 154 
3636 84 44 
3637 495 395 
3638 594 474 
3639 378 198 
3640 792 632 
3641 693 553 
3642 378 198 
3643 294 154 
3644 42 22 
3645 792 632 
3646 294 154 
3647 210 110 
3648 297 237 
3649 297 237 
3650 378 198 
3651 297 237 
3652 990 790 
3653 693 553 
3654 792 632 
3655 126 66 
3656 336 176 
3657 594 474 
3658 336 176 
3659 198 158 
3660 336 176 
3661 378 198 
3662 294 154 
3663 294 154 
3664 792 632 
3665 297 237 
3666 168 88 
3667 198 158 
3668 198 158 
3669 297 237 
3670 126 66 
3671 297 237 
3672 378 198 
3673 84 44 
3674 396 316 
3675 594 474 
3676 792 632 
3677 99 79 
3678 210 110 
3679 990 790 
3680 495 395 
3681 378 198 
3682 294 154 
3683 495 395 
3684 210 110 
3685 693 553 
3686 297 237 
3687 495 395 
3688 297 237 
3689 99 79 
3690 198 158 
3691 336 176 
3692 294 154 
3693 420 220 
3694 294 154 
3695 891 711 
3696 396 316 
3697 378 198 
3698 693 553 
3699 990 790 
3700 297 237 
3701 336 176 
3702 294 154 
3703 792 632 
3704 126 66 
3705 99 79 
3706 126 66 
3707 693 553 
3708 210 110 
3709 693 553 
3710 126 66 
3711 336 176 
3712 42 22 
3713 990 790 
3714 378 198 
3715 252 132 
3716 210 110 
3717 84 44 
3718 693 553 
3719 990 790 
3720 297 237 
3721 594 474 
3722 990 790 
3723 294 154 
3724 378 198 
3725 396 316 
3726 594 474 
3727 693 553 
3728 252 132 
3729 378 198 
3730 99 79 
3731 42 22 
3732 693 553 
3733 198 158 
3734 693 553 
3735 336 176 
3736 594 474 
3737 99 79 
3738 294 154 
3739 42 22 
3740 420 220 
3741 42 22 
3742 42 22 
3743 210 110 
3744 693 553 
3745 495 395 
3746 168 88 
3747 168 88 
3748 990 790 
3749 990 790 
3750 336 176 
3751 126 66 
3752 336 176 
3753 294 154 
3754 336 176 
3755 420 220 
3756 693 553 
3757 495 395 
3758 126 66 
3759 126 66 
3760 84 44 
3761 84 44 
3762 252 132 
3763 84 44 
3764 294 154 
3765 198 158 
3766 99 79 
3767 84 44 
3768 126 66 
3769 294 154 
3770 891 711 
3771 990 790 
3772 99 79 
3773 693 553 
3774 792 632 
3775 891 711 
3776 693 553 
3777 99 79 
3778 336 176 
3779 594 474 
3780 126 66 
3781 252 132 
3782 792 632 
3783 990 790 
3784 99 79 
3785 294 154 
3786 252 132 
3787 990 790 
3788 495 395 
3789 990 790 
3790 495 395 
3791 210 110 
3792 693 553 
3793 792 632 
3794 396 316 
3795 99 79 
3796 99 79 
3797 594 474 
3798 495 395 
3799 84 44 
3800 210 110 
3801 168 88 
3802 594 474 
3803 891 711 
3804 396 316 
3805 693 553 
3806 693 553 
3807 297 237 
3808 420 220 
3809 294 154 
3810 168 88 
3811 495 395 
3812 495 395 
3813 420 220 
3814 198 158 
3815 294 154 
3816 396 316 
3817 420 220 
3818 297 237 
3819 396 316 
3820 693 553 
3821 252 132 
3822 336 176 
3823 198 158 
3824 594 474 
3825 252 132 
3826 891 711 
3827 693 553 
3828 693 553 
3829 99 79 
3830 126 66 
3831 792 632 
3832 693 553 
3833 297 237 
3834 126 66 
3835 252 132 
3836 495 395 
3837 42 22 
3838 297 237 
3839 891 711 
3840 84 44 
3841 792 632 
3842 84 44 
3843 210 110 
3844 792 632 
3845 42 22 
3846 891 711 
3847 297 237 
3848 792 632 
3849 693 553 
3850 99 79 
3851 420 220 
3852 990 790 
3853 693 553 
3854 126 66 
3855 294 154 
3856 210 110 
3857 594 474 
3858 336 176 
3859 210 110 
3860 210 110 
3861 168 88 
3862 99 79 
3863 495 395 
3864 594 474 
3865 99 79 
3866 378 198 
3867 594 474 
3868 495 395 
3869 495 395 
3870 378 198 
3871 990 790 
3872 420 220 
3873 42 22 
3874 792 632 
3875 42 22 
3876 990 790 
3877 420 220 
3878 84 44 
3879 990 790 
3880 297 237 
3881 792 632 
3882 84 44 
3883 792 632 
3884 594 474 
3885 99 79 
3886 594 474 
3887 336 176 
3888 126 66 
3889 891 711 
3890 378 198 
3891 294 154 
3892 336 176 
3893 693 553 
3894 84 44 
3895 378 198 
3896 396 316 
3897 495 395 
3898 99 79 
3899 792 632 
3900 396 316 
3901 297 237 
3902 297 237 
3903 792 632 
3904 693 553 
3905 42 22 
3906 990 790 
3907 990 790 
3908 168 88 
3909 495 395 
3910 396 316 
3911 252 132 
3912 792 632 
3913 792 632 
3914 42 22 
3915 420 220 
3916 378 198 
3917 336 176 
3918 420 220 
3919 378 198 
3920 84 44 
3921 420 220 
3922 990 790 
3923 420 220 
3924 198 158 
3925 396 316 
3926 84 44 
3927 378 198 
3928 168 88 
3929 693 553 
3930 990 790 
3931 792 632 
3932 420 220 
3933 495 395 
3934 297 237 
3935 294 154 
3936 84 44 
3937 297 237 
3938 990 790 
3939 198 158 
3940 990 790 
3941 420 220 
3942 495 395 
3943 84 44 
3944 420 220 
3945 891 711 
3946 990 790 
3947 495 395 
3948 693 553 
3949 198 158 
3950 396 316 
3951 210 110 
3952 99 79 
3953 336 176 
3954 84 44 
3955 84 44 
3956 396 316 
3957 891 711 
3958 126 66 
3959 792 632 
3960 297 237 
3961 210 110 
3962 168 88 
3963 126 66 
3964 693 553 
3965 210 110 
3966 84 44 
3967 126 66 
3968 297 237 
3969 693 553 
3970 495 395 
3971 693 553 
3972 792 632 
3973 294 154 
3974 594 474 
3975 126 66 
3976 495 395 
3977 252 132 
3978 693 553 
3979 84 44 
3980 420 220 
3981 396 316 
3982 99 79 
3983 42 22 
3984 396 316 
3985 594 474 
3986 693 553 
3987 420 220 
3988 891 711 
3989 297 237 
3990 792 632 
3991 378 198 
3992 420 220 
3993 990 790 
3994 495 395 
3995 210 110 
3996 294 154 
3997 42 22 
3998 126 66 
3999 792 632 
4000 210 110 
4001 336 176 
4002 420 220 
4003 990 790 
4004 84 44 
4005 84 44 
4006 168 88 
4007 294 154 
4008 168 88 
4009 396 316 
4010 126 66 
4011 990 790 
4012 594 474 
4013 99 79 
4014 84 44 
4015 378 198 
4016 126 66 
4017 297 237 
4018 168 88 
4019 594 474 
4020 99 79 
4021 378 198 
4022 198 158 
4023 99 79 
4024 594 474 
4025 594 474 
4026 252 132 
4027 891 711 
4028 594 474 
4029 378 198 
4030 126 66 
4031 378 198 
4032 252 132 
4033 792 632 
4034 378 198 
4035 198 158 
4036 252 132 
4037 297 237 
4038 495 395 
4039 420 220 
4040 420 220 
4041 594 474 
4042 792 632 
4043 378 198 
4044 297 237 
4045 42 22 
4046 891 711 
4047 378 198 
4048 693 553 
4049 396 316 
4050 378 198 
4051 126 66 
4052 198 158 
4053 336 176 
4054 210 110 
4055 210 110 
4056 396 316 
4057 990 790 
4058 294 154 
4059 168 88 
4060 594 474 
4061 990 790 
4062 210 110 
4063 297 237 
4064 198 158 
4065 252 132 
4066 420 220 
4067 126 66 
4068 198 158 
4069 336 176 
4070 294 154 
4071 792 632 
4072 336 176 
4073 42 22 
4074 168 88 
4075 891 711 
4076 84 44 
4077 294 154 
4078 693 553 
4079 495 395 
4080 198 158 
4081 198 158 
4082 792 632 
4083 990 790 
4084 294 154 
4085 891 711 
4086 396 316 
4087 294 154 
4088 495 395 
4089 990 790 
4090 396 316 
4091 294 154 
4092 990 790 
4093 336 176 
4094 126 66 
4095 294 154 
4096 126 66 
4097 594 474 
4098 297 237 
4099 594 474 
4100 126 66 
4101 693 553 
4102 378 198 
4103 792 632 
4104 99 79 
4105 594 474 
4106 168 88 
4107 396 316 
4108 210 110 
4109 252 132 
4110 693 553 
4111 420 220 
4112 891 711 
4113 198 158 
4114 252 132 
4115 693 553 
4116 792 632 
4117 792 632 
4118 396 316 
4119 99 79 
4120 495 395 
4121 42 22 
4122 336 176 
4123 126 66 
4124 99 79 
4125 420 220 
4126 594 474 
4127 495 395 
4128 126 66 
4129 126 66 
4130 990 790 
4131 168 88 
4132 294 154 
4133 396 316 
4134 891 711 
4135 378 198 
4136 420 220 
4137 420 220 
4138 396 316 
4139 594 474 
4140 420 220 
4141 792 632 
4142 294 154 
4143 99 79 
4144 990 790 
4145 297 237 
4146 990 790 
4147 297 237 
4148 294 154 
4149 294 154 
4150 198 158 
4151 42 22 
4152 378 198 
4153 294 154 
4154 297 237 
4155 594 474 
4156 792 632 
4157 792 632 
4158 891 711 
4159 336 176 
4160 693 553 
4161 990 790 
4162 252 132 
4163 126 66 
4164 84 44 
4165 396 316 
4166 294 154 
4167 99 79 
4168 693 553 
4169 297 237 
4170 336 176 
4171 210 110 
4172 396 316 
4173 84 44 
4174 891 711 
4175 252 132 
4176 297 237 
4177 792 632 
4178 42 22 
4179 84 44 
4180 198 158 
4181 198 158 
4182 336 176 
4183 891 711 
4184 594 474 
4185 495 395 
4186 495 395 
4187 594 474 
4188 42 22 
4189 378 198 
4190 792 632 
4191 126 66 
4192 42 22 
4193 594 474 
4194 42 22 
4195 126 66 
4196 594 474 
4197 420 220 
4198 891 711 
4199 84 44 
4200 126 66 
4201 420 220 
4202 396 316 
4203 594 474 
4204 594 474 
4205 336 176 
4206 594 474 
4207 99 79 
4208 294 154 
4209 336 176 
4210 990 790 
4211 891 711 
4212 99 79 
4213 84 44 
4214 126 66 
4215 294 154 
4216 198 158 
4217 168 88 
4218 495 395 
4219 210 110 
4220 294 154 
4221 42 22 
4222 42 22 
4223 378 198 
4224 792 632 
4225 495 395 
4226 396 316 
4227 495 395 
4228 378 198 
4229 792 632 
4230 99 79 
4231 297 237 
4232 495 395 
4233 297 237 
4234 495 395 
4235 210 110 
4236 420 220 
4237 594 474 
4238 168 88 
4239 168 88 
4240 198 158 
4241 84 44 
4242 420 220 
4243 336 176 
4244 42 22 
4245 252 132 
4246 396 316 
4247 495 395 
4248 792 632 
4249 210 110 
4250 99 79 
4251 792 632 
4252 990 790 
4253 126 66 
4254 99 79 
4255 294 154 
4256 99 79 
4257 297 237 
4258 297 237 
4259 84 44 
4260 420 220 
4261 378 198 
4262 693 553 
4263 495 395 
4264 594 474 
4265 495 395 
4266 693 553 
4267 693 553 
4268 495 395 
4269 42 22 
4270 294 154 
4271 84 44 
4272 378 198 
4273 396 316 
4274 396 316 
4275 891 711 
4276 168 88 
4277 336 176 
4278 126 66 
4279 252 132 
4280 210 110 
4281 693 553 
4282 210 110 
4283 693 553 
4284 84 44 
4285 990 790 
4286 420 220 
4287 84 44 
4288 378 198 
4289 126 66 
4290 84 44 
4291 396 316 
4292 126 66 
4293 42 22 
4294 42 22 
4295 336 176 
4296 42 22 
4297 210 110 
4298 594 474 
4299 294 154 
4300 210 110 
4301 126 66 
4302 210 110 
4303 594 474 
4304 990 790 
4305 99 79 
4306 420 220 
4307 792 632 
4308 378 198 
4309 294 154 
4310 126 66 
4311 84 44 
4312 792 632 
4313 378 198 
4314 792 632 
4315 693 553 
4316 378 198 
4317 420 220 
4318 990 790 
4319 210 110 
4320 495 395 
4321 594 474 
4322 420 220 
4323 420 220 
4324 792 632 
4325 378 198 
4326 693 553 
4327 252 132 
4328 792 632 
4329 378 198 
4330 891 711 
4331 297 237 
4332 297 237 
4333 126 66 
4334 420 220 
4335 198 158 
4336 396 316 
4337 294 154 
4338 792 632 
4339 495 395 
4340 693 553 
4341 495 395 
4342 42 22 
4343 42 22 
4344 198 158 
4345 198 158 
4346 84 44 
4347 126 66 
4348 297 237 
4349 99 79 
4350 99 79 
4351 210 110 
4352 297 237 
4353 126 66 
4354 396 316 
4355 126 66 
4356 294 154 
4357 99 79 
4358 693 553 
4359 693 553 
4360 168 88 
4361 396 316 
4362 594 474 
4363 396 316 
4364 693 553 
4365 891 711 
4366 336 176 
4367 693 553 
4368 198 158 
4369 210 110 
4370 294 154 
4371 252 132 
4372 495 395 
4373 252 132 
4374 378 198 
4375 252 132 
4376 168 88 
4377 126 66 
4378 495 395 
4379 294 154 
4380 198 158 
4381 297 237 
4382 693 553 
4383 297 237 
4384 336 176 
4385 126 66 
4386 210 110 
4387 495 395 
4388 198 158 
4389 336 176 
4390 99 79 
4391 336 176 
4392 252 132 
4393 792 632 
4394 198 158 
4395 99 79 
4396 198 158 
4397 42 22 
4398 693 553 
4399 99 79 
4400 336 176 
4401 378 198 
4402 336 176 
4403 99 79 
4404 84 44 
4405 336 176 
4406 792 632 
4407 495 395 
4408 126 66 
4409 294 154 
4410 396 316 
4411 210 110 
4412 693 553 
4413 198 158 
4414 168 88 
4415 210 110 
4416 891 711 
4417 198 158 
4418 84 44 
4419 792 632 
4420 594 474 
4421 396 316 
4422 378 198 
4423 198 158 
4424 378 198 
4425 495 395 
4426 495 395 
4427 594 474 
4428 495 395 
4429 126 66 
4430 198 158 
4431 252 132 
4432 210 110 
4433 168 88 
4434 495 395 
4435 420 220 
4436 792 632 
4437 378 198 
4438 495 395 
4439 252 132 
4440 495 395 
4441 99 79 
4442 495 395 
4443 792 632 
4444 990 790 
4445 252 132 
4446 198 158 
4447 336 176 
4448 168 88 
4449 168 88 
4450 594 474 
4451 126 66 
4452 42 22 
4453 495 395 
4454 297 237 
4455 210 110 
4456 168 88 
4457 990 790 
4458 891 711 
4459 378 198 
4460 198 158 
4461 297 237 
4462 990 790 
4463 294 154 
4464 198 158 
4465 378 198 
4466 294 154 
4467 126 66 
4468 420 220 
4469 693 553 
4470 594 474 
4471 294 154 
4472 378 198 
4473 198 158 
4474 792 632 
4475 891 711 
4476 495 395 
4477 891 711 
4478 693 553 
4479 420 220 
4480 198 158 
4481 168 88 
4482 336 176 
4483 891 711 
4484 84 44 
4485 693 553 
4486 198 158 
4487 210 110 
4488 792 632 
4489 990 790 
4490 168 88 
4491 126 66 
4492 378 198 
4493 84 44 
4494 252 132 
4495 198 158 
4496 168 88 
4497 126 66 
4498 891 711 
4499 42 22 
4500 84 44 
4501 420 220 
4502 594 474 
4503 396 316 
4504 420 220 
4505 168 88 
4506 891 711 
4507 792 632 
4508 42 22 
4509 378 198 
4510 693 553 
4511 693 553 
4512 693 553 
4513 210 110 
4514 99 79 
4515 198 158 
4516 336 176 
4517 336 176 
4518 891 711 
4519 297 237 
4520 891 711 
4521 792 632 
4522 594 474 
4523 126 66 
4524 126 66 
4525 252 132 
4526 693 553 
4527 198 158 
4528 168 88 
4529 294 154 
4530 594 474 
4531 168 88 
4532 252 132 
4533 990 790 
4534 336 176 
4535 495 395 
4536 42 22 
4537 252 132 
4538 297 237 
4539 792 632 
4540 99 79 
4541 420 220 
4542 990 790 
4543 252 132 
4544 792 632 
4545 420 220 
4546 198 158 
4547 792 632 
4548 252 132 
4549 990 790 
4550 84 44 
4551 990 790 
4552 84 44 
4553 891 711 
4554 252 132 
4555 297 237 
4556 42 22 
4557 594 474 
4558 210 110 
4559 294 154 
4560 297 237 
4561 594 474 
4562 252 132 
4563 126 66 
4564 495 395 
4565 891 711 
4566 891 711 
4567 594 474 
4568 378 198 
4569 84 44 
4570 252 132 
4571 42 22 
4572 378 198 
4573 210 110 
4574 396 316 
4575 792 632 
4576 42 22 
4577 495 395 
4578 210 110 
4579 198 158 
4580 297 237 
4581 126 66 
4582 594 474 
4583 198 158 
4584 990 790 
4585 792 632 
4586 84 44 
4587 210 110 
4588 294 154 
4589 84 44 
4590 396 316 
4591 297 237 
4592 396 316 
4593 99 79 
4594 693 553 
4595 495 395 
4596 297 237 
4597 495 395 
4598 99 79 
4599 198 158 
4600 84 44 
4601 693 553 
4602 252 132 
4603 792 632 
4604 594 474 
4605 693 553 
4606 252 132 
4607 693 553 
4608 168 88 
4609 99 79 
4610 396 316 
4611 294 154 
4612 378 198 
4613 42 22 
4614 294 154 
4615 99 79 
4616 198 158 
4617 420 220 
4618 495 395 
4619 168 88 
4620 420 220 
4621 336 176 
4622 792 632 
4623 891 711 
4624 210 110 
4625 126 66 
4626 891 711 
4627 792 632 
4628 126 66 
4629 792 632 
4630 99 79 
4631 990 790 
4632 126 66 
4633 495 395 
4634 84 44 
4635 336 176 
4636 792 632 
4637 168 88 
4638 336 176 
4639 297 237 
4640 594 474 
4641 210 110 
4642 126 66 
4643 891 711 
4644 297 237 
4645 420 220 
4646 84 44 
4647 495 395 
4648 297 237 
4649 168 88 
4650 42 22 
4651 891 711 
4652 594 474 
4653 126 66 
4654 495 395 
4655 84 44 
4656 126 66 
4657 294 154 
4658 126 66 
4659 42 22 
4660 84 44 
4661 84 44 
4662 84 44 
4663 891 711 
4664 294 154 
4665 297 237 
4666 84 44 
4667 297 237 
4668 210 110 
4669 126 66 
4670 336 176 
4671 99 79 
4672 42 22 
4673 336 176 
4674 891 711 
4675 294 154 
4676 42 22 
4677 792 632 
4678 396 316 
4679 210 110 
4680 297 237 
4681 495 395 
4682 792 632 
4683 990 790 
4684 84 44 
4685 891 711 
4686 420 220 
4687 792 632 
4688 297 237 
4689 396 316 
4690 378 198 
4691 420 220 
4692 990 790 
4693 378 198 
4694 198 158 
4695 594 474 
4696 42 22 
4697 792 632 
4698 198 158 
4699 792 632 
4700 396 316 
4701 198 158 
4702 294 154 
4703 99 79 
4704 336 176 
4705 198 158 
4706 126 66 
4707 252 132 
4708 495 395 
4709 168 88 
4710 252 132 
4711 168 88 
4712 495 395 
4713 168 88 
4714 297 237 
4715 990 790 
4716 990 790 
4717 126 66 
4718 792 632 
4719 891 711 
4720 42 22 
4721 294 154 
4722 891 711 
4723 693 553 
4724 378 198 
4725 891 711 
4726 396 316 
4727 420 220 
4728 792 632 
4729 42 22 
4730 495 395 
4731 126 66 
4732 294 154 
4733 42 22 
4734 990 790 
4735 891 711 
4736 42 22 
4737 294 154 
4738 990 790 
4739 168 88 
4740 792 632 
4741 990 790 
4742 990 790 
4743 396 316 
4744 990 790 
4745 252 132 
4746 420 220 
4747 336 176 
4748 126 66 
4749 168 88 
4750 378 198 
4751 990 790 
4752 336 176 
4753 990 790 
4754 792 632 
4755 990 790 
4756 990 790 
4757 42 22 
4758 495 395 
4759 99 79 
4760 792 632 
4761 126 66 
4762 210 110 
4763 252 132 
4764 99 79 
4765 294 154 
4766 297 237 
4767 252 132 
4768 126 66 
4769 198 158 
4770 84 44 
4771 420 220 
4772 168 88 
4773 297 237 
4774 297 237 
4775 297 237 
4776 495 395 
4777 99 79 
4778 210 110 
4779 198 158 
4780 168 88 
4781 198 158 
4782 990 790 
4783 297 237 
4784 990 790 
4785 396 316 
4786 168 88 
4787 126 66 
4788 99 79 
4789 210 110 
4790 891 711 
4791 420 220 
4792 594 474 
4793 126 66 
4794 168 88 
4795 252 132 
4796 693 553 
4797 594 474 
4798 297 237 
4799 42 22 
4800 42 22 
4801 420 220 
4802 891 711 
4803 198 158 
4804 168 88 
4805 210 110 
4806 990 790 
4807 594 474 
4808 891 711 
4809 336 176 
4810 792 632 
4811 990 790 
4812 495 395 
4813 336 176 
4814 297 237 
4815 693 553 
4816 891 711 
4817 495 395 
4818 378 198 
4819 336 176 
4820 420 220 
4821 990 790 
4822 99 79 
4823 99 79 
4824 210 110 
4825 198 158 
4826 297 237 
4827 396 316 
4828 990 790 
4829 126 66 
4830 126 66 
4831 396 316 
4832 891 711 
4833 990 790 
4834 378 198 
4835 420 220 
4836 891 711 
4837 126 66 
4838 378 198 
4839 693 553 
4840 84 44 
4841 99 79 
4842 792 632 
4843 42 22 
4844 336 176 
4845 126 66 
4846 891 711 
4847 990 790 
4848 420 220 
4849 168 88 
4850 42 22 
4851 792 632 
4852 42 22 
4853 792 632 
4854 336 176 
4855 168 88 
4856 252 132 
4857 99 79 
4858 594 474 
4859 99 79 
4860 693 553 
4861 594 474 
4862 990 790 
4863 378 198 
4864 336 176 
4865 126 66 
4866 891 711 
4867 396 316 
4868 594 474 
4869 693 553 
4870 297 237 
4871 594 474 
4872 378 198 
4873 126 66 
4874 42 22 
4875 198 158 
4876 396 316 
4877 378 198 
4878 42 22 
4879 336 176 
4880 84 44 
4881 297 237 
4882 99 79 
4883 990 790 
4884 168 88 
4885 168 88 
4886 84 44 
4887 396 316 
4888 168 88 
4889 378 198 
4890 294 154 
4891 693 553 
4892 198 158 
4893 126 66 
4894 297 237 
4895 495 395 
4896 495 395 
4897 210 110 
4898 495 395 
4899 792 632 
4900 252 132 
4901 594 474 
4902 495 395 
4903 336 176 
4904 210 110 
4905 594 474 
4906 42 22 
4907 891 711 
4908 126 66 
4909 396 316 
4910 336 176 
4911 396 316 
4912 99 79 
4913 210 110 
4914 792 632 
4915 210 110 
4916 891 711 
4917 792 632 
4918 198 158 
4919 495 395 
4920 297 237 
4921 693 553 
4922 126 66 
4923 252 132 
4924 336 176 
4925 252 132 
4926 792 632 
4927 252 132 
4928 294 154 
4929 198 158 
4930 42 22 
4931 792 632 
4932 693 553 
4933 297 237 
4934 396 316 
4935 420 220 
4936 891 711 
4937 297 237 
4938 99 79 
4939 210 110 
4940 294 154 
4941 792 632 
4942 210 110 
4943 891 711 
4944 252 132 
4945 294 154 
4946 297 237 
4947 210 110 
4948 693 553 
4949 594 474 
4950 297 237 
4951 792 632 
4952 990 790 
4953 336 176 
4954 198 158 
4955 294 154 
4956 294 154 
4957 42 22 
4958 210 110 
4959 990 790 
4960 294 154 
4961 891 711 
4962 198 158 
4963 297 237 
4964 420 220 
4965 990 790 
4966 420 220 
4967 252 132 
4968 594 474 
4969 210 110 
4970 693 553 
4971 378 198 
4972 168 88 
4973 891 711 
4974 792 632 
4975 378 198 
4976 84 44 
4977 792 632 
4978 420 220 
4979 252 132 
4980 336 176 
4981 252 132 
4982 99 79 
4983 594 474 
4984 336 176 
4985 693 553 
4986 792 632 
4987 378 198 
4988 891 711 
4989 252 132 
4990 495 395 
4991 990 790 
4992 84 44 
4993 126 66 
4994 168 88 
4995 84 44 
4996 99 79 
4997 210 110 
4998 891 711 
4999 168 88 
5000 891 711 
