npieces: 5000
capacity: 108462497
1 59851 55405 
2 60762 69721 
3 45541 43727 
4 84428 86840 
5 72061 79641 
6 49061 48823 
7 41356 49642 
8 76324 81945 
9 59262 55106 
10 19213 12855 
11 83979 87409 
12 18682 11736 
13 31005 31321 
14 50117 43913 
15 101435 96866 
16 58237 64794 
17 81017 87354 
18 62728 66357 
19 3303 10886 
20 59789 61979 
21 63542 60746 
22 68904 59325 
23 59766 55729 
24 72911 70260 
25 13068 3418 
26 39793 30845 
27 101150 98463 
28 23120 19477 
29 90076 82723 
30 31089 28652 
31 93480 84791 
32 81376 72297 
33 6731 9929 
34 82696 82650 
35 92316 99049 
36 24795 28822 
37 92217 84121 
38 39159 29650 
39 48809 57009 
40 22437 32316 
41 87984 81900 
42 41096 44887 
43 15175 6291 
44 50231 44147 
45 86552 86468 
46 83750 83752 
47 2261 5951 
48 51949 46031 
49 73902 67820 
50 46666 48733 
51 1 492 
52 68526 68861 
53 105254 98074 
54 20164 29545 
55 61399 70398 
56 87116 89573 
57 7227 4974 
58 6264 1112 
59 48168 48769 
60 66416 74887 
61 46541 40466 
62 14431 14608 
63 74644 65165 
64 1 4832 
65 31053 27193 
66 37785 45873 
67 14894 8162 
68 49498 58884 
69 74625 80897 
70 91596 86455 
71 56193 47915 
72 83909 86499 
73 12486 17459 
74 52242 45684 
75 75590 80637 
76 9519 6022 
77 82045 79296 
78 15769 23544 
79 71023 62294 
80 46610 40016 
81 10428 13027 
82 37908 29899 
83 58410 48672 
84 57671 53087 
85 54863 59715 
86 50652 54063 
87 76534 83469 
88 20432 23529 
89 70100 62991 
90 23486 24608 
91 81359 72762 
92 42306 34370 
93 56565 52706 
94 25544 30805 
95 59911 63053 
96 53218 55954 
97 8557 14814 
98 78860 88446 
99 46911 43353 
100 47903 42049 
101 72370 78738 
102 25034 24645 
103 15266 19319 
104 102848 97005 
105 60045 58998 
106 89013 90159 
107 8071 10380 
108 40965 40816 
109 67266 77260 
110 43690 37306 
111 81920 75016 
112 36451 35708 
113 20733 11870 
114 26223 35486 
115 61852 53666 
116 31146 32288 
117 59497 58756 
118 18991 25166 
119 5735 3486 
120 58541 53314 
121 28080 27613 
122 101215 95382 
123 90251 97545 
124 97834 94180 
125 38485 46354 
126 20057 11228 
127 81043 74393 
128 543 8129 
129 104524 97816 
130 32329 37792 
131 64372 71023 
132 53161 53614 
133 66973 71436 
134 59644 51517 
135 62021 65078 
136 65228 62587 
137 18249 13014 
138 35829 27912 
139 85631 93251 
140 48979 55697 
141 6234 15272 
142 45670 52846 
143 79069 76372 
144 52246 58260 
145 15811 24670 
146 64505 64215 
147 27802 27443 
148 1 1536 
149 97809 90398 
150 69853 73927 
151 85079 87730 
152 89660 90254 
153 7414 7543 
154 9943 19289 
155 78874 72015 
156 91723 87565 
157 96105 91779 
158 27453 28484 
159 61524 70703 
160 79363 70026 
161 81975 82598 
162 35869 32312 
163 27918 30499 
164 83947 76651 
165 92684 87918 
166 38405 45919 
167 14958 19208 
168 41392 40973 
169 57754 47891 
170 28695 22526 
171 99473 96000 
172 36206 31275 
173 35595 36342 
174 45401 51891 
175 74021 68124 
176 82447 79512 
177 82771 77251 
178 23665 26838 
179 41288 37331 
180 42399 40833 
181 48152 42992 
182 73460 82554 
183 30544 28169 
184 60151 63949 
185 94879 99934 
186 50401 50698 
187 43464 48075 
188 1 4478 
189 5593 2485 
190 79508 85678 
191 49812 42863 
192 21353 11472 
193 5009 11945 
194 47107 52069 
195 50195 52950 
196 1 3127 
197 20390 13273 
198 94068 96939 
199 57048 49932 
200 60287 65218 
201 77245 68364 
202 24735 16498 
203 1 9124 
204 27037 18588 
205 25939 17588 
206 80990 88298 
207 7868 6109 
208 98530 93735 
209 96677 87564 
210 64430 70458 
211 78075 83969 
212 66309 75265 
213 26875 30940 
214 699 358 
215 24900 24675 
216 65967 64960 
217 72437 74833 
218 22818 32809 
219 31179 28990 
220 45105 49495 
221 10862 5703 
222 90457 81082 
223 65816 59194 
224 39869 36593 
225 61130 68929 
226 18505 24169 
227 91366 83912 
228 20152 20402 
229 75155 82572 
230 41491 48096 
231 45360 44770 
232 73755 78139 
233 23229 28194 
234 39036 30595 
235 9769 8974 
236 17850 25253 
237 59434 50818 
238 101488 95410 
239 47417 55738 
240 89455 88194 
241 46947 52538 
242 42621 44836 
243 51377 52062 
244 80326 73376 
245 20703 12959 
246 16396 14284 
247 84980 94559 
248 93166 91111 
249 20281 14193 
250 23322 23349 
251 75134 76072 
252 41278 37944 
253 80438 83898 
254 17068 7239 
255 13227 16464 
256 54987 60590 
257 81557 88205 
258 54375 46209 
259 96659 93080 
260 46205 54174 
261 75364 76424 
262 84797 77854 
263 21460 13708 
264 20440 25080 
265 63146 60916 
266 48225 52371 
267 93224 88895 
268 10716 3333 
269 46863 44962 
270 36396 31628 
271 2737 145 
272 62087 60712 
273 45362 49229 
274 23247 19476 
275 93336 95562 
276 73117 67391 
277 104906 99516 
278 71679 73995 
279 63586 71262 
280 62756 66593 
281 60131 54494 
282 55214 62255 
283 86721 82504 
284 42040 44704 
285 21782 19885 
286 47328 41110 
287 68728 76272 
288 89494 92006 
289 17375 21870 
290 73997 64304 
291 78347 87719 
292 97064 98681 
293 15387 22029 
294 63330 69287 
295 61876 63272 
296 68120 64760 
297 55195 50691 
298 89915 93695 
299 16887 12215 
300 24041 26365 
301 35142 32113 
302 26321 27704 
303 79052 72099 
304 17149 13818 
305 32936 28900 
306 90576 87977 
307 56953 62948 
308 84385 93406 
309 21493 14801 
310 67071 71524 
311 92908 88415 
312 24900 30095 
313 60802 67575 
314 28329 37303 
315 93469 87263 
316 50733 42159 
317 83003 80162 
318 37696 35942 
319 44230 54107 
320 67673 67674 
321 40693 39747 
322 49395 56596 
323 48305 47925 
324 47068 50531 
325 32364 30554 
326 24086 30520 
327 87575 94359 
328 51031 51036 
329 68038 74063 
330 3612 4746 
331 76287 68853 
332 12945 4588 
333 84850 77202 
334 38569 41429 
335 78576 85743 
336 39241 32376 
337 43429 45536 
338 23419 30724 
339 38344 42477 
340 79704 84253 
341 65522 60446 
342 15333 22647 
343 56099 54947 
344 15621 10193 
345 51473 45085 
346 69892 60908 
347 4673 9005 
348 30972 23527 
349 78396 69142 
350 67601 67704 
351 95372 99441 
352 42957 42217 
353 81631 71661 
354 33224 36749 
355 14303 16449 
356 33798 29790 
357 68314 74608 
358 2319 8116 
359 77179 67192 
360 14429 20163 
361 64041 59799 
362 36256 40658 
363 1 2842 
364 39279 34611 
365 79089 74915 
366 67841 63108 
367 24324 28566 
368 86766 84961 
369 699 6208 
370 92487 91876 
371 47305 45637 
372 56267 53403 
373 95445 86629 
374 90358 90243 
375 51194 46377 
376 70374 73542 
377 2686 2896 
378 67794 77583 
379 24853 16273 
380 88831 82630 
381 48001 52428 
382 67601 68780 
383 82780 75665 
384 48927 48468 
385 63232 65900 
386 89819 93756 
387 98391 90252 
388 65504 55623 
389 1 143 
390 75241 82041 
391 15519 6380 
392 91565 98030 
393 48857 56124 
394 22368 15447 
395 65726 59813 
396 47014 40114 
397 89073 86725 
398 70845 61125 
399 64617 67671 
400 11775 10614 
401 89628 92357 
402 6710 16586 
403 93913 92331 
404 56669 62360 
405 89370 97603 
406 92897 89257 
407 55113 54451 
408 77381 74799 
409 69929 76559 
410 24198 31615 
411 58890 54156 
412 49435 46348 
413 71340 71106 
414 19680 18114 
415 57900 65660 
416 89266 79739 
417 42661 38720 
418 87702 88193 
419 43156 52149 
420 17108 9217 
421 61080 60214 
422 39614 35336 
423 84193 91346 
424 87342 94653 
425 59230 66973 
426 32678 28730 
427 57061 58231 
428 93100 97929 
429 38359 45047 
430 75340 80183 
431 92482 98036 
432 17814 27447 
433 1 1039 
434 14793 22646 
435 68777 70752 
436 58655 62742 
437 106922 97339 
438 76939 68233 
439 64688 54847 
440 92541 95692 
441 104262 98363 
442 20424 18237 
443 27859 23613 
444 70795 61627 
445 14686 23192 
446 97129 98489 
447 86707 77202 
448 87996 90174 
449 36866 41928 
450 77586 84796 
451 4287 6078 
452 1 2186 
453 5364 5190 
454 34220 27392 
455 79942 70507 
456 26508 20527 
457 99411 91868 
458 43671 43227 
459 35459 44112 
460 91701 85975 
461 102415 97498 
462 41075 45051 
463 65582 59786 
464 31917 28515 
465 1482 8029 
466 33775 26695 
467 78276 80739 
468 83429 89139 
469 13923 4171 
470 47209 41634 
471 84954 80397 
472 57246 55004 
473 9493 18259 
474 74347 73001 
475 54808 48069 
476 36257 37040 
477 40399 34224 
478 69844 61201 
479 78490 88466 
480 38802 37084 
481 27545 21508 
482 79475 88652 
483 53741 48676 
484 53595 63075 
485 88168 89150 
486 94293 87202 
487 2671 9879 
488 40832 39301 
489 56854 56822 
490 22079 20602 
491 29014 36784 
492 74244 83868 
493 49815 54766 
494 27762 33328 
495 84641 77340 
496 48768 48603 
497 2490 1840 
498 79231 74046 
499 1 885 
500 11014 8431 
501 66912 70964 
502 79034 76725 
503 85975 81566 
504 15963 22176 
505 52261 57336 
506 40708 33954 
507 19948 12804 
508 96059 87982 
509 68287 66056 
510 90299 92460 
511 5215 13501 
512 941 4885 
513 76991 76085 
514 29234 19601 
515 87529 79082 
516 65803 63947 
517 1 1919 
518 38415 42926 
519 16648 14486 
520 65084 58655 
521 4473 10510 
522 20590 24438 
523 8370 9077 
524 62223 62681 
525 95070 91154 
526 13428 21015 
527 68669 67560 
528 91186 85567 
529 92454 86760 
530 42108 41306 
531 84687 75606 
532 20706 21771 
533 67954 74293 
534 20473 18658 
535 6491 6898 
536 80799 83575 
537 63559 68682 
538 28467 21897 
539 73113 71481 
540 69956 69107 
541 69008 61984 
542 41436 36231 
543 59634 54962 
544 63114 72907 
545 47181 55483 
546 25125 24845 
547 68403 63278 
548 88319 83299 
549 31370 35529 
550 84276 93443 
551 77185 86087 
552 1 8444 
553 68918 62402 
554 77797 79664 
555 100012 91266 
556 30253 29262 
557 10580 1575 
558 96079 97104 
559 1883 4367 
560 59823 57998 
561 90483 93284 
562 88817 91676 
563 10152 5829 
564 63838 55719 
565 55316 60079 
566 85713 86472 
567 40421 39912 
568 7527 16162 
569 14981 16328 
570 19271 9790 
571 7685 11013 
572 9679 12288 
573 28111 30073 
574 7488 2469 
575 101739 95058 
576 26788 32092 
577 52078 48438 
578 83778 76926 
579 92441 85712 
580 38634 39883 
581 96774 88891 
582 72486 77858 
583 1 2762 
584 62602 57053 
585 35462 40882 
586 86041 84647 
587 45202 44021 
588 30037 21339 
589 63936 62156 
590 1 26 
591 75173 68720 
592 73377 68392 
593 64464 72037 
594 51406 50212 
595 88109 94243 
596 3031 6050 
597 59327 58242 
598 79948 89063 
599 78142 70433 
600 48493 46529 
601 56194 61587 
602 98764 97664 
603 10086 18151 
604 19053 17236 
605 71859 62803 
606 40743 48132 
607 54139 57405 
608 62156 58152 
609 43908 35557 
610 98866 95460 
611 93002 88177 
612 78399 81090 
613 78206 77974 
614 12436 21579 
615 94018 85761 
616 105558 96769 
617 14833 20384 
618 6441 12444 
619 12590 18639 
620 36582 28255 
621 77247 76226 
622 74811 75958 
623 59267 55052 
624 4537 2639 
625 32540 29674 
626 27013 19186 
627 66559 61455 
628 22587 19774 
629 44780 51917 
630 61341 63009 
631 19444 22365 
632 71670 80851 
633 2609 171 
634 7223 3728 
635 91554 84289 
636 67948 63984 
637 35041 29518 
638 29774 27237 
639 26750 21554 
640 72648 73872 
641 84121 86153 
642 23473 19648 
643 66115 63249 
644 3407 7657 
645 89241 80410 
646 29059 33181 
647 72505 69962 
648 26232 34665 
649 40441 37673 
650 50355 48367 
651 1706 6416 
652 80514 78843 
653 58978 60393 
654 68515 71556 
655 87398 79426 
656 33872 35009 
657 104932 97332 
658 65306 62469 
659 20705 16715 
660 88006 97112 
661 42377 35825 
662 17184 14004 
663 4485 1435 
664 10985 5753 
665 1 6703 
666 58424 64749 
667 32778 30224 
668 71346 78036 
669 51722 54249 
670 65216 62759 
671 19340 26674 
672 13131 11252 
673 13934 22209 
674 63842 71826 
675 2363 400 
676 31702 38463 
677 11803 5734 
678 71084 72185 
679 73825 77957 
680 63529 72629 
681 25034 28112 
682 92093 98463 
683 50714 57047 
684 43913 34798 
685 20166 17888 
686 48630 50435 
687 76322 76852 
688 75744 69470 
689 7949 8355 
690 16231 9885 
691 85554 81300 
692 83409 82643 
693 6559 9069 
694 52396 61920 
695 16930 13852 
696 87516 78322 
697 12862 13664 
698 27966 21816 
699 58204 52791 
700 37695 35615 
701 56813 66340 
702 1 5803 
703 54495 62492 
704 22991 15635 
705 65036 69614 
706 81548 88154 
707 26445 23149 
708 28861 26118 
709 50905 47227 
710 9718 5982 
711 27230 34227 
712 51 3588 
713 35118 34707 
714 10737 1613 
715 77322 69829 
716 66085 71321 
717 36034 29992 
718 19991 13268 
719 9967 18559 
720 56409 51912 
721 70514 75862 
722 1 1660 
723 91445 84717 
724 84592 76396 
725 98387 91683 
726 23100 24070 
727 44789 39519 
728 75342 66911 
729 48109 46781 
730 33129 42417 
731 7479 9684 
732 64444 70642 
733 77726 71040 
734 76667 82033 
735 34832 29265 
736 77726 84271 
737 47023 49488 
738 98457 91287 
739 53349 58760 
740 22625 28987 
741 46913 43032 
742 75253 70381 
743 92458 97396 
744 37534 33367 
745 70487 67955 
746 60668 65368 
747 20501 19289 
748 37453 46908 
749 242 5793 
750 88985 86902 
751 25229 34790 
752 66734 71516 
753 36317 26766 
754 24612 18239 
755 86380 80852 
756 106060 97638 
757 50476 42896 
758 9516 3974 
759 46307 41573 
760 78757 82976 
761 71255 80392 
762 23577 15319 
763 1 6024 
764 80370 87212 
765 94466 89117 
766 1927 10904 
767 90204 88785 
768 93753 94021 
769 55441 54886 
770 85219 79242 
771 41744 49923 
772 47423 54145 
773 47179 55358 
774 43746 50118 
775 27641 30695 
776 10176 4270 
777 46657 38479 
778 26580 17985 
779 56335 55508 
780 60055 56630 
781 95461 99082 
782 74451 69930 
783 7121 6599 
784 99468 96573 
785 14674 6699 
786 24471 15625 
787 7139 457 
788 53460 56031 
789 17514 19511 
790 61552 63616 
791 46660 48718 
792 104057 98293 
793 81317 80062 
794 62121 65419 
795 75900 70066 
796 98458 92046 
797 72911 71163 
798 51451 57441 
799 101308 98875 
800 39580 49047 
801 23723 14769 
802 80567 87058 
803 26967 35452 
804 92251 85686 
805 88781 87885 
806 36372 30280 
807 55099 61582 
808 75660 73224 
809 75645 78824 
810 15283 18792 
811 28096 22518 
812 97222 94696 
813 56490 65348 
814 78821 81872 
815 104822 95875 
816 33382 34025 
817 14101 21260 
818 78840 80664 
819 24717 27374 
820 64289 57240 
821 18525 19638 
822 1 4979 
823 53095 55642 
824 12276 16733 
825 80675 83426 
826 36771 39501 
827 61725 67123 
828 89724 81496 
829 22016 13625 
830 4051 11531 
831 34678 38929 
832 43145 50341 
833 106727 98064 
834 12546 4912 
835 1 19 
836 29821 20442 
837 67340 57732 
838 14231 20532 
839 57181 59430 
840 85038 93542 
841 37948 32382 
842 47677 53932 
843 28902 31262 
844 27699 33202 
845 5598 4142 
846 10181 14087 
847 91316 97209 
848 14957 8993 
849 97173 99122 
850 19885 22669 
851 32119 41889 
852 79422 81328 
853 79183 81005 
854 71849 67776 
855 94863 98119 
856 91888 84248 
857 90645 84625 
858 80370 79260 
859 108544 98858 
860 75602 66761 
861 34750 27512 
862 41033 48824 
863 94848 86224 
864 68657 66991 
865 88044 84868 
866 79372 79715 
867 63109 65866 
868 73176 70831 
869 1 3748 
870 31750 30122 
871 1 2385 
872 80706 85831 
873 106206 98768 
874 38861 35726 
875 10098 5357 
876 1 8275 
877 52119 57897 
878 14961 6320 
879 51015 58794 
880 71603 80612 
881 38788 42396 
882 7184 7015 
883 79977 87842 
884 18831 13833 
885 77171 84766 
886 93129 85510 
887 4677 11608 
888 17854 18823 
889 92290 89678 
890 25093 32537 
891 61822 59033 
892 20655 19074 
893 74214 65431 
894 57547 49957 
895 81878 83290 
896 60506 65780 
897 4669 12333 
898 87652 89517 
899 55000 49758 
900 24941 26034 
901 1 301 
902 39130 33929 
903 65318 66063 
904 63683 61580 
905 23700 17407 
906 29316 25774 
907 14384 10338 
908 51324 58892 
909 80013 79765 
910 55142 55787 
911 71689 76118 
912 75007 79731 
913 27704 29675 
914 47297 53991 
915 43578 43346 
916 72907 82336 
917 52339 44678 
918 36901 41382 
919 63068 62635 
920 23413 27690 
921 94963 91799 
922 12270 17219 
923 82567 74621 
924 325 2147 
925 13303 15767 
926 79986 70581 
927 57203 56047 
928 53020 56981 
929 29528 20394 
930 19684 23403 
931 6514 12882 
932 55292 45734 
933 58402 58334 
934 40374 40242 
935 55831 46688 
936 20996 17653 
937 59814 52843 
938 32945 41547 
939 21522 24894 
940 13394 3900 
941 6837 5074 
942 25306 33655 
943 8776 3740 
944 84887 84814 
945 18059 10111 
946 87279 77741 
947 83044 76881 
948 60422 63959 
949 70947 69096 
950 78534 82528 
951 22709 18401 
952 85869 80993 
953 78731 70477 
954 26388 25243 
955 35509 36089 
956 51044 59179 
957 1611 2360 
958 12491 18758 
959 47463 39343 
960 20825 14833 
961 88216 90428 
962 36179 28544 
963 13909 10564 
964 48534 46761 
965 88797 95448 
966 89788 80388 
967 71515 75267 
968 52466 52641 
969 18489 20147 
970 45819 54022 
971 89461 81121 
972 43110 39012 
973 79077 81118 
974 27668 21493 
975 36830 41757 
976 78936 83220 
977 81012 80983 
978 93879 98008 
979 54768 61726 
980 95507 94574 
981 62847 59266 
982 83651 85043 
983 71799 69050 
984 64126 68939 
985 21804 24976 
986 61543 61025 
987 39367 31275 
988 26273 21723 
989 11746 6041 
990 13857 17752 
991 44115 53273 
992 24464 32457 
993 73044 65507 
994 100816 99210 
995 99562 98453 
996 23528 22300 
997 72845 80666 
998 5009 1984 
999 86893 82553 
1000 11779 3185 
1001 45196 44760 
1002 31174 37983 
1003 1 6506 
1004 14314 21060 
1005 6790 11260 
1006 74943 84036 
1007 94961 89400 
1008 47732 39878 
1009 2875 5364 
1010 54354 51721 
1011 50773 55642 
1012 75426 85413 
1013 29714 29493 
1014 18643 26400 
1015 22660 20853 
1016 25609 17289 
1017 52639 62399 
1018 29265 19988 
1019 35739 31956 
1020 90739 87570 
1021 6875 4251 
1022 46223 56077 
1023 89866 86894 
1024 1 509 
1025 27838 28990 
1026 27670 32938 
1027 79459 76900 
1028 26798 35774 
1029 12150 11749 
1030 92008 84038 
1031 65691 71393 
1032 77553 83909 
1033 45918 47961 
1034 51330 58645 
1035 100735 91546 
1036 73536 75995 
1037 61589 59242 
1038 17531 14757 
1039 43880 38734 
1040 49736 49443 
1041 58975 66101 
1042 59192 62912 
1043 19955 24421 
1044 50511 59643 
1045 37748 45376 
1046 62295 57702 
1047 61860 62194 
1048 97972 88218 
1049 67825 74906 
1050 53473 52469 
1051 14725 22387 
1052 34176 36849 
1053 62755 68990 
1054 87533 93986 
1055 62901 67309 
1056 10936 3916 
1057 69214 70382 
1058 33772 43135 
1059 91584 86130 
1060 37584 32816 
1061 8068 1785 
1062 58671 53781 
1063 30087 23516 
1064 66261 67452 
1065 67386 62999 
1066 20123 14728 
1067 65182 57201 
1068 22932 23082 
1069 15628 20649 
1070 12472 17752 
1071 67352 70079 
1072 105224 95852 
1073 40437 41660 
1074 69015 63420 
1075 52211 47038 
1076 18182 23377 
1077 72565 71332 
1078 86113 85222 
1079 65352 63987 
1080 16086 17503 
1081 30292 36899 
1082 1 419 
1083 79551 74857 
1084 90117 86328 
1085 14372 13665 
1086 52534 55354 
1087 78839 83319 
1088 17346 7767 
1089 20440 18322 
1090 7438 8010 
1091 69576 76095 
1092 16249 26034 
1093 8004 14677 
1094 10117 12782 
1095 4186 13706 
1096 29831 31639 
1097 20693 13330 
1098 300 1498 
1099 41527 46094 
1100 59108 57424 
1101 106419 99865 
1102 77240 76892 
1103 75409 71178 
1104 51980 48193 
1105 14355 18278 
1106 94149 86398 
1107 11637 11846 
1108 4591 13254 
1109 70775 67009 
1110 10510 19072 
1111 25203 20182 
1112 80560 75448 
1113 26428 22168 
1114 79773 70432 
1115 78214 70997 
1116 40989 47334 
1117 25609 32869 
1118 94770 90451 
1119 28355 30924 
1120 20259 14110 
1121 68349 66508 
1122 67294 74059 
1123 86835 78058 
1124 6593 16099 
1125 78391 77210 
1126 34228 26416 
1127 65858 74762 
1128 55104 46741 
1129 50015 54217 
1130 1772 10121 
1131 90219 99090 
1132 39143 34222 
1133 65550 74297 
1134 52243 46834 
1135 50508 41744 
1136 58453 60193 
1137 54715 56694 
1138 14233 14373 
1139 1052 29 
1140 43642 41979 
1141 32073 40150 
1142 69780 60083 
1143 7826 8251 
1144 69204 64132 
1145 46804 42905 
1146 1649 10377 
1147 80250 86456 
1148 82053 87292 
1149 46558 41993 
1150 35856 44238 
1151 100330 95147 
1152 62508 55072 
1153 25689 32153 
1154 44286 46817 
1155 78113 81684 
1156 74450 67396 
1157 34356 40008 
1158 17223 8156 
1159 1 2557 
1160 79872 82712 
1161 30976 23613 
1162 37817 32533 
1163 30254 37373 
1164 76252 74884 
1165 89683 96809 
1166 39310 31290 
1167 46258 52561 
1168 67816 58861 
1169 69372 64362 
1170 16102 12690 
1171 62010 54434 
1172 27880 36784 
1173 80843 88612 
1174 68891 75840 
1175 83750 85988 
1176 1 36 
1177 35304 43271 
1178 78640 75201 
1179 1 1202 
1180 37851 29466 
1181 34915 40590 
1182 37372 44618 
1183 27483 19125 
1184 12419 7838 
1185 7217 5500 
1186 94177 87117 
1187 26068 32092 
1188 88854 87284 
1189 69832 78590 
1190 50813 52754 
1191 7241 13763 
1192 28270 21917 
1193 22788 13005 
1194 28739 20864 
1195 79981 82734 
1196 98098 93106 
1197 46892 50827 
1198 53812 46675 
1199 55954 59148 
1200 6266 2149 
1201 78970 85763 
1202 5602 3045 
1203 60240 55798 
1204 90818 94084 
1205 101204 93162 
1206 18802 11143 
1207 24348 28398 
1208 66099 71351 
1209 28861 29282 
1210 96334 96326 
1211 61353 62499 
1212 43476 39967 
1213 72019 77460 
1214 80381 77960 
1215 50275 45993 
1216 68353 64183 
1217 86827 84691 
1218 58861 58126 
1219 35507 30531 
1220 17991 27220 
1221 22439 16285 
1222 28265 27762 
1223 3154 9083 
1224 46202 39015 
1225 21933 21754 
1226 12587 15880 
1227 12691 12293 
1228 28621 26455 
1229 55584 59997 
1230 46162 44094 
1231 72289 69986 
1232 2596 7528 
1233 54043 49152 
1234 48004 38749 
1235 89797 82456 
1236 84146 76120 
1237 41350 50378 
1238 34078 40455 
1239 105450 99036 
1240 79835 78783 
1241 82023 85962 
1242 12741 3737 
1243 15169 18794 
1244 73318 69324 
1245 74282 72186 
1246 10940 2824 
1247 54911 46152 
1248 86649 85388 
1249 26147 16158 
1250 104822 98021 
1251 74581 75145 
1252 54988 54788 
1253 62823 65220 
1254 98014 97595 
1255 86918 89158 
1256 84071 90099 
1257 14714 6244 
1258 52271 48237 
1259 84912 87908 
1260 41584 36979 
1261 53715 54303 
1262 91271 98458 
1263 6281 114 
1264 55800 53367 
1265 1 578 
1266 86350 85499 
1267 86918 95689 
1268 6294 7436 
1269 83540 74561 
1270 54599 52897 
1271 36418 45068 
1272 44251 51033 
1273 29642 34590 
1274 29976 37209 
1275 95831 89927 
1276 98877 97665 
1277 52387 56641 
1278 82210 83657 
1279 57725 66386 
1280 18914 13597 
1281 74205 71326 
1282 67667 59794 
1283 54096 52525 
1284 93089 94756 
1285 46010 40116 
1286 44507 40525 
1287 6682 8675 
1288 82894 85348 
1289 7075 8747 
1290 25148 25104 
1291 33050 36361 
1292 59733 68264 
1293 93081 86963 
1294 3385 3112 
1295 104033 99421 
1296 8178 16626 
1297 77610 74216 
1298 62628 56702 
1299 71729 73961 
1300 54942 62399 
1301 76997 72466 
1302 36372 44628 
1303 96454 94079 
1304 57005 62024 
1305 31854 40734 
1306 19941 12103 
1307 74992 77436 
1308 29865 34461 
1309 43430 52808 
1310 9793 13644 
1311 89356 82599 
1312 23201 19497 
1313 63797 61523 
1314 1 5620 
1315 92921 85712 
1316 59171 59283 
1317 74136 75693 
1318 47762 49162 
1319 43428 35987 
1320 90505 83512 
1321 54147 62862 
1322 48797 40529 
1323 75588 69652 
1324 76829 71508 
1325 44044 40470 
1326 28695 35368 
1327 106074 97123 
1328 62629 63224 
1329 8002 915 
1330 1 1479 
1331 53527 56439 
1332 64012 70802 
1333 92750 87035 
1334 18427 14849 
1335 52530 56372 
1336 33753 35370 
1337 90816 95084 
1338 85556 86882 
1339 72842 76583 
1340 30976 38240 
1341 45121 39761 
1342 71600 71984 
1343 91418 90758 
1344 29796 39153 
1345 18183 23805 
1346 71268 74028 
1347 49067 53106 
1348 55726 49041 
1349 54322 47694 
1350 3519 3728 
1351 83312 79862 
1352 75649 75568 
1353 1 685 
1354 10404 20239 
1355 50635 57959 
1356 95980 86167 
1357 48980 54507 
1358 75188 76601 
1359 11432 4579 
1360 91618 94857 
1361 79664 71299 
1362 72320 81814 
1363 9822 2708 
1364 98909 96260 
1365 53153 46652 
1366 101710 98120 
1367 80173 81836 
1368 46895 54367 
1369 74974 65190 
1370 31140 38027 
1371 88779 93896 
1372 29081 25452 
1373 98451 91545 
1374 49292 55863 
1375 3198 1455 
1376 19763 10677 
1377 69901 61339 
1378 57345 67034 
1379 86741 92754 
1380 65947 74303 
1381 86050 83064 
1382 71158 65311 
1383 80786 74571 
1384 58035 53740 
1385 43632 47241 
1386 45664 55595 
1387 16999 8095 
1388 15593 7858 
1389 83988 88272 
1390 42808 52316 
1391 44399 52542 
1392 22756 15783 
1393 73591 69784 
1394 69519 69675 
1395 72749 78111 
1396 10555 1878 
1397 51577 50711 
1398 7328 2184 
1399 49264 53127 
1400 49603 59241 
1401 81404 83532 
1402 73613 69378 
1403 1 1024 
1404 58702 64703 
1405 21286 16803 
1406 30450 30494 
1407 64579 72675 
1408 28544 38420 
1409 71824 69166 
1410 58936 55357 
1411 69016 63089 
1412 58533 63293 
1413 37903 39147 
1414 5277 7320 
1415 74027 66707 
1416 1 2379 
1417 43700 53122 
1418 7529 8453 
1419 67252 76415 
1420 50864 45413 
1421 15492 24806 
1422 52326 43121 
1423 8861 1204 
1424 20950 19568 
1425 75711 77617 
1426 44660 47749 
1427 12246 4346 
1428 93669 84936 
1429 99474 93385 
1430 7455 16706 
1431 58787 49764 
1432 20868 15302 
1433 36102 41087 
1434 70487 77927 
1435 55028 61391 
1436 104159 94745 
1437 83565 89421 
1438 48075 50088 
1439 63925 62530 
1440 74480 71471 
1441 93231 83701 
1442 64926 60214 
1443 55625 56334 
1444 77395 76043 
1445 34104 37446 
1446 44734 50555 
1447 9940 7502 
1448 53835 59757 
1449 91250 81688 
1450 83899 86940 
1451 33435 40037 
1452 46041 46959 
1453 29813 24204 
1454 32751 33911 
1455 54496 53860 
1456 25904 15940 
1457 55280 48718 
1458 108849 99332 
1459 94743 86626 
1460 46890 51673 
1461 81079 74677 
1462 97690 91030 
1463 28656 34084 
1464 66516 66486 
1465 33797 33567 
1466 45939 55929 
1467 99206 93173 
1468 35290 25947 
1469 19155 13623 
1470 59731 51603 
1471 9079 1964 
1472 72171 73189 
1473 10445 17617 
1474 14187 16708 
1475 92974 84714 
1476 45190 38216 
1477 43334 35594 
1478 61780 69191 
1479 4576 14171 
1480 101263 99828 
1481 14102 16234 
1482 13144 6609 
1483 60878 69810 
1484 36770 45969 
1485 8717 2467 
1486 43827 50319 
1487 1976 6895 
1488 24539 24773 
1489 46564 40081 
1490 78943 83594 
1491 63543 57050 
1492 68326 61098 
1493 28899 33305 
1494 91875 84739 
1495 50407 40806 
1496 54796 63578 
1497 102149 96812 
1498 40151 47576 
1499 18537 17649 
1500 6997 101 
1501 48911 45507 
1502 5765 1183 
1503 84708 74848 
1504 29541 28951 
1505 90696 83874 
1506 10613 11912 
1507 41399 33797 
1508 29190 29493 
1509 96551 86582 
1510 75087 84029 
1511 45697 36762 
1512 34510 35838 
1513 39976 38073 
1514 22543 26275 
1515 65853 74181 
1516 39895 49291 
1517 36885 28427 
1518 89899 98776 
1519 74795 72564 
1520 87497 93808 
1521 69483 76600 
1522 100017 99988 
1523 18066 25344 
1524 46065 39707 
1525 66343 64982 
1526 46605 54538 
1527 63153 53867 
1528 50996 43218 
1529 53712 62149 
1530 101616 92934 
1531 1 483 
1532 77210 68311 
1533 95045 99951 
1534 22583 27854 
1535 21564 16159 
1536 43603 37381 
1537 14326 21479 
1538 5253 8322 
1539 32061 25118 
1540 46765 40977 
1541 80800 85259 
1542 87311 77597 
1543 62711 63213 
1544 98181 94859 
1545 26213 26468 
1546 1 52 
1547 39432 30335 
1548 16358 6780 
1549 1 7939 
1550 61279 61139 
1551 52034 54452 
1552 38540 36360 
1553 73601 74243 
1554 14907 23589 
1555 38993 47700 
1556 83330 85355 
1557 28200 29835 
1558 29658 30283 
1559 41683 37811 
1560 27762 28765 
1561 96675 99019 
1562 2649 10081 
1563 9821 7309 
1564 4333 7088 
1565 36553 30331 
1566 19733 28125 
1567 55999 64712 
1568 69431 78158 
1569 42040 44993 
1570 41383 40113 
1571 45715 44054 
1572 14270 7293 
1573 39855 34793 
1574 22954 29222 
1575 12124 9778 
1576 45727 44988 
1577 24007 27596 
1578 14044 5953 
1579 82170 88128 
1580 65427 55621 
1581 91652 91820 
1582 36540 43872 
1583 46579 44783 
1584 81449 88971 
1585 38498 46707 
1586 91884 93083 
1587 17495 19352 
1588 71737 72859 
1589 40316 30745 
1590 32500 25445 
1591 15162 5501 
1592 1 3964 
1593 54670 61213 
1594 33044 29929 
1595 35390 35885 
1596 74895 72657 
1597 51079 44552 
1598 17525 27055 
1599 1753 3164 
1600 82335 77779 
1601 46781 46703 
1602 1638 11126 
1603 59632 60621 
1604 21166 22169 
1605 30102 36879 
1606 35268 37369 
1607 44813 51562 
1608 15072 11697 
1609 14451 12657 
1610 1042 5165 
1611 52826 43047 
1612 56300 51910 
1613 78641 83621 
1614 54058 63550 
1615 62805 58052 
1616 75595 74586 
1617 25616 19464 
1618 21982 20631 
1619 48781 52522 
1620 30269 32394 
1621 44352 44352 
1622 76194 71320 
1623 99632 93226 
1624 52147 53743 
1625 44103 40508 
1626 10664 20191 
1627 55754 48099 
1628 8847 7929 
1629 62771 59286 
1630 5600 6434 
1631 72548 70811 
1632 73279 68243 
1633 30666 35122 
1634 8086 16593 
1635 58443 50114 
1636 33643 43172 
1637 66324 65438 
1638 87561 96534 
1639 14284 20180 
1640 105889 97802 
1641 38779 39602 
1642 41084 45174 
1643 91184 96437 
1644 1 3966 
1645 72936 73039 
1646 1810 5166 
1647 49806 53812 
1648 56306 52980 
1649 14345 12834 
1650 80137 72632 
1651 34596 25290 
1652 39375 31513 
1653 46022 41215 
1654 31903 38502 
1655 59679 68346 
1656 95302 96053 
1657 78397 69191 
1658 36146 45667 
1659 83132 93008 
1660 30585 22281 
1661 838 6884 
1662 97388 89431 
1663 43844 45412 
1664 24450 29232 
1665 87396 97226 
1666 40940 32001 
1667 10751 2902 
1668 82625 85599 
1669 44047 47702 
1670 86043 95996 
1671 100995 94353 
1672 29270 23398 
1673 83141 85776 
1674 71717 79100 
1675 49219 53929 
1676 93129 96686 
1677 1 1866 
1678 93971 98512 
1679 32831 28479 
1680 8203 7514 
1681 70644 63264 
1682 31160 37759 
1683 16144 19609 
1684 71663 77128 
1685 17053 9591 
1686 102666 92781 
1687 50894 46220 
1688 39325 48143 
1689 15281 15520 
1690 17105 17685 
1691 9350 13364 
1692 49335 40352 
1693 54226 49683 
1694 80394 79789 
1695 87236 95928 
1696 67571 70375 
1697 54192 62422 
1698 49376 43943 
1699 22693 23368 
1700 103056 99849 
1701 20110 14326 
1702 53020 53004 
1703 83341 88448 
1704 54825 54949 
1705 7858 522 
1706 86850 92416 
1707 62210 62085 
1708 52910 50325 
1709 76544 71925 
1710 1 1955 
1711 20413 28996 
1712 57003 53740 
1713 71767 64578 
1714 49677 49548 
1715 31732 28343 
1716 30780 22998 
1717 95130 99175 
1718 102411 93037 
1719 27709 23329 
1720 5094 221 
1721 60470 62660 
1722 58209 61620 
1723 93178 94127 
1724 43933 40000 
1725 13048 10499 
1726 60975 70053 
1727 23632 22518 
1728 23945 33499 
1729 75634 72023 
1730 85332 80802 
1731 13948 12345 
1732 59092 58083 
1733 63730 55007 
1734 75371 71589 
1735 72320 66658 
1736 77687 70697 
1737 79829 79650 
1738 22282 15042 
1739 41016 48646 
1740 1 1140 
1741 89675 87441 
1742 13917 4296 
1743 41842 37412 
1744 16317 18921 
1745 12211 14730 
1746 57742 61662 
1747 87312 84163 
1748 20899 13540 
1749 59407 54001 
1750 20903 23560 
1751 55893 52377 
1752 21076 23550 
1753 80861 76790 
1754 51850 57216 
1755 67644 61760 
1756 91063 91974 
1757 76231 77811 
1758 57295 55295 
1759 75626 69344 
1760 18289 14826 
1761 10739 1389 
1762 91233 83539 
1763 48400 42473 
1764 73351 73421 
1765 23381 26768 
1766 29177 33928 
1767 22983 26199 
1768 4760 13328 
1769 83490 78101 
1770 64425 71650 
1771 27698 31823 
1772 78185 87531 
1773 20417 19262 
1774 40218 48478 
1775 48041 42718 
1776 91748 92466 
1777 79733 82518 
1778 80654 79606 
1779 84025 92063 
1780 43080 49490 
1781 7918 14354 
1782 105066 97275 
1783 92537 84531 
1784 63649 67698 
1785 52756 62452 
1786 47513 49819 
1787 50269 56327 
1788 9626 6997 
1789 10570 14564 
1790 73990 66810 
1791 48455 39091 
1792 67121 59988 
1793 68159 71223 
1794 38985 47386 
1795 16535 15160 
1796 65442 59238 
1797 60462 67754 
1798 11238 15445 
1799 75844 67775 
1800 11341 15450 
1801 35313 40710 
1802 10773 2879 
1803 53820 53310 
1804 32656 37913 
1805 88392 90939 
1806 77793 77158 
1807 102870 99955 
1808 48315 45382 
1809 91694 94278 
1810 54456 61460 
1811 20172 16424 
1812 74727 73535 
1813 23210 24205 
1814 54465 48137 
1815 1 815 
1816 93162 95995 
1817 30923 39775 
1818 33792 32515 
1819 18236 21670 
1820 1 907 
1821 86804 85046 
1822 84871 78615 
1823 81327 80306 
1824 80463 77115 
1825 38686 29782 
1826 50967 48918 
1827 66743 75876 
1828 9911 10319 
1829 33500 30989 
1830 15541 19883 
1831 43564 53305 
1832 92650 92200 
1833 30633 23987 
1834 32236 41114 
1835 22797 31283 
1836 39262 47743 
1837 70718 66537 
1838 62590 63648 
1839 39089 43875 
1840 33850 24422 
1841 26583 27963 
1842 62238 56823 
1843 58486 55360 
1844 52105 61452 
1845 103073 93184 
1846 32372 27120 
1847 9428 14415 
1848 29757 22711 
1849 28554 23414 
1850 7083 13656 
1851 97760 88507 
1852 55854 65321 
1853 64757 72808 
1854 40173 48373 
1855 69574 60091 
1856 63900 73661 
1857 40048 36810 
1858 92559 96872 
1859 49048 49424 
1860 11758 18440 
1861 70765 72696 
1862 10955 19883 
1863 33125 36453 
1864 67859 59482 
1865 77020 85052 
1866 29835 22578 
1867 89062 82415 
1868 89297 94748 
1869 32443 29479 
1870 90254 99307 
1871 94501 89869 
1872 70629 78770 
1873 95655 90709 
1874 75957 83967 
1875 37923 36903 
1876 40135 31320 
1877 70655 76651 
1878 54513 50897 
1879 44421 43889 
1880 880 6695 
1881 8691 8890 
1882 38450 40827 
1883 2223 4550 
1884 91597 92846 
1885 73917 67611 
1886 5949 14774 
1887 34916 25966 
1888 44843 45914 
1889 55520 54866 
1890 77914 84688 
1891 90754 95162 
1892 81713 78992 
1893 15536 11532 
1894 33218 31989 
1895 97510 94885 
1896 60130 52048 
1897 39913 45251 
1898 65925 72232 
1899 42998 33042 
1900 48551 55890 
1901 78636 77590 
1902 69229 66312 
1903 26864 22162 
1904 41510 45065 
1905 1 1907 
1906 85870 92366 
1907 50479 49629 
1908 52169 43780 
1909 57436 63152 
1910 23514 23307 
1911 16643 22709 
1912 80332 81322 
1913 38090 42411 
1914 91761 95724 
1915 49558 41192 
1916 5495 4027 
1917 37874 39630 
1918 37339 31223 
1919 6853 5933 
1920 97701 88467 
1921 62102 58734 
1922 14425 13965 
1923 42986 49507 
1924 14563 13800 
1925 92536 91433 
1926 103746 99048 
1927 14842 17079 
1928 91111 98025 
1929 10522 4550 
1930 9678 6748 
1931 29180 35836 
1932 54513 46174 
1933 67415 60118 
1934 77697 83223 
1935 27367 20210 
1936 23184 17804 
1937 87179 83670 
1938 76026 81666 
1939 32490 31617 
1940 2086 4016 
1941 81380 81836 
1942 96300 93151 
1943 9675 14301 
1944 30996 22657 
1945 32261 32680 
1946 73590 74411 
1947 46593 52865 
1948 25867 16272 
1949 69981 68226 
1950 59805 55995 
1951 29902 26613 
1952 52359 60136 
1953 1 1280 
1954 16263 8960 
1955 17038 24875 
1956 34036 37808 
1957 108354 99022 
1958 63938 57989 
1959 22807 12891 
1960 84461 80709 
1961 25976 28741 
1962 56868 61229 
1963 79684 86316 
1964 38827 30275 
1965 23654 16486 
1966 30439 35927 
1967 72878 72364 
1968 46747 41595 
1969 36542 32894 
1970 40582 40636 
1971 69654 61140 
1972 43455 34651 
1973 79605 78914 
1974 52372 50189 
1975 12954 14342 
1976 30211 37579 
1977 6516 13490 
1978 8684 7671 
1979 63937 54480 
1980 70866 61676 
1981 88401 92567 
1982 84649 74912 
1983 2614 4201 
1984 24136 18905 
1985 24471 31974 
1986 88156 96328 
1987 37363 43057 
1988 96261 89127 
1989 1 2876 
1990 75178 80395 
1991 78574 73010 
1992 4011 3974 
1993 3982 7553 
1994 57028 50364 
1995 29504 32291 
1996 28553 35871 
1997 86750 85959 
1998 55982 65033 
1999 7346 9505 
2000 63468 72437 
2001 18898 18954 
2002 93818 89723 
2003 70726 67317 
2004 17197 21446 
2005 71386 66896 
2006 14893 24756 
2007 12754 5747 
2008 97427 90121 
2009 16599 11816 
2010 59761 66736 
2011 52321 57207 
2012 71819 63184 
2013 35893 31276 
2014 43565 51558 
2015 96596 89959 
2016 97630 95077 
2017 95770 86336 
2018 41815 43207 
2019 68332 74101 
2020 33449 37550 
2021 99239 94514 
2022 23247 14811 
2023 68992 72284 
2024 96083 95882 
2025 89631 81786 
2026 87626 87912 
2027 103405 99488 
2028 38247 37906 
2029 16326 22809 
2030 92727 89580 
2031 38821 44176 
2032 78901 79099 
2033 12167 17723 
2034 73687 78176 
2035 50364 48165 
2036 49630 44369 
2037 18875 28407 
2038 66823 74645 
2039 46317 37378 
2040 74422 82363 
2041 23275 19531 
2042 82067 90872 
2043 15993 22323 
2044 38702 28827 
2045 30168 23938 
2046 100176 91791 
2047 72287 68400 
2048 6782 748 
2049 106226 97232 
2050 98637 98906 
2051 7469 15289 
2052 14550 7364 
2053 7917 2193 
2054 26185 18197 
2055 16986 20056 
2056 39169 48625 
2057 66605 59599 
2058 35121 38738 
2059 46858 40932 
2060 20280 15646 
2061 93897 96859 
2062 49598 50721 
2063 21915 29690 
2064 77151 80813 
2065 29444 30961 
2066 88882 86666 
2067 30536 39428 
2068 59358 63227 
2069 58409 54422 
2070 84068 77487 
2071 20466 20852 
2072 12135 4352 
2073 77660 70619 
2074 1 2220 
2075 35746 36935 
2076 82344 86062 
2077 26826 27161 
2078 8852 17529 
2079 70422 77315 
2080 50586 46672 
2081 80723 75187 
2082 19546 21988 
2083 77000 68059 
2084 53426 58506 
2085 11599 8313 
2086 50622 58296 
2087 11947 5320 
2088 33276 31261 
2089 1 3713 
2090 54755 45530 
2091 37448 38991 
2092 89734 95105 
2093 14671 17774 
2094 54389 60904 
2095 78881 73791 
2096 40496 37642 
2097 52208 45803 
2098 71850 64346 
2099 58808 56209 
2100 16090 8805 
2101 25772 24494 
2102 81656 75811 
2103 38394 32840 
2104 37982 40473 
2105 64683 71063 
2106 46193 42511 
2107 30937 26000 
2108 57466 50537 
2109 70208 63312 
2110 54312 58628 
2111 37695 31425 
2112 57344 58959 
2113 80735 79756 
2114 92687 96483 
2115 38147 42459 
2116 52526 53088 
2117 1 5033 
2118 46187 52325 
2119 22999 23465 
2120 18841 20523 
2121 50407 54928 
2122 1 8191 
2123 58621 61984 
2124 28788 29691 
2125 48313 42834 
2126 17566 23968 
2127 83416 88638 
2128 72237 80946 
2129 78591 81514 
2130 85660 89648 
2131 58100 54573 
2132 25001 26670 
2133 1 3167 
2134 62189 60305 
2135 13136 4639 
2136 26454 28486 
2137 16493 16000 
2138 18164 27839 
2139 9882 4465 
2140 11114 2251 
2141 32265 42056 
2142 22541 32017 
2143 44319 51530 
2144 1804 3177 
2145 82216 72473 
2146 236 2679 
2147 16562 12378 
2148 97372 94725 
2149 70674 67970 
2150 8069 11163 
2151 85068 94077 
2152 38311 39038 
2153 51324 61147 
2154 49156 50498 
2155 35575 26296 
2156 67106 69997 
2157 91646 93990 
2158 49730 42506 
2159 66236 64536 
2160 98626 96519 
2161 42553 37965 
2162 53995 51052 
2163 9825 15000 
2164 89830 91895 
2165 28509 27432 
2166 26711 23992 
2167 13377 15353 
2168 1958 5830 
2169 50026 46966 
2170 72082 78141 
2171 56853 63816 
2172 88156 79797 
2173 58490 50912 
2174 68434 60928 
2175 28928 28093 
2176 55296 61119 
2177 87430 97339 
2178 83503 75169 
2179 22169 23448 
2180 91814 85946 
2181 51224 55524 
2182 88687 87164 
2183 41744 47748 
2184 36250 44308 
2185 66897 75427 
2186 64260 57667 
2187 84452 76566 
2188 74223 68023 
2189 14338 23818 
2190 90765 94246 
2191 19352 27149 
2192 84355 78631 
2193 9032 18805 
2194 56087 47821 
2195 100338 94865 
2196 12896 12928 
2197 37276 30506 
2198 29557 20025 
2199 67528 57877 
2200 23659 28730 
2201 100966 92632 
2202 7801 13800 
2203 92586 98742 
2204 77486 80103 
2205 45738 51321 
2206 62085 61264 
2207 82383 92219 
2208 53043 45777 
2209 93379 93841 
2210 54229 46273 
2211 39715 42933 
2212 58976 58398 
2213 31096 24398 
2214 52052 58277 
2215 30358 34750 
2216 84759 92398 
2217 95500 94120 
2218 26058 19425 
2219 39805 38683 
2220 75375 70552 
2221 61010 56160 
2222 29613 32179 
2223 61379 53052 
2224 49574 54994 
2225 55789 54466 
2226 37906 28947 
2227 28845 37368 
2228 24571 20840 
2229 1 1924 
2230 64369 74036 
2231 75282 72020 
2232 81155 76674 
2233 67565 67879 
2234 15142 8705 
2235 69070 68218 
2236 34625 29088 
2237 75181 78323 
2238 68589 69954 
2239 74071 73892 
2240 16589 19934 
2241 73309 66428 
2242 29594 29559 
2243 80759 76752 
2244 39379 41266 
2245 27629 34273 
2246 70067 68633 
2247 49702 53674 
2248 37568 34155 
2249 25927 29449 
2250 46873 42109 
2251 50532 43687 
2252 26692 18034 
2253 54655 63078 
2254 45423 37362 
2255 60619 68774 
2256 51487 49930 
2257 92540 83507 
2258 60503 70303 
2259 34843 33135 
2260 54886 64080 
2261 14894 20440 
2262 43645 51048 
2263 3762 3253 
2264 100797 95101 
2265 27905 23650 
2266 6804 14216 
2267 88013 82229 
2268 46809 39585 
2269 55801 60205 
2270 1 5846 
2271 103217 94647 
2272 86575 85671 
2273 40720 41244 
2274 57471 57922 
2275 46851 41066 
2276 52601 47766 
2277 36917 41628 
2278 1 5430 
2279 69806 69225 
2280 74956 71660 
2281 4567 5831 
2282 20444 15319 
2283 73795 71641 
2284 70182 61538 
2285 4804 10844 
2286 51591 42626 
2287 35592 40874 
2288 86341 83852 
2289 18819 17449 
2290 39190 37169 
2291 77811 69076 
2292 31494 23192 
2293 41504 39587 
2294 17054 9654 
2295 92834 94009 
2296 82214 76300 
2297 53039 53258 
2298 76159 84860 
2299 82712 86439 
2300 49413 56521 
2301 93072 94600 
2302 29934 21643 
2303 82667 83988 
2304 12190 12076 
2305 49963 42832 
2306 90096 88802 
2307 10506 6658 
2308 21774 18089 
2309 86899 95296 
2310 90446 95804 
2311 52700 48090 
2312 30756 28976 
2313 32005 41569 
2314 74261 84078 
2315 51300 50066 
2316 60579 68874 
2317 57609 64259 
2318 74546 76260 
2319 86543 84105 
2320 6263 10971 
2321 40444 47588 
2322 91532 86857 
2323 93076 99112 
2324 37514 47391 
2325 45584 46056 
2326 5557 8861 
2327 42830 33312 
2328 84968 76622 
2329 52684 51359 
2330 87350 95070 
2331 14923 7087 
2332 40939 40313 
2333 29931 26307 
2334 61478 59458 
2335 84238 83069 
2336 82811 82924 
2337 82764 92697 
2338 57830 67737 
2339 79365 79641 
2340 29359 33260 
2341 22291 21165 
2342 3463 9197 
2343 14487 18558 
2344 62190 66777 
2345 16584 19704 
2346 83833 90018 
2347 35507 39634 
2348 8611 17962 
2349 15571 23515 
2350 42278 45784 
2351 29798 26019 
2352 98360 95189 
2353 62526 68003 
2354 22565 24006 
2355 1 2154 
2356 95674 94758 
2357 16088 17893 
2358 59244 55038 
2359 4347 8137 
2360 85026 88260 
2361 9696 11136 
2362 56318 57646 
2363 15247 12078 
2364 25962 19281 
2365 52289 46975 
2366 64656 59035 
2367 75601 84688 
2368 32843 31624 
2369 50033 44182 
2370 87232 77285 
2371 15623 18478 
2372 23745 14367 
2373 52751 59554 
2374 54104 46983 
2375 52344 48213 
2376 77924 78564 
2377 21040 27884 
2378 22567 18069 
2379 55797 58072 
2380 25163 28418 
2381 59434 68452 
2382 47171 56157 
2383 76984 73303 
2384 12025 4091 
2385 97587 89607 
2386 66131 75849 
2387 66933 76411 
2388 80125 76044 
2389 6391 10234 
2390 1 1529 
2391 166 9333 
2392 23652 32878 
2393 93266 92398 
2394 44615 45835 
2395 104348 95812 
2396 27163 33104 
2397 16750 16636 
2398 72333 71477 
2399 94286 95149 
2400 76581 81664 
2401 55495 57448 
2402 99388 89574 
2403 83347 91107 
2404 81258 78241 
2405 95224 91744 
2406 13022 19370 
2407 49109 45374 
2408 79410 79828 
2409 29970 20092 
2410 79945 79461 
2411 76337 73093 
2412 96353 94865 
2413 49089 41021 
2414 90770 84436 
2415 26870 34566 
2416 43921 44908 
2417 41731 39567 
2418 66435 58513 
2419 75186 73786 
2420 39382 36690 
2421 81133 88041 
2422 56282 51886 
2423 37206 43044 
2424 90185 91563 
2425 34447 44233 
2426 18188 22806 
2427 74956 83984 
2428 7451 8823 
2429 67766 70618 
2430 11521 11184 
2431 61261 65142 
2432 73026 74323 
2433 76732 74287 
2434 43499 42589 
2435 54223 50133 
2436 43521 45811 
2437 10670 19175 
2438 3439 9559 
2439 36086 29562 
2440 33719 29735 
2441 93363 83881 
2442 74794 83890 
2443 77888 86361 
2444 17443 11288 
2445 48004 43943 
2446 1 7101 
2447 55111 46736 
2448 26556 33033 
2449 25358 33532 
2450 82813 92223 
2451 88298 85064 
2452 72700 77048 
2453 12477 19055 
2454 39063 35900 
2455 76512 76565 
2456 1195 5692 
2457 97110 96688 
2458 18668 21902 
2459 78916 74707 
2460 37917 29766 
2461 24373 31960 
2462 78647 74926 
2463 21806 28009 
2464 98817 98114 
2465 27624 34922 
2466 106855 99946 
2467 64983 64487 
2468 50885 55957 
2469 21412 15446 
2470 20481 25166 
2471 14759 21929 
2472 2734 11166 
2473 66007 74738 
2474 76057 80702 
2475 18413 17299 
2476 40194 46166 
2477 92340 83233 
2478 58603 49239 
2479 1 3188 
2480 24849 18866 
2481 88429 82286 
2482 63803 58483 
2483 57443 48837 
2484 67133 74333 
2485 85479 82959 
2486 10479 3715 
2487 35895 42537 
2488 49498 48704 
2489 48633 41604 
2490 35414 32404 
2491 62796 68780 
2492 48997 53372 
2493 60368 62038 
2494 51825 53837 
2495 65345 72454 
2496 10226 9260 
2497 47738 45594 
2498 55018 50765 
2499 18157 20087 
2500 46174 48390 
2501 14408 12750 
2502 57308 55151 
2503 55163 59434 
2504 22868 28824 
2505 92009 92440 
2506 1 5574 
2507 93978 94292 
2508 70996 74060 
2509 101546 92332 
2510 52915 53699 
2511 94320 91155 
2512 58161 49094 
2513 93618 89444 
2514 94622 93580 
2515 6483 13105 
2516 37755 28322 
2517 68312 71559 
2518 26830 27332 
2519 78502 77567 
2520 36856 36088 
2521 47749 51652 
2522 12310 7144 
2523 1 3580 
2524 47146 54650 
2525 31749 29270 
2526 41930 45261 
2527 97968 88046 
2528 58398 53906 
2529 74874 69887 
2530 57163 64101 
2531 88071 93318 
2532 90506 86630 
2533 101113 95694 
2534 30553 30361 
2535 61672 59806 
2536 47522 45558 
2537 8816 8187 
2538 63859 63533 
2539 25378 31259 
2540 68035 59866 
2541 72539 65512 
2542 45947 39392 
2543 46248 43436 
2544 60392 51718 
2545 53657 50879 
2546 89994 83819 
2547 49201 51435 
2548 80509 76071 
2549 13503 7064 
2550 27304 36543 
2551 107387 99065 
2552 56745 55332 
2553 25714 17457 
2554 62684 71849 
2555 78125 74211 
2556 238 4064 
2557 46631 52502 
2558 78355 70096 
2559 63313 63393 
2560 105321 95828 
2561 77123 70840 
2562 14265 12403 
2563 2796 9875 
2564 15743 15415 
2565 76548 80503 
2566 72417 69452 
2567 20075 10244 
2568 31280 40535 
2569 79819 80891 
2570 1 1105 
2571 71411 77033 
2572 86371 83167 
2573 30570 40180 
2574 91452 94031 
2575 12029 17632 
2576 1 4561 
2577 42115 43295 
2578 28433 19087 
2579 5520 15443 
2580 59039 61195 
2581 13614 16801 
2582 7128 11316 
2583 34994 36628 
2584 24461 17732 
2585 15273 8459 
2586 94995 90936 
2587 30090 25568 
2588 39431 32685 
2589 4979 11542 
2590 59068 62932 
2591 1480 6174 
2592 68949 64113 
2593 51662 44102 
2594 58479 49526 
2595 28310 25471 
2596 95679 90903 
2597 14527 16073 
2598 57660 66794 
2599 7920 8797 
2600 17370 20093 
2601 17106 9783 
2602 41981 47507 
2603 81520 84702 
2604 72033 62428 
2605 75695 72113 
2606 32297 41552 
2607 62205 56975 
2608 13064 13064 
2609 22616 30883 
2610 83649 80858 
2611 52771 61962 
2612 81454 90415 
2613 2286 9667 
2614 3665 10498 
2615 43907 34355 
2616 87745 79223 
2617 31952 35505 
2618 27103 36917 
2619 20488 15316 
2620 46118 37441 
2621 74920 65079 
2622 53446 62041 
2623 43380 34086 
2624 61926 71754 
2625 26843 18217 
2626 103490 94255 
2627 35786 28394 
2628 67952 65446 
2629 72827 72291 
2630 52526 61968 
2631 11146 9353 
2632 9487 17733 
2633 41009 43471 
2634 67998 77682 
2635 9769 17273 
2636 46030 53873 
2637 10824 10526 
2638 11429 9378 
2639 98282 93144 
2640 13963 20619 
2641 21317 13964 
2642 1 1097 
2643 84083 78160 
2644 10463 11954 
2645 56017 59966 
2646 68665 71433 
2647 61311 56756 
2648 34293 34013 
2649 88029 86244 
2650 16389 12479 
2651 24369 15071 
2652 34692 39038 
2653 16451 19385 
2654 37182 41344 
2655 8808 18457 
2656 77684 72447 
2657 69259 64192 
2658 39829 33789 
2659 37471 43795 
2660 45325 41382 
2661 38670 48326 
2662 46514 53153 
2663 46480 55783 
2664 89440 95858 
2665 50872 56132 
2666 45825 46255 
2667 34598 42491 
2668 21467 19389 
2669 8828 13244 
2670 80771 88614 
2671 60277 50812 
2672 9905 9945 
2673 3906 10169 
2674 88964 93983 
2675 33262 34181 
2676 22736 30261 
2677 45234 42033 
2678 55412 64139 
2679 87605 81943 
2680 63444 60888 
2681 73249 64132 
2682 3774 12663 
2683 101741 96960 
2684 100427 92546 
2685 1 4411 
2686 67023 60457 
2687 56517 51606 
2688 42915 37359 
2689 33920 35723 
2690 73375 63554 
2691 92864 94427 
2692 68316 63029 
2693 78595 70066 
2694 33228 26683 
2695 26501 36056 
2696 81269 87586 
2697 90836 98390 
2698 18981 25098 
2699 56562 47619 
2700 22855 16289 
2701 16381 14539 
2702 64556 59484 
2703 16617 6747 
2704 33134 40787 
2705 19736 10315 
2706 31533 40282 
2707 25331 17384 
2708 57992 58936 
2709 55320 54013 
2710 37216 32742 
2711 75355 67613 
2712 72547 75013 
2713 54479 47408 
2714 1 5116 
2715 61312 60280 
2716 39423 38093 
2717 84234 86206 
2718 32601 36595 
2719 50000 48638 
2720 84024 86459 
2721 16164 20588 
2722 41351 34395 
2723 81695 81345 
2724 94303 97843 
2725 82516 91174 
2726 26078 24831 
2727 58950 56316 
2728 76230 74902 
2729 12449 17221 
2730 104763 95458 
2731 62859 59730 
2732 49679 56092 
2733 91024 82122 
2734 48211 56867 
2735 20175 19828 
2736 37006 40281 
2737 36862 36002 
2738 49387 42650 
2739 84143 75866 
2740 68309 77274 
2741 70781 63489 
2742 26064 24186 
2743 55586 51462 
2744 97157 99719 
2745 17774 18985 
2746 74684 66799 
2747 17793 27174 
2748 9961 4224 
2749 73867 81058 
2750 19675 20095 
2751 78036 71089 
2752 46479 41698 
2753 43979 40929 
2754 22560 15979 
2755 51520 51878 
2756 27788 19297 
2757 101972 95875 
2758 67980 70028 
2759 80135 87762 
2760 74759 70413 
2761 88755 95824 
2762 41096 43704 
2763 79121 84072 
2764 21895 19759 
2765 25647 24922 
2766 1335 8636 
2767 89317 82920 
2768 13646 17066 
2769 71632 70013 
2770 28073 35489 
2771 89165 94522 
2772 28350 25020 
2773 48930 54846 
2774 30633 22441 
2775 77018 75346 
2776 21609 25532 
2777 43450 36430 
2778 57765 57008 
2779 35986 43819 
2780 9924 16763 
2781 83992 78918 
2782 91842 91789 
2783 49924 56078 
2784 16847 14629 
2785 89380 93642 
2786 10852 2160 
2787 78569 71210 
2788 98815 95263 
2789 95577 94664 
2790 36871 41763 
2791 67869 66202 
2792 25070 20968 
2793 11987 15352 
2794 37223 29867 
2795 57861 66180 
2796 1 9242 
2797 84775 77435 
2798 67366 73830 
2799 52721 43766 
2800 68509 60775 
2801 68650 72093 
2802 41091 49357 
2803 69266 64041 
2804 39901 33438 
2805 73304 65780 
2806 94022 84432 
2807 95658 94816 
2808 96466 91077 
2809 25211 34496 
2810 87298 77662 
2811 71748 66983 
2812 21034 25758 
2813 82576 83019 
2814 88857 80348 
2815 72046 81782 
2816 24310 19652 
2817 79958 78025 
2818 1 1739 
2819 76162 66764 
2820 81657 80012 
2821 56669 50678 
2822 92536 89796 
2823 95568 95222 
2824 107495 98535 
2825 21753 22140 
2826 39862 39676 
2827 93349 90311 
2828 7537 2652 
2829 19297 14732 
2830 56661 55522 
2831 21927 31391 
2832 21140 28784 
2833 51490 51170 
2834 64131 60766 
2835 40765 31495 
2836 34223 29183 
2837 74081 78371 
2838 30642 32434 
2839 34600 26865 
2840 14092 16641 
2841 30001 20575 
2842 30438 39098 
2843 50944 57977 
2844 81431 72520 
2845 19886 22289 
2846 97358 99597 
2847 76507 85576 
2848 60395 68862 
2849 54524 59740 
2850 39535 32827 
2851 268 8909 
2852 46931 44425 
2853 36241 33581 
2854 59532 52878 
2855 79291 73092 
2856 81789 78345 
2857 5616 13021 
2858 95261 94923 
2859 34627 30545 
2860 47667 47638 
2861 14261 11342 
2862 29632 31760 
2863 60794 69763 
2864 58880 56708 
2865 34089 39307 
2866 2880 309 
2867 69077 60211 
2868 28044 23552 
2869 100742 95530 
2870 72234 66413 
2871 9187 3172 
2872 13671 10545 
2873 37884 37290 
2874 99342 94884 
2875 15268 11042 
2876 88904 94874 
2877 42824 51031 
2878 7544 9568 
2879 45678 40517 
2880 51992 59828 
2881 31998 23939 
2882 45020 39073 
2883 38771 44333 
2884 101327 93462 
2885 31493 38700 
2886 69372 66626 
2887 83426 86821 
2888 60879 53359 
2889 25522 26139 
2890 1 152 
2891 84732 76577 
2892 97754 92967 
2893 64588 65376 
2894 76361 75663 
2895 104496 95073 
2896 94541 85091 
2897 36455 38456 
2898 26422 26034 
2899 93356 91374 
2900 1 7232 
2901 24784 24841 
2902 21799 29058 
2903 33416 41434 
2904 45339 44533 
2905 33843 30594 
2906 63140 65787 
2907 61743 70882 
2908 62142 64947 
2909 77539 70462 
2910 70436 61044 
2911 78541 80717 
2912 49859 48742 
2913 68111 64703 
2914 69797 76797 
2915 23760 20459 
2916 40354 36306 
2917 104363 97204 
2918 68018 71232 
2919 55657 46296 
2920 15910 23416 
2921 43561 37269 
2922 86946 91074 
2923 314 8408 
2924 73895 72784 
2925 32971 31939 
2926 24147 30080 
2927 11510 11226 
2928 37589 28079 
2929 74577 70827 
2930 83689 89748 
2931 12786 9240 
2932 39168 48672 
2933 55198 62241 
2934 33665 29136 
2935 61658 56786 
2936 32750 34668 
2937 33836 37831 
2938 77470 83712 
2939 60619 53816 
2940 778 5428 
2941 93303 84677 
2942 90488 82089 
2943 42939 35999 
2944 1917 8947 
2945 19510 12688 
2946 14318 5742 
2947 6329 9704 
2948 76357 80254 
2949 14328 6245 
2950 68102 77511 
2951 77274 71102 
2952 25376 16933 
2953 83924 90572 
2954 98365 90377 
2955 57025 47606 
2956 93231 96369 
2957 79200 72727 
2958 14251 16675 
2959 51184 48942 
2960 31040 27462 
2961 21184 16514 
2962 44991 54108 
2963 89799 95504 
2964 78611 79712 
2965 89612 84978 
2966 22783 13752 
2967 33168 25902 
2968 77494 74903 
2969 15948 15896 
2970 14148 22898 
2971 8559 7141 
2972 24260 18236 
2973 97119 98605 
2974 42981 48065 
2975 70346 66396 
2976 86322 80508 
2977 106852 99093 
2978 48633 50741 
2979 1306 8419 
2980 36036 26330 
2981 59833 62718 
2982 3084 1976 
2983 74224 82838 
2984 40866 36342 
2985 46304 36736 
2986 86479 83502 
2987 42677 41114 
2988 15261 23274 
2989 89640 80315 
2990 76249 70647 
2991 104897 95772 
2992 45033 43048 
2993 96227 87454 
2994 53274 47914 
2995 12311 19990 
2996 49708 54015 
2997 70879 77116 
2998 92715 98938 
2999 65313 72940 
3000 67962 76150 
3001 67092 69238 
3002 61907 52978 
3003 1 4808 
3004 79690 75309 
3005 9896 15798 
3006 49732 40794 
3007 82016 87683 
3008 1 5152 
3009 23762 25135 
3010 1 1585 
3011 81198 72157 
3012 14269 19461 
3013 81276 84288 
3014 10481 5522 
3015 23832 17409 
3016 55192 58090 
3017 78584 72848 
3018 96460 96145 
3019 73111 68804 
3020 87898 96794 
3021 1 4176 
3022 3650 7997 
3023 55538 64325 
3024 80618 83127 
3025 70505 76062 
3026 52524 59613 
3027 43257 53196 
3028 67904 72638 
3029 20111 29726 
3030 13218 18325 
3031 42295 40876 
3032 52905 59912 
3033 27913 36192 
3034 37347 44704 
3035 15661 14018 
3036 3773 7333 
3037 75631 76319 
3038 10439 13236 
3039 51395 47701 
3040 76426 83072 
3041 1 2430 
3042 55922 49219 
3043 76010 69014 
3044 85827 87807 
3045 61078 52266 
3046 33054 37622 
3047 23533 24575 
3048 18553 18018 
3049 70669 71420 
3050 92644 97394 
3051 71156 70998 
3052 22757 26337 
3053 28065 31254 
3054 23411 18420 
3055 9085 13160 
3056 45472 54896 
3057 30119 36419 
3058 27530 18070 
3059 21761 31504 
3060 26387 16989 
3061 11175 10105 
3062 50970 44618 
3063 51539 53871 
3064 44963 53645 
3065 75136 77048 
3066 30370 32123 
3067 1 1907 
3068 84072 83524 
3069 91769 98249 
3070 51453 55889 
3071 4025 10066 
3072 52443 49692 
3073 81417 78753 
3074 82619 76491 
3075 50141 42253 
3076 81936 83818 
3077 29912 25405 
3078 90465 84132 
3079 1 5712 
3080 93035 85886 
3081 69698 62086 
3082 49344 51760 
3083 56469 63246 
3084 37981 28129 
3085 73008 72044 
3086 9097 7101 
3087 17622 24134 
3088 89712 83926 
3089 78412 72844 
3090 26872 26005 
3091 6366 11555 
3092 17795 18107 
3093 39377 34604 
3094 106513 98328 
3095 38654 30421 
3096 16738 26215 
3097 66956 67611 
3098 19347 25540 
3099 49149 58426 
3100 20177 27723 
3101 8565 6452 
3102 74809 68687 
3103 94206 90553 
3104 26471 23347 
3105 65365 71193 
3106 68574 70760 
3107 12168 5475 
3108 102320 98084 
3109 1 6361 
3110 31243 35067 
3111 26102 22483 
3112 23566 27165 
3113 9868 2444 
3114 28252 29548 
3115 14466 5676 
3116 61723 67639 
3117 33411 32051 
3118 35243 29432 
3119 85832 81471 
3120 70029 73703 
3121 41962 48443 
3122 650 825 
3123 58653 60932 
3124 65659 64153 
3125 7026 14264 
3126 99940 90944 
3127 62912 52957 
3128 49737 43316 
3129 99363 94508 
3130 93876 99163 
3131 28126 28504 
3132 20403 21754 
3133 23433 32255 
3134 4111 3822 
3135 56059 46155 
3136 70471 74822 
3137 4483 1029 
3138 50317 56475 
3139 27176 28824 
3140 7638 9517 
3141 32081 30013 
3142 26291 25180 
3143 83661 74536 
3144 1 1152 
3145 90108 85230 
3146 77667 68005 
3147 19623 10546 
3148 8960 7526 
3149 16625 6987 
3150 29101 25572 
3151 79698 72690 
3152 1 1508 
3153 67824 64557 
3154 86147 82595 
3155 11537 3412 
3156 34257 25974 
3157 71861 69469 
3158 41866 44674 
3159 31090 39176 
3160 19843 26516 
3161 99666 92457 
3162 94582 96831 
3163 68913 76749 
3164 49124 46992 
3165 21584 16746 
3166 92443 95823 
3167 97302 87880 
3168 18984 16852 
3169 89393 83174 
3170 68526 64068 
3171 3664 10571 
3172 61569 57383 
3173 65225 73642 
3174 56006 59910 
3175 46962 51889 
3176 5994 15526 
3177 2925 46 
3178 85761 90812 
3179 43643 51517 
3180 38436 42828 
3181 86616 77811 
3182 29501 27810 
3183 18334 11392 
3184 40567 34252 
3185 15770 11141 
3186 62246 65746 
3187 26487 35122 
3188 91824 91955 
3189 37027 31866 
3190 101708 93789 
3191 76037 71702 
3192 105289 99561 
3193 18039 14098 
3194 91539 92305 
3195 88132 94136 
3196 11975 13198 
3197 3840 3223 
3198 20833 11602 
3199 28282 29871 
3200 103076 97247 
3201 49832 53820 
3202 25396 22594 
3203 30867 37853 
3204 85972 82352 
3205 5385 1536 
3206 79222 79547 
3207 50588 52556 
3208 76115 82640 
3209 9619 15050 
3210 101771 92817 
3211 92380 96688 
3212 28418 23434 
3213 29487 31403 
3214 79998 89778 
3215 30544 29065 
3216 1128 768 
3217 29355 20737 
3218 93215 99815 
3219 89403 95263 
3220 79436 84464 
3221 27347 37328 
3222 43009 44306 
3223 85875 76646 
3224 75053 74769 
3225 7729 7208 
3226 70017 71408 
3227 42495 39130 
3228 49500 58260 
3229 8537 15012 
3230 82413 73302 
3231 76535 74849 
3232 68582 64804 
3233 70955 68999 
3234 94478 86806 
3235 53516 49133 
3236 89007 91304 
3237 69076 67934 
3238 79406 79832 
3239 38546 44057 
3240 68206 64958 
3241 15087 15106 
3242 81466 84995 
3243 51327 43337 
3244 29162 29215 
3245 24936 15669 
3246 55880 50099 
3247 1 5100 
3248 78323 82176 
3249 83379 93377 
3250 32444 28386 
3251 72894 73147 
3252 76957 85580 
3253 2412 510 
3254 25974 35393 
3255 95769 93209 
3256 23445 22924 
3257 4655 11883 
3258 77187 68733 
3259 17189 17010 
3260 82834 84257 
3261 90706 89746 
3262 53180 50172 
3263 44994 37758 
3264 57913 53318 
3265 46824 55814 
3266 4440 4319 
3267 1 4061 
3268 77852 72912 
3269 513 3461 
3270 70737 65120 
3271 84980 90169 
3272 58563 56815 
3273 47957 41655 
3274 65541 71955 
3275 52352 60073 
3276 8979 3500 
3277 27421 32847 
3278 1 3430 
3279 83683 85962 
3280 34116 25995 
3281 23250 26983 
3282 78302 82594 
3283 42183 37094 
3284 7570 13608 
3285 42730 33285 
3286 59340 57225 
3287 96912 97838 
3288 42649 50555 
3289 68254 77691 
3290 63671 55128 
3291 61064 64705 
3292 59503 66326 
3293 46715 48064 
3294 10208 4996 
3295 46619 42213 
3296 85699 89315 
3297 26604 36473 
3298 57326 51806 
3299 69355 71402 
3300 24285 20616 
3301 17581 25300 
3302 29221 27153 
3303 81699 85068 
3304 47791 55332 
3305 47113 54441 
3306 31760 36832 
3307 78519 77871 
3308 14558 19089 
3309 94819 87385 
3310 80643 73226 
3311 94545 87842 
3312 34715 27394 
3313 1 433 
3314 87988 94600 
3315 35982 34239 
3316 84354 88740 
3317 36432 44773 
3318 9367 3275 
3319 74336 79174 
3320 5424 13534 
3321 51752 53623 
3322 23495 18112 
3323 1401 4647 
3324 15040 14194 
3325 53103 53359 
3326 20760 29677 
3327 66903 67735 
3328 72666 68827 
3329 53544 55937 
3330 61854 58451 
3331 1195 6135 
3332 81329 90031 
3333 1 44 
3334 74050 76524 
3335 75633 74737 
3336 3038 349 
3337 55226 47799 
3338 52069 44267 
3339 24272 24988 
3340 48820 51661 
3341 30719 21076 
3342 63602 57312 
3343 7233 8597 
3344 69293 68772 
3345 50945 43903 
3346 88678 81971 
3347 37602 43014 
3348 35871 35039 
3349 80873 83358 
3350 60430 62694 
3351 94626 87681 
3352 64481 66996 
3353 67001 63423 
3354 42103 40246 
3355 12997 20483 
3356 40447 39222 
3357 82443 89598 
3358 50988 47960 
3359 35187 37075 
3360 47252 54128 
3361 91083 94942 
3362 69505 69501 
3363 53992 62850 
3364 84921 80102 
3365 9715 10157 
3366 81256 75856 
3367 54285 47402 
3368 77929 68921 
3369 1 3266 
3370 42010 34420 
3371 84815 94416 
3372 70478 73153 
3373 55807 51808 
3374 56459 58824 
3375 44397 39523 
3376 53036 44722 
3377 76620 82002 
3378 19585 21221 
3379 61856 65724 
3380 70078 71578 
3381 41030 47727 
3382 73756 65372 
3383 47173 52415 
3384 95727 89950 
3385 86332 86421 
3386 13642 5017 
3387 10203 20054 
3388 16395 23170 
3389 37615 44654 
3390 61130 60133 
3391 32647 39866 
3392 82422 77856 
3393 44855 41360 
3394 34142 27901 
3395 87174 81963 
3396 100364 99629 
3397 13182 11478 
3398 53343 47678 
3399 5773 13108 
3400 75572 75321 
3401 33487 31338 
3402 91584 84122 
3403 21093 16842 
3404 10896 16045 
3405 25110 17821 
3406 63224 57249 
3407 39813 33580 
3408 48321 39660 
3409 81962 78634 
3410 62274 55771 
3411 28681 22849 
3412 62429 56244 
3413 6777 1528 
3414 90382 83434 
3415 26766 23422 
3416 22211 24188 
3417 74558 74679 
3418 18937 17035 
3419 63713 69280 
3420 77875 78005 
3421 54552 64543 
3422 58916 54867 
3423 61928 59884 
3424 90969 81579 
3425 93853 94102 
3426 70117 77779 
3427 62783 59411 
3428 80913 88355 
3429 57106 55976 
3430 48523 51317 
3431 28698 37873 
3432 32013 23708 
3433 102001 98606 
3434 81060 75422 
3435 80578 73707 
3436 67556 57616 
3437 88083 90986 
3438 28650 30252 
3439 79280 77230 
3440 24880 29201 
3441 32774 38311 
3442 8957 11320 
3443 60375 69205 
3444 53626 51406 
3445 8615 9882 
3446 100226 99891 
3447 34077 28449 
3448 73091 75309 
3449 29408 26597 
3450 45735 47849 
3451 37596 29664 
3452 38280 40144 
3453 31810 27633 
3454 41231 44802 
3455 21782 26056 
3456 79314 76210 
3457 5344 9009 
3458 58926 55198 
3459 59357 60218 
3460 41040 43561 
3461 58404 56483 
3462 7619 12470 
3463 100412 95905 
3464 97331 99011 
3465 81372 78639 
3466 5590 14912 
3467 41642 42802 
3468 15925 9707 
3469 46911 46536 
3470 3583 1129 
3471 44471 49548 
3472 11512 17858 
3473 89410 92840 
3474 13796 12922 
3475 63500 64663 
3476 47825 42248 
3477 64757 63157 
3478 7864 17365 
3479 34104 24454 
3480 49883 44402 
3481 88839 94944 
3482 59716 50806 
3483 94437 84951 
3484 94770 86547 
3485 77374 73411 
3486 13686 3860 
3487 63319 63311 
3488 65976 56981 
3489 28970 30112 
3490 8366 17119 
3491 21223 11776 
3492 101329 99326 
3493 90271 87750 
3494 84135 76513 
3495 87773 96516 
3496 55033 45070 
3497 62703 69997 
3498 46097 44095 
3499 48025 53153 
3500 31419 28445 
3501 29425 34518 
3502 81158 84215 
3503 40058 35876 
3504 105789 96703 
3505 58588 60813 
3506 4005 7585 
3507 57544 48488 
3508 29108 27905 
3509 12165 4361 
3510 29575 37744 
3511 47813 47086 
3512 50143 50763 
3513 27546 18632 
3514 11695 12208 
3515 1763 2212 
3516 55292 56317 
3517 94101 85813 
3518 27722 26407 
3519 45129 50816 
3520 1 5684 
3521 27392 24516 
3522 50473 57621 
3523 100162 91940 
3524 69675 60356 
3525 17801 23826 
3526 40973 47190 
3527 52696 45465 
3528 104266 97340 
3529 10176 5287 
3530 86111 84188 
3531 1 7029 
3532 60147 62183 
3533 39908 40405 
3534 83286 74167 
3535 22418 28759 
3536 30606 22887 
3537 69934 76120 
3538 64624 74127 
3539 52342 49991 
3540 40684 48922 
3541 94753 94741 
3542 94569 94501 
3543 53759 51193 
3544 55115 58231 
3545 80815 88925 
3546 16776 9880 
3547 73056 67624 
3548 81646 74031 
3549 60208 63817 
3550 24668 24635 
3551 8750 188 
3552 63980 63822 
3553 52926 55485 
3554 59853 60449 
3555 9822 16966 
3556 23576 23064 
3557 96738 97286 
3558 92875 98100 
3559 102066 95457 
3560 84901 84622 
3561 52438 61950 
3562 1528 4663 
3563 46043 42065 
3564 54767 52105 
3565 24010 32964 
3566 73956 67784 
3567 69210 67076 
3568 77367 70075 
3569 29057 21959 
3570 36080 36642 
3571 67054 73877 
3572 95335 85619 
3573 59137 50298 
3574 46734 41460 
3575 75139 71302 
3576 66323 72439 
3577 9542 6686 
3578 58242 55213 
3579 67781 73027 
3580 87294 94920 
3581 73654 79292 
3582 61566 62258 
3583 36682 37315 
3584 16648 25731 
3585 102733 93738 
3586 56457 57059 
3587 24025 16712 
3588 3420 2173 
3589 30004 29379 
3590 45168 51323 
3591 39521 49307 
3592 8803 5476 
3593 78930 78545 
3594 36391 42575 
3595 49448 44147 
3596 82492 89282 
3597 57865 64805 
3598 21387 25931 
3599 50885 44205 
3600 81477 82491 
3601 67632 68474 
3602 25200 16186 
3603 22955 18130 
3604 17047 11019 
3605 10754 14615 
3606 33935 25053 
3607 2057 2069 
3608 59672 58026 
3609 59943 57707 
3610 2793 9904 
3611 84126 75284 
3612 33064 39209 
3613 15302 22129 
3614 19203 10058 
3615 1463 6037 
3616 44093 53557 
3617 45489 48716 
3618 81104 71930 
3619 1 872 
3620 18750 9969 
3621 21528 31081 
3622 71987 81677 
3623 23804 19560 
3624 14086 4477 
3625 57296 58305 
3626 88590 96580 
3627 7846 2299 
3628 68671 73459 
3629 72365 80310 
3630 17998 22720 
3631 93952 88975 
3632 39495 32582 
3633 86596 81298 
3634 54923 53368 
3635 103039 99293 
3636 45236 47395 
3637 47029 37197 
3638 87022 82207 
3639 34305 35176 
3640 27103 26769 
3641 19514 26246 
3642 54330 53472 
3643 30885 26556 
3644 31423 28178 
3645 8946 18150 
3646 46892 54115 
3647 31468 24497 
3648 56289 46786 
3649 88237 87106 
3650 33410 38791 
3651 72876 76006 
3652 15599 6484 
3653 30477 40471 
3654 70747 71752 
3655 62982 57128 
3656 61531 55866 
3657 3760 9006 
3658 93282 88088 
3659 88927 81642 
3660 33422 28283 
3661 14790 7063 
3662 16988 14662 
3663 102388 99309 
3664 12767 18780 
3665 79833 84655 
3666 63240 67260 
3667 87686 81367 
3668 75247 77370 
3669 26881 22716 
3670 44632 39963 
3671 66495 63357 
3672 107675 98508 
3673 30988 30413 
3674 84413 74527 
3675 971 6299 
3676 24053 25731 
3677 45250 46876 
3678 70095 60478 
3679 52345 46999 
3680 60221 64458 
3681 71475 73229 
3682 61285 53162 
3683 12470 17123 
3684 67404 71528 
3685 60163 65614 
3686 86257 88812 
3687 101097 99898 
3688 58654 48922 
3689 51754 55639 
3690 62557 62505 
3691 47602 49024 
3692 63635 69212 
3693 42265 38313 
3694 63358 64382 
3695 70851 64996 
3696 32511 30399 
3697 52671 60784 
3698 35494 36165 
3699 33434 24672 
3700 31065 25937 
3701 83271 81987 
3702 42103 51408 
3703 58484 59124 
3704 48080 47450 
3705 5846 10240 
3706 50746 47402 
3707 42819 44304 
3708 13307 16282 
3709 30054 35858 
3710 81651 74267 
3711 73581 80424 
3712 1193 1934 
3713 5889 13037 
3714 107282 97698 
3715 70432 63007 
3716 81048 80330 
3717 24339 14702 
3718 8357 16250 
3719 95183 96031 
3720 43911 46142 
3721 14502 5757 
3722 49776 43159 
3723 51538 56989 
3724 47847 42323 
3725 91585 84460 
3726 53011 51592 
3727 18316 26807 
3728 95233 85325 
3729 95678 87575 
3730 51678 49300 
3731 29615 23863 
3732 53609 46088 
3733 57275 57635 
3734 75716 71711 
3735 7183 6159 
3736 36834 35740 
3737 60094 53953 
3738 55645 47012 
3739 16050 12764 
3740 29465 22746 
3741 94411 87561 
3742 84270 77113 
3743 10643 2372 
3744 49837 40462 
3745 22898 18081 
3746 47203 52912 
3747 51395 44090 
3748 98109 99165 
3749 51481 46166 
3750 3816 5010 
3751 49769 43447 
3752 48810 45030 
3753 60111 53023 
3754 88110 90724 
3755 48837 45824 
3756 27974 34051 
3757 79722 77215 
3758 74833 73219 
3759 50834 55556 
3760 49073 56870 
3761 58576 48993 
3762 36138 29385 
3763 52436 47676 
3764 96669 93598 
3765 9346 539 
3766 90188 86823 
3767 41824 32427 
3768 18118 19825 
3769 74713 78797 
3770 20310 18251 
3771 95110 87358 
3772 13894 8001 
3773 38550 46337 
3774 75666 77145 
3775 25221 19403 
3776 33677 31177 
3777 68713 74986 
3778 47275 47987 
3779 84893 86899 
3780 63277 70111 
3781 44773 40647 
3782 80350 79571 
3783 51742 53057 
3784 4282 8913 
3785 1 734 
3786 95997 98957 
3787 30775 32874 
3788 73555 70058 
3789 77694 83043 
3790 53546 61616 
3791 47008 54924 
3792 57311 51404 
3793 76139 78064 
3794 32940 24259 
3795 76986 84177 
3796 68472 68948 
3797 78461 86380 
3798 9525 13098 
3799 28813 36235 
3800 94387 93146 
3801 8927 15495 
3802 9457 16319 
3803 40286 33975 
3804 34879 34704 
3805 72376 69017 
3806 24800 24603 
3807 51928 61596 
3808 48360 51904 
3809 8350 2184 
3810 86952 78733 
3811 68904 67403 
3812 101401 99441 
3813 27219 27520 
3814 25260 33086 
3815 109112 99262 
3816 50864 56096 
3817 77598 74490 
3818 67342 61365 
3819 33092 40058 
3820 24193 32200 
3821 51709 47256 
3822 72201 75566 
3823 38462 47759 
3824 85390 91484 
3825 60689 60068 
3826 29050 22243 
3827 81546 75156 
3828 88523 84874 
3829 73729 66614 
3830 32935 35110 
3831 88268 93869 
3832 15651 16087 
3833 77341 79949 
3834 73536 83362 
3835 73001 77031 
3836 40467 43175 
3837 41093 50066 
3838 50703 43646 
3839 39901 31672 
3840 48575 51219 
3841 84679 93914 
3842 60724 51163 
3843 48494 55393 
3844 10397 15026 
3845 46200 45858 
3846 19146 22355 
3847 10159 6765 
3848 90203 97907 
3849 63265 71187 
3850 41517 43354 
3851 21746 26897 
3852 51205 48287 
3853 73180 81981 
3854 88421 94910 
3855 6596 4364 
3856 70893 71801 
3857 60049 68285 
3858 50675 52873 
3859 233 1318 
3860 75972 68351 
3861 76757 77785 
3862 98654 96155 
3863 18102 25586 
3864 9801 16840 
3865 62792 66816 
3866 62055 63314 
3867 44303 44365 
3868 58634 51141 
3869 34713 32108 
3870 97516 89795 
3871 72382 74078 
3872 94582 96129 
3873 8120 545 
3874 71036 73984 
3875 87425 95190 
3876 48043 47491 
3877 39425 47373 
3878 46602 55729 
3879 25083 24655 
3880 59516 51433 
3881 17201 11624 
3882 31123 23421 
3883 33371 41615 
3884 9873 18157 
3885 69478 70323 
3886 1964 2432 
3887 47830 54275 
3888 40809 49537 
3889 45714 39834 
3890 87787 93140 
3891 16103 7558 
3892 46532 49844 
3893 48422 50676 
3894 30538 28842 
3895 40094 46969 
3896 30079 30476 
3897 88645 79391 
3898 2706 5903 
3899 60050 61034 
3900 66078 57098 
3901 81809 74790 
3902 57876 58154 
3903 27912 33231 
3904 33032 41611 
3905 38775 32636 
3906 57801 60346 
3907 18742 22665 
3908 44259 47684 
3909 18848 17440 
3910 96038 97209 
3911 1 7876 
3912 47147 39523 
3913 106807 98617 
3914 79916 72541 
3915 5014 12339 
3916 39893 45266 
3917 18373 10617 
3918 17202 20308 
3919 45880 54486 
3920 22066 23893 
3921 55213 55132 
3922 92422 91813 
3923 24715 31861 
3924 26263 25352 
3925 66757 59559 
3926 73608 69171 
3927 88889 93091 
3928 1728 8931 
3929 94308 97707 
3930 62987 70490 
3931 75864 85085 
3932 90908 81880 
3933 79506 72545 
3934 87624 78898 
3935 18940 13483 
3936 81183 85521 
3937 37465 32141 
3938 54696 45801 
3939 97064 89660 
3940 65093 73172 
3941 86386 83388 
3942 62023 61579 
3943 38491 31243 
3944 50417 41568 
3945 5013 11432 
3946 63959 71771 
3947 30536 23678 
3948 7599 4591 
3949 30924 29712 
3950 25698 17464 
3951 36219 28579 
3952 87011 86516 
3953 84338 88258 
3954 1029 3035 
3955 61347 70514 
3956 47133 54780 
3957 7595 9651 
3958 66593 63541 
3959 6148 9808 
3960 90964 83662 
3961 10840 17539 
3962 10156 6483 
3963 83153 77768 
3964 78689 81133 
3965 72090 65276 
3966 14780 20156 
3967 26464 30129 
3968 42654 47250 
3969 4274 1937 
3970 82816 80942 
3971 79430 88237 
3972 65780 65780 
3973 14954 11937 
3974 48477 43974 
3975 35050 29093 
3976 55671 53569 
3977 94808 89362 
3978 45640 49815 
3979 85572 82447 
3980 72932 81444 
3981 15672 19992 
3982 21121 20559 
3983 87892 91242 
3984 97840 91903 
3985 69392 60941 
3986 1 1527 
3987 69492 65182 
3988 56252 47568 
3989 80999 75352 
3990 51307 57361 
3991 66730 70687 
3992 74355 66509 
3993 85638 93033 
3994 57551 66298 
3995 75850 79240 
3996 30654 26825 
3997 78327 81592 
3998 39174 41671 
3999 77751 76610 
4000 43865 48111 
4001 29384 35211 
4002 35318 42121 
4003 56612 65980 
4004 8544 12611 
4005 69094 75662 
4006 58667 56843 
4007 1 2066 
4008 71203 80742 
4009 7502 17050 
4010 78871 75152 
4011 33899 36071 
4012 11115 15792 
4013 51781 59888 
4014 5950 12215 
4015 76338 80172 
4016 25696 33302 
4017 50839 51101 
4018 1 7065 
4019 18986 11833 
4020 79854 70179 
4021 44253 45878 
4022 102817 92935 
4023 44842 44721 
4024 13456 23360 
4025 83181 82938 
4026 77960 74766 
4027 57284 55200 
4028 99420 96141 
4029 41652 40373 
4030 508 4916 
4031 25817 17341 
4032 85085 80871 
4033 84811 84921 
4034 106302 98618 
4035 98370 93962 
4036 41834 49058 
4037 52113 59556 
4038 12147 17689 
4039 104782 96689 
4040 10114 4814 
4041 57226 49886 
4042 36804 35431 
4043 51978 47430 
4044 48948 48308 
4045 17296 25433 
4046 1 2065 
4047 28654 22409 
4048 1 3992 
4049 65373 55953 
4050 84757 76096 
4051 28774 20451 
4052 12949 22614 
4053 31617 23564 
4054 81119 90838 
4055 21146 18597 
4056 36991 31302 
4057 1434 4249 
4058 56533 53103 
4059 64534 63470 
4060 19561 11161 
4061 2183 3122 
4062 71676 68579 
4063 15345 14980 
4064 52023 48315 
4065 32698 38779 
4066 5626 14240 
4067 71219 72919 
4068 79327 78001 
4069 33243 34722 
4070 85009 93265 
4071 79735 72226 
4072 46329 36698 
4073 9930 8447 
4074 78227 87771 
4075 79309 71435 
4076 11318 6512 
4077 1 3539 
4078 21473 15868 
4079 79685 73473 
4080 92101 82310 
4081 58215 58730 
4082 87920 82509 
4083 76967 84027 
4084 33980 38664 
4085 21078 27675 
4086 20260 22335 
4087 2159 8124 
4088 66697 61408 
4089 25779 18372 
4090 99517 95551 
4091 50380 42451 
4092 7387 2285 
4093 69658 66416 
4094 16712 24147 
4095 62317 61300 
4096 21276 25547 
4097 38204 43122 
4098 16227 23611 
4099 22857 24802 
4100 54378 47344 
4101 24816 23113 
4102 20003 14675 
4103 63033 54791 
4104 47069 56426 
4105 48762 43836 
4106 90429 96333 
4107 3760 2519 
4108 49572 43587 
4109 81966 78077 
4110 53322 57434 
4111 84320 92819 
4112 43945 51103 
4113 66681 66312 
4114 43044 52959 
4115 27742 29153 
4116 45977 36955 
4117 27063 32642 
4118 23457 32577 
4119 32203 22326 
4120 60560 61357 
4121 65290 59292 
4122 66119 67868 
4123 84923 86830 
4124 12717 6088 
4125 45338 39726 
4126 14009 16869 
4127 67229 66416 
4128 1239 5782 
4129 36226 37950 
4130 72849 75597 
4131 51785 42668 
4132 1556 11038 
4133 75527 80345 
4134 69737 61502 
4135 20620 11422 
4136 8166 9533 
4137 1 8534 
4138 96580 91741 
4139 24407 29514 
4140 41149 48110 
4141 65077 68632 
4142 8066 6856 
4143 45955 41151 
4144 73387 73636 
4145 22443 17770 
4146 33523 38520 
4147 51437 43191 
4148 35418 28428 
4149 69497 64642 
4150 8918 3901 
4151 66703 65746 
4152 19513 27214 
4153 37885 28864 
4154 56676 60390 
4155 91723 92320 
4156 76062 70571 
4157 59714 63342 
4158 20937 21272 
4159 24188 29590 
4160 11246 4477 
4161 7665 6271 
4162 88060 84116 
4163 8568 5813 
4164 70900 64795 
4165 81208 85905 
4166 40565 35091 
4167 60922 64264 
4168 29269 37876 
4169 39430 47213 
4170 48553 50475 
4171 9983 6723 
4172 17613 8337 
4173 53100 56515 
4174 5880 7913 
4175 45037 48647 
4176 7322 5813 
4177 101487 96529 
4178 16823 24533 
4179 27300 33978 
4180 91217 94750 
4181 11058 16251 
4182 45797 55443 
4183 97124 93425 
4184 44488 48003 
4185 100429 99505 
4186 1366 10110 
4187 80348 75080 
4188 38910 29429 
4189 74827 77069 
4190 43019 38541 
4191 55187 53926 
4192 5778 14240 
4193 34156 32724 
4194 68189 64336 
4195 65186 71484 
4196 67880 67176 
4197 35801 33202 
4198 3989 2738 
4199 74659 71876 
4200 20522 17838 
4201 32752 23872 
4202 93551 94230 
4203 75547 83331 
4204 22922 31051 
4205 55169 50880 
4206 75928 73530 
4207 90623 84905 
4208 38896 30257 
4209 18369 15324 
4210 15873 11385 
4211 73008 80589 
4212 56854 52079 
4213 74760 81068 
4214 26615 30018 
4215 82233 73267 
4216 1 1067 
4217 45734 53199 
4218 84308 79204 
4219 82309 74632 
4220 87733 79943 
4221 18138 12686 
4222 7118 13860 
4223 96756 91714 
4224 106580 99838 
4225 11373 12990 
4226 76469 72482 
4227 62257 66434 
4228 84865 80645 
4229 101071 94300 
4230 53947 59962 
4231 5575 1587 
4232 37500 32973 
4233 66387 72720 
4234 71627 78430 
4235 78197 83594 
4236 4293 13085 
4237 26596 21964 
4238 90769 82302 
4239 95746 87237 
4240 68348 59417 
4241 6287 2892 
4242 96247 98882 
4243 54209 53102 
4244 50399 54944 
4245 11228 13974 
4246 91576 86507 
4247 20812 15543 
4248 9549 3879 
4249 86150 89529 
4250 19907 18936 
4251 91613 96861 
4252 52617 50016 
4253 26994 22703 
4254 33347 24668 
4255 10769 17287 
4256 100557 94936 
4257 59347 68700 
4258 60741 69386 
4259 10100 2214 
4260 31539 36370 
4261 70896 70030 
4262 93657 85708 
4263 4644 3572 
4264 59678 52142 
4265 75555 83485 
4266 60746 51652 
4267 45384 43479 
4268 44303 34694 
4269 34713 41738 
4270 60871 58483 
4271 89240 88796 
4272 98318 95117 
4273 37157 45217 
4274 29918 25200 
4275 93198 86942 
4276 77633 69136 
4277 45889 38392 
4278 72554 77614 
4279 67217 58846 
4280 92645 85814 
4281 91617 90160 
4282 81739 73657 
4283 97820 93354 
4284 82495 85186 
4285 101666 96401 
4286 35901 39830 
4287 41722 48792 
4288 80598 71629 
4289 82441 84207 
4290 61240 53064 
4291 28319 24905 
4292 40124 33454 
4293 71248 61961 
4294 35779 28199 
4295 6479 6792 
4296 22201 13172 
4297 17549 26822 
4298 8500 424 
4299 33642 34571 
4300 52347 58439 
4301 16536 26264 
4302 86352 93978 
4303 28726 37742 
4304 80938 73484 
4305 43008 50522 
4306 52506 60389 
4307 84429 79068 
4308 71094 66464 
4309 47378 48371 
4310 43511 51370 
4311 9272 10600 
4312 20733 14490 
4313 52472 54227 
4314 72940 68295 
4315 16838 11629 
4316 25182 22891 
4317 93129 97715 
4318 54696 49714 
4319 63039 60979 
4320 67816 64542 
4321 85554 94135 
4322 50452 43963 
4323 58164 55883 
4324 68700 78266 
4325 38082 47980 
4326 19302 18316 
4327 79331 85839 
4328 93366 91868 
4329 11267 14155 
4330 54575 50474 
4331 53887 56997 
4332 70889 62496 
4333 54710 50870 
4334 85248 86514 
4335 1 1787 
4336 90689 99031 
4337 40495 46808 
4338 52150 52542 
4339 89788 85897 
4340 65791 55823 
4341 95567 92263 
4342 16996 19776 
4343 892 5652 
4344 16054 25712 
4345 10775 19107 
4346 26307 21476 
4347 82641 83591 
4348 25127 21307 
4349 10605 4854 
4350 74999 67183 
4351 67668 67033 
4352 83672 78411 
4353 18726 12915 
4354 12040 10308 
4355 63157 67019 
4356 18713 25493 
4357 19989 28792 
4358 34261 31867 
4359 24090 15049 
4360 7879 9257 
4361 6579 15854 
4362 13680 20649 
4363 94925 88806 
4364 39947 46768 
4365 10189 17989 
4366 60623 68861 
4367 48260 43650 
4368 61164 65998 
4369 42469 37723 
4370 16509 14078 
4371 76701 77669 
4372 82946 87071 
4373 96572 98388 
4374 22266 18480 
4375 11412 4962 
4376 4179 7995 
4377 27886 21280 
4378 94044 93070 
4379 30433 33943 
4380 93502 91795 
4381 83523 91897 
4382 38015 32206 
4383 1 4009 
4384 46390 55891 
4385 5420 15108 
4386 23866 29762 
4387 71496 79626 
4388 95852 92000 
4389 69846 61677 
4390 95751 91955 
4391 30739 26229 
4392 77734 77017 
4393 58460 62893 
4394 79217 82342 
4395 86004 88013 
4396 40956 44504 
4397 54332 46853 
4398 80624 74360 
4399 62431 69315 
4400 69867 65072 
4401 23105 27458 
4402 35467 42435 
4403 96491 96431 
4404 35749 40269 
4405 13375 16889 
4406 18755 19129 
4407 88586 81556 
4408 66653 57977 
4409 76983 75273 
4410 34059 35365 
4411 94523 94110 
4412 43204 36851 
4413 83044 75645 
4414 20107 21967 
4415 49091 58372 
4416 100346 94263 
4417 1 4873 
4418 83305 89302 
4419 39418 30536 
4420 1 7003 
4421 24719 16106 
4422 44077 42261 
4423 58278 55539 
4424 84417 79245 
4425 51170 54025 
4426 67402 71584 
4427 82848 83804 
4428 51095 50104 
4429 87826 83158 
4430 1 6086 
4431 8143 10720 
4432 75808 81149 
4433 88574 83854 
4434 90804 80878 
4435 93998 84936 
4436 24681 20444 
4437 26793 21814 
4438 92334 94395 
4439 59716 59144 
4440 26405 23114 
4441 50771 59999 
4442 70096 67978 
4443 48410 50587 
4444 12545 8026 
4445 80632 71746 
4446 48904 46353 
4447 10286 9610 
4448 56831 53175 
4449 29396 38115 
4450 61913 54111 
4451 27357 29220 
4452 77332 67749 
4453 76468 82032 
4454 16241 7584 
4455 70118 75749 
4456 67191 59717 
4457 27592 19393 
4458 3533 6648 
4459 22006 18513 
4460 2853 7151 
4461 32978 30583 
4462 64542 60548 
4463 30785 32183 
4464 16457 9175 
4465 30800 21470 
4466 73896 64670 
4467 86562 84560 
4468 71753 72298 
4469 22247 27500 
4470 7290 6744 
4471 57247 56254 
4472 77749 82576 
4473 57529 55874 
4474 64193 54493 
4475 25817 35280 
4476 1 169 
4477 1505 1608 
4478 17218 16245 
4479 49623 46650 
4480 60632 64114 
4481 5042 1074 
4482 71720 76575 
4483 67727 67583 
4484 90194 80575 
4485 45263 50975 
4486 6730 7062 
4487 56809 50345 
4488 54167 61824 
4489 46068 51286 
4490 33753 41966 
4491 46464 47948 
4492 15486 12637 
4493 28797 34985 
4494 9711 5973 
4495 36574 38568 
4496 6029 8188 
4497 74905 71923 
4498 26290 23700 
4499 31688 40614 
4500 69306 67736 
4501 40275 46939 
4502 92463 98926 
4503 40879 33976 
4504 94585 97160 
4505 29218 22033 
4506 60952 68253 
4507 61681 66618 
4508 28250 34816 
4509 59026 53870 
4510 26567 31770 
4511 87755 86005 
4512 61126 61737 
4513 63891 57941 
4514 42575 39699 
4515 21708 17016 
4516 12264 7464 
4517 36715 31542 
4518 80198 72884 
4519 23364 25855 
4520 88149 90366 
4521 91695 91335 
4522 43670 43905 
4523 25814 27086 
4524 44486 43044 
4525 44337 41387 
4526 70930 80535 
4527 6766 7188 
4528 82043 77228 
4529 79560 77965 
4530 61323 70480 
4531 17327 25739 
4532 102469 93221 
4533 60766 53763 
4534 25529 24573 
4535 89393 81907 
4536 10300 15669 
4537 13259 9869 
4538 101495 92588 
4539 42953 45244 
4540 23447 14494 
4541 59701 69620 
4542 56464 57825 
4543 84930 80954 
4544 26907 20699 
4545 88198 85741 
4546 82042 91582 
4547 95666 96368 
4548 2477 1761 
4549 32655 39638 
4550 16668 7229 
4551 18239 27784 
4552 25983 27905 
4553 83537 88629 
4554 74905 70162 
4555 10217 15735 
4556 23120 20514 
4557 26532 19998 
4558 82659 79755 
4559 88184 86843 
4560 79774 83913 
4561 92420 87403 
4562 16336 10001 
4563 70086 68798 
4564 15067 13714 
4565 96004 95011 
4566 55976 62279 
4567 93105 89490 
4568 30667 33941 
4569 23381 31125 
4570 44765 46663 
4571 45156 38836 
4572 85889 80644 
4573 36747 27452 
4574 89706 88746 
4575 40383 48811 
4576 50156 43273 
4577 75590 65658 
4578 72262 81598 
4579 7908 10823 
4580 63415 60074 
4581 58234 55806 
4582 37895 42799 
4583 12522 9220 
4584 30138 36487 
4585 1372 10496 
4586 254 3712 
4587 58929 56998 
4588 67357 62520 
4589 93416 97729 
4590 24686 29264 
4591 17610 20605 
4592 43003 47568 
4593 9798 3470 
4594 53960 53208 
4595 54718 54688 
4596 11453 20094 
4597 94207 96828 
4598 70427 71657 
4599 99005 92019 
4600 34382 41161 
4601 39177 45962 
4602 86186 94832 
4603 29430 19618 
4604 7826 7857 
4605 50519 52259 
4606 76319 80116 
4607 44243 36389 
4608 20920 21651 
4609 8719 8795 
4610 1 212 
4611 7403 12636 
4612 84050 83459 
4613 82733 73615 
4614 93420 88746 
4615 29732 23186 
4616 42389 50416 
4617 68127 75143 
4618 25304 23084 
4619 84082 92060 
4620 76567 71621 
4621 31929 26038 
4622 77439 79432 
4623 65491 72217 
4624 102818 95172 
4625 34745 40694 
4626 87649 86917 
4627 67948 60465 
4628 68745 63851 
4629 73474 69997 
4630 1 198 
4631 58578 49207 
4632 16420 22608 
4633 36543 40172 
4634 52315 45127 
4635 49279 40072 
4636 77719 70918 
4637 13799 11308 
4638 16112 22560 
4639 74258 72747 
4640 24951 18328 
4641 20255 22033 
4642 21395 26175 
4643 9253 14544 
4644 69828 73035 
4645 38164 31529 
4646 80406 83984 
4647 31343 29428 
4648 58067 52509 
4649 48696 55211 
4650 37134 45430 
4651 38303 45881 
4652 86429 96138 
4653 75111 70618 
4654 46607 54544 
4655 19715 21519 
4656 1 771 
4657 75816 82498 
4658 38554 43575 
4659 87910 96976 
4660 70141 66454 
4661 27709 37335 
4662 23153 30204 
4663 41524 33021 
4664 103869 96843 
4665 73539 71418 
4666 27681 18668 
4667 5006 12260 
4668 95311 99107 
4669 42545 46613 
4670 36870 33613 
4671 47289 43771 
4672 54823 51993 
4673 43517 42908 
4674 55484 57216 
4675 41267 41379 
4676 26048 31106 
4677 75953 70411 
4678 96417 86815 
4679 15145 8583 
4680 65338 74094 
4681 42268 35884 
4682 15818 22269 
4683 52031 51100 
4684 39967 43494 
4685 83229 88368 
4686 95866 89259 
4687 48684 50913 
4688 14608 15950 
4689 100744 93363 
4690 52564 45711 
4691 47502 37758 
4692 47348 44930 
4693 74760 82938 
4694 52905 60172 
4695 9665 15366 
4696 28611 25690 
4697 41257 37333 
4698 47078 39038 
4699 34464 41718 
4700 17094 15879 
4701 61588 61887 
4702 19156 20508 
4703 91115 86741 
4704 1 3381 
4705 72681 79995 
4706 46939 48119 
4707 81955 85300 
4708 55876 64009 
4709 35647 39926 
4710 12666 17239 
4711 28476 27149 
4712 95893 98627 
4713 36579 42025 
4714 85946 89794 
4715 1 8262 
4716 11954 15418 
4717 41531 40662 
4718 59349 68662 
4719 21775 31661 
4720 11515 20260 
4721 41074 36488 
4722 23908 19404 
4723 4443 602 
4724 44219 44813 
4725 48283 55989 
4726 80174 77205 
4727 69763 63154 
4728 48711 44188 
4729 56413 65469 
4730 61279 59870 
4731 27146 32255 
4732 92287 85939 
4733 34837 31337 
4734 38985 32109 
4735 58664 55803 
4736 19875 26638 
4737 63319 73262 
4738 34357 34179 
4739 74133 66532 
4740 72559 77888 
4741 38215 30570 
4742 64066 55705 
4743 49330 42534 
4744 26390 34331 
4745 50293 54467 
4746 1 6437 
4747 45673 51543 
4748 24653 30406 
4749 69708 63085 
4750 19298 22900 
4751 26402 17587 
4752 97337 91622 
4753 89156 95074 
4754 47576 45967 
4755 42909 52869 
4756 16221 25784 
4757 26808 25353 
4758 49330 47512 
4759 68544 67808 
4760 32541 28754 
4761 55312 54033 
4762 39063 46987 
4763 70082 78015 
4764 78185 80391 
4765 44717 44788 
4766 88707 79871 
4767 44590 41995 
4768 53897 46049 
4769 93801 92631 
4770 40121 43813 
4771 50622 46770 
4772 18079 21479 
4773 90623 89190 
4774 70741 61829 
4775 33829 28082 
4776 10057 10582 
4777 82818 80858 
4778 17559 12293 
4779 50912 50798 
4780 11097 17098 
4781 29627 20532 
4782 13614 9059 
4783 27546 26036 
4784 51715 47636 
4785 23410 29921 
4786 25443 17240 
4787 49915 51231 
4788 90774 85506 
4789 77678 76149 
4790 25404 28757 
4791 27831 33105 
4792 18738 19900 
4793 86570 87314 
4794 18078 13222 
4795 52047 42806 
4796 70269 63746 
4797 10239 7360 
4798 14202 13363 
4799 60073 62309 
4800 86304 92881 
4801 8632 5556 
4802 37246 31132 
4803 19582 13504 
4804 92133 89117 
4805 71347 76491 
4806 52649 62138 
4807 1 1712 
4808 66639 76022 
4809 9869 11885 
4810 56097 57571 
4811 55114 51819 
4812 88301 94917 
4813 86438 84172 
4814 5638 14916 
4815 62091 53264 
4816 94188 92397 
4817 35198 26180 
4818 52506 61798 
4819 85006 86920 
4820 14028 19788 
4821 10521 8058 
4822 23796 20619 
4823 104635 95556 
4824 82117 79385 
4825 28166 36479 
4826 5515 9679 
4827 70428 61283 
4828 23428 19141 
4829 16326 10060 
4830 77380 84937 
4831 72190 74378 
4832 33051 27580 
4833 29473 35653 
4834 60406 61193 
4835 24307 20779 
4836 96052 90883 
4837 630 6136 
4838 79095 79801 
4839 21827 25473 
4840 18266 18521 
4841 41944 50301 
4842 66709 71135 
4843 8194 3856 
4844 92767 92919 
4845 79541 79317 
4846 98042 98999 
4847 22843 15463 
4848 79535 83282 
4849 69965 60076 
4850 83864 76666 
4851 14334 20127 
4852 53582 55541 
4853 71101 69944 
4854 92597 84379 
4855 14199 19482 
4856 63158 56649 
4857 103053 98585 
4858 44202 35077 
4859 83227 92806 
4860 84663 93519 
4861 80526 87641 
4862 32463 32480 
4863 61886 54522 
4864 23103 16546 
4865 1 4812 
4866 66894 69932 
4867 81616 80758 
4868 62272 62840 
4869 52310 60430 
4870 49941 45954 
4871 68368 61540 
4872 15051 23359 
4873 57063 59913 
4874 74348 79832 
4875 80502 74395 
4876 82801 88610 
4877 73015 69614 
4878 39502 34267 
4879 82677 73272 
4880 74103 66754 
4881 41965 36536 
4882 29160 26163 
4883 6317 14244 
4884 43995 36415 
4885 61298 52815 
4886 35976 35300 
4887 47007 44755 
4888 1 4142 
4889 78870 71904 
4890 9503 17897 
4891 72014 80801 
4892 15661 13730 
4893 52374 47367 
4894 88687 85913 
4895 14558 21556 
4896 76615 81701 
4897 12489 15398 
4898 93885 91236 
4899 15616 11711 
4900 99451 95357 
4901 20358 24077 
4902 84000 87604 
4903 41566 44410 
4904 27878 33129 
4905 81983 85490 
4906 26874 35214 
4907 76185 69452 
4908 51778 50371 
4909 73394 64984 
4910 101607 91888 
4911 61741 61795 
4912 59131 56158 
4913 14278 14090 
4914 1 978 
4915 42829 46681 
4916 99892 95687 
4917 28338 31678 
4918 91521 87687 
4919 20819 21806 
4920 47000 50982 
4921 26004 20403 
4922 77575 85787 
4923 16285 15730 
4924 75450 73531 
4925 7448 3285 
4926 50250 40820 
4927 13830 7609 
4928 81612 84483 
4929 45413 36086 
4930 71263 73170 
4931 44514 38694 
4932 33516 34226 
4933 25655 21556 
4934 41164 31728 
4935 27631 29667 
4936 73433 82327 
4937 98409 94520 
4938 33139 25635 
4939 50027 55589 
4940 29838 36349 
4941 31823 29394 
4942 50464 43096 
4943 35864 26122 
4944 48360 42054 
4945 36762 35263 
4946 15100 24247 
4947 1 1275 
4948 5969 1968 
4949 76497 82085 
4950 46121 38148 
4951 1 1196 
4952 70089 78354 
4953 33029 25491 
4954 73985 71290 
4955 37067 34393 
4956 85502 91517 
4957 75887 77636 
4958 33805 41360 
4959 64071 54569 
4960 100165 99004 
4961 28003 23994 
4962 99801 97814 
4963 36696 34316 
4964 60910 52694 
4965 93894 92708 
4966 24830 16758 
4967 36429 40702 
4968 49734 48137 
4969 12202 20698 
4970 71489 77493 
4971 78431 71075 
4972 44638 45998 
4973 73411 79677 
4974 69269 66545 
4975 42775 42219 
4976 100748 93593 
4977 25021 26010 
4978 7404 1506 
4979 82000 86349 
4980 58104 55672 
4981 26569 16645 
4982 86702 87066 
4983 52745 61389 
4984 7031 16753 
4985 12904 6784 
4986 61405 57671 
4987 5377 10263 
4988 46080 39942 
4989 18748 27891 
4990 89539 95726 
4991 26244 28611 
4992 24296 23409 
4993 67576 70579 
4994 10075 6607 
4995 20264 10289 
4996 56178 59818 
4997 47629 57469 
4998 82618 89445 
4999 41550 42956 
5000 36309 43198 
