npieces: 5000
capacity: 14895482
1 26190 34486 
2 28110 20586 
3 33308 26280 
4 38413 45337 
5 17146 8354 
6 98956 96936 
7 20459 29539 
8 14179 8954 
9 27761 37675 
10 67986 74696 
11 98331 97354 
12 70190 65017 
13 70810 79938 
14 38086 40058 
15 69220 77851 
16 15973 23355 
17 40879 39139 
18 91733 96454 
19 76411 79519 
20 85324 91004 
21 46531 49139 
22 30402 25134 
23 38378 31498 
24 5768 5013 
25 82553 74883 
26 6511 110 
27 24593 30872 
28 28121 28246 
29 28142 37068 
30 31251 30685 
31 24279 22192 
32 1 1834 
33 63595 65810 
34 62506 59211 
35 78903 73698 
36 69416 63415 
37 75085 70050 
38 58730 52131 
39 64004 62762 
40 14202 20893 
41 79220 87029 
42 2430 3144 
43 12499 10764 
44 3934 4532 
45 24960 33101 
46 55955 57593 
47 62413 53432 
48 26926 20880 
49 14056 14773 
50 86655 85646 
51 39100 31077 
52 2742 9694 
53 73015 80227 
54 12425 3194 
55 59610 66359 
56 86272 94374 
57 95072 85431 
58 100067 94313 
59 88982 80794 
60 44167 50024 
61 37828 35387 
62 92747 99425 
63 96026 94758 
64 74827 66081 
65 93163 92290 
66 3710 4546 
67 92790 93691 
68 41410 40421 
69 59151 68714 
70 55390 45800 
71 78480 74116 
72 12306 3460 
73 78666 81852 
74 72236 68677 
75 16157 20694 
76 8927 10567 
77 91187 99753 
78 89070 83561 
79 2295 1743 
80 89430 98257 
81 74815 82540 
82 81896 89308 
83 65908 56345 
84 78596 79040 
85 2399 10732 
86 100657 92768 
87 21076 26022 
88 57226 52170 
89 61620 71384 
90 95764 91185 
91 41319 45427 
92 39893 37251 
93 63034 65355 
94 8326 7110 
95 21345 13030 
96 79361 75795 
97 62829 69671 
98 95350 96943 
99 93655 93074 
100 9100 4482 
101 22090 15803 
102 89729 81910 
103 46274 47760 
104 76180 75886 
105 96855 92959 
106 70663 66624 
107 52497 52485 
108 63203 66097 
109 58028 57269 
110 105499 99659 
111 2044 11873 
112 75226 71229 
113 98118 95815 
114 72618 78959 
115 46395 37147 
116 65795 63425 
117 81544 72781 
118 23005 19295 
119 37833 38935 
120 30385 28195 
121 43164 40134 
122 56750 54247 
123 91555 93634 
124 72457 74757 
125 64573 63803 
126 21989 28109 
127 11190 1970 
128 5668 5634 
129 7888 3809 
130 34486 42417 
131 65778 70888 
132 53084 44943 
133 50417 56853 
134 27624 33614 
135 19832 15695 
136 14155 5532 
137 56237 49503 
138 35595 32409 
139 67583 61980 
140 77637 83218 
141 62772 68721 
142 31630 41375 
143 66441 61453 
144 107 8085 
145 72271 63047 
146 58789 64616 
147 76539 85388 
148 58424 55617 
149 5260 13319 
150 9993 12408 
151 1 523 
152 41585 35087 
153 20809 23040 
154 34208 26122 
155 80269 83368 
156 15957 17070 
157 81134 78316 
158 75318 75413 
159 53286 45768 
160 86027 91051 
161 15968 16527 
162 1 7017 
163 55066 50044 
164 60876 58924 
165 65633 56183 
166 50323 45616 
167 91929 82785 
168 59072 51438 
169 18463 9820 
170 38465 33679 
171 32962 41337 
172 37545 31116 
173 893 3391 
174 26971 30820 
175 57246 48565 
176 97840 89209 
177 81763 74540 
178 87310 84679 
179 44310 51980 
180 9347 15074 
181 7771 7033 
182 30110 20171 
183 33759 40898 
184 28669 36462 
185 24960 23559 
186 56850 65243 
187 44265 40996 
188 2399 10015 
189 69674 66910 
190 35684 43455 
191 59003 64328 
192 69841 77713 
193 32345 31442 
194 23053 33046 
195 29591 28943 
196 23133 17848 
197 94491 85218 
198 83794 89212 
199 78341 71749 
200 92830 97027 
201 69492 68597 
202 78626 82403 
203 35503 39165 
204 21006 16701 
205 85164 82909 
206 37930 45883 
207 19717 25366 
208 982 2952 
209 86340 80021 
210 44369 48491 
211 15856 21146 
212 84691 80930 
213 34214 36421 
214 80020 74103 
215 87741 79836 
216 47840 40545 
217 8645 18042 
218 31079 33338 
219 54619 62487 
220 24832 30392 
221 81769 83088 
222 82049 87243 
223 1 5939 
224 51913 45586 
225 78112 79754 
226 63951 58906 
227 67486 69409 
228 32016 39475 
229 50846 47125 
230 57370 57425 
231 66766 57307 
232 53347 53724 
233 27046 18603 
234 26666 19764 
235 38960 40871 
236 63495 68870 
237 91317 92651 
238 20319 11235 
239 12561 18995 
240 68998 61475 
241 56597 57251 
242 5351 757 
243 74845 77527 
244 42577 52129 
245 54695 62888 
246 26537 27005 
247 50129 56440 
248 11229 13768 
249 83054 78394 
250 64580 59494 
251 6555 16321 
252 92229 98457 
253 30381 37475 
254 65311 74296 
255 19995 12745 
256 17193 20303 
257 20330 27894 
258 96306 93490 
259 45832 41073 
260 56006 47199 
261 12670 8849 
262 12114 10927 
263 24205 20293 
264 83235 84537 
265 69484 66973 
266 37866 35492 
267 23696 14264 
268 13401 11910 
269 79760 86059 
270 40923 42013 
271 97380 92554 
272 64789 73033 
273 97758 98710 
274 62487 54981 
275 76434 75011 
276 99195 91296 
277 20500 15941 
278 73865 78044 
279 11868 7703 
280 7608 14338 
281 40973 47399 
282 6825 2176 
283 62754 72033 
284 57024 61313 
285 34355 39158 
286 18111 21959 
287 59147 59017 
288 26341 18951 
289 12658 8791 
290 37421 45153 
291 5742 2080 
292 56018 65658 
293 83197 82038 
294 38342 31352 
295 79848 89025 
296 69124 65849 
297 9796 4172 
298 28913 29168 
299 33093 31728 
300 99172 91582 
301 12514 21498 
302 50831 60297 
303 14944 24188 
304 39438 32347 
305 39456 36493 
306 25290 17946 
307 20212 29309 
308 75790 81279 
309 78704 87866 
310 20938 17813 
311 86644 89048 
312 94829 98608 
313 2287 3200 
314 22929 20520 
315 43869 43064 
316 81508 79920 
317 75073 82795 
318 5209 7511 
319 48133 40212 
320 8588 5147 
321 2972 7692 
322 82605 86981 
323 38383 32462 
324 75528 70916 
325 46523 47843 
326 23346 27273 
327 65362 67952 
328 49146 52829 
329 3990 13048 
330 25265 20443 
331 46894 41294 
332 6038 6701 
333 32487 41115 
334 62003 64262 
335 2725 8008 
336 53654 51065 
337 72762 72713 
338 53894 46741 
339 20193 28614 
340 92897 85310 
341 71398 66631 
342 2429 11592 
343 103123 96604 
344 87621 80114 
345 43519 43750 
346 58917 61821 
347 4803 6182 
348 35689 36072 
349 89377 99071 
350 45571 47305 
351 83399 83882 
352 18815 9354 
353 31408 35254 
354 84292 76638 
355 90892 91258 
356 72044 80735 
357 49738 46969 
358 6201 9221 
359 68452 71793 
360 20041 15748 
361 38059 28672 
362 34696 33923 
363 37080 28755 
364 38524 42452 
365 76055 67756 
366 64882 68245 
367 51767 60527 
368 59774 57250 
369 46213 46217 
370 39282 31413 
371 81745 84350 
372 49180 47260 
373 62100 70510 
374 14364 20820 
375 60981 60386 
376 45408 43175 
377 57298 58521 
378 21612 25600 
379 16321 22634 
380 95681 95815 
381 86861 81749 
382 45280 48701 
383 1 682 
384 8182 7541 
385 82041 87893 
386 68559 65357 
387 43070 42661 
388 53968 61032 
389 41485 44408 
390 60697 57610 
391 95668 96005 
392 53692 49103 
393 96092 89221 
394 63359 71336 
395 59250 65150 
396 86919 94739 
397 80625 72814 
398 51848 48310 
399 85867 77872 
400 83926 82135 
401 14705 19278 
402 18858 28411 
403 92697 83652 
404 51033 59033 
405 92231 90092 
406 6849 9946 
407 58929 59340 
408 71615 76464 
409 31793 38424 
410 62992 58320 
411 101474 95621 
412 89353 90957 
413 69445 65483 
414 58561 63731 
415 41932 35221 
416 81892 85212 
417 40580 46345 
418 90860 92306 
419 64240 69422 
420 21415 23394 
421 82288 79551 
422 49447 54041 
423 53899 58155 
424 99044 96926 
425 25973 21286 
426 44363 34475 
427 19940 27056 
428 38288 28970 
429 75805 65920 
430 82683 73192 
431 53378 51341 
432 94679 86968 
433 11241 20728 
434 59495 50471 
435 10391 14649 
436 1 2647 
437 77570 81092 
438 103301 93370 
439 1 7288 
440 33335 30317 
441 80076 72996 
442 101345 91982 
443 78105 84214 
444 12052 7964 
445 62158 58209 
446 54231 50154 
447 86123 91595 
448 16287 6943 
449 77419 77841 
450 65411 66221 
451 40399 42711 
452 19270 9835 
453 96381 87215 
454 13149 7409 
455 85394 93860 
456 63344 71024 
457 102875 97989 
458 2247 6476 
459 66728 69545 
460 22093 27992 
461 75669 71907 
462 96598 91692 
463 59996 50083 
464 7807 7940 
465 85859 90822 
466 17864 25528 
467 100574 93468 
468 51382 59444 
469 56162 64532 
470 66782 67763 
471 28288 24262 
472 30737 24829 
473 17023 18492 
474 78883 82554 
475 1 4542 
476 82500 76689 
477 37055 46329 
478 14352 16002 
479 78023 77003 
480 15405 22237 
481 15431 9197 
482 62795 54429 
483 82943 91805 
484 96607 95652 
485 25196 24167 
486 65519 61619 
487 44337 39984 
488 42260 36358 
489 90584 84351 
490 84434 85771 
491 1 2761 
492 34617 27293 
493 74843 78679 
494 85256 89089 
495 85493 94837 
496 59444 55676 
497 73928 82553 
498 67638 77487 
499 38618 33230 
500 23889 26704 
501 40705 45021 
502 90959 82598 
503 21952 15223 
504 8828 12513 
505 12971 18657 
506 63886 70259 
507 51357 49053 
508 1 1103 
509 27293 36209 
510 47071 55165 
511 1201 1814 
512 67250 58646 
513 1 3518 
514 77042 71714 
515 78194 83075 
516 69504 66956 
517 96450 99272 
518 58070 61631 
519 60356 56047 
520 18248 18272 
521 11539 2647 
522 725 5415 
523 89589 92238 
524 76227 70170 
525 24976 21403 
526 95132 98120 
527 36914 31489 
528 69987 71168 
529 9551 15633 
530 70488 77899 
531 5328 10991 
532 29378 19628 
533 25555 18174 
534 53317 48883 
535 76744 83211 
536 98130 99288 
537 29982 32883 
538 73227 63610 
539 67771 64114 
540 89973 91732 
541 65930 64713 
542 10999 19288 
543 91325 97707 
544 54452 54988 
545 11680 9700 
546 86053 76574 
547 42934 49735 
548 58713 48996 
549 56019 56306 
550 43328 37588 
551 17924 14656 
552 57482 47933 
553 59663 52299 
554 26681 27105 
555 3411 10011 
556 80636 84751 
557 93428 88560 
558 99829 99105 
559 50153 46632 
560 41536 48847 
561 5573 1389 
562 79829 84909 
563 14555 11262 
564 31960 27880 
565 72506 65304 
566 33678 35161 
567 108374 98945 
568 22324 28835 
569 81661 82449 
570 1943 5039 
571 83670 78398 
572 78638 85377 
573 53548 49826 
574 46114 42358 
575 39996 43211 
576 103720 94397 
577 27991 30015 
578 20828 20143 
579 100049 92521 
580 94359 90924 
581 82500 80516 
582 54832 45395 
583 23633 32035 
584 32217 27742 
585 282 699 
586 11684 2328 
587 100477 91214 
588 56956 64636 
589 30119 33493 
590 50435 54507 
591 35222 33897 
592 34090 34345 
593 30838 22222 
594 31065 34869 
595 28288 36668 
596 70542 61283 
597 53090 51723 
598 26737 32536 
599 99950 90394 
600 5020 12706 
601 74078 84028 
602 52722 47697 
603 34805 36768 
604 46023 53973 
605 33475 28540 
606 13077 21717 
607 90413 90966 
608 53770 46665 
609 56340 60494 
610 58472 49685 
611 29558 36810 
612 74449 70531 
613 66952 72319 
614 84032 92668 
615 29193 32986 
616 35193 34946 
617 2559 12233 
618 28631 24557 
619 22339 12552 
620 1 4096 
621 18018 20395 
622 34019 34535 
623 1 389 
624 85505 89392 
625 64665 65619 
626 15708 8643 
627 52207 58696 
628 5851 13599 
629 46573 46902 
630 61553 59794 
631 69332 68662 
632 56693 58388 
633 1 6932 
634 50248 46561 
635 56481 56026 
636 88464 82481 
637 59182 63767 
638 32484 35414 
639 42775 33195 
640 42184 43121 
641 39282 34930 
642 62646 66641 
643 66785 75114 
644 27483 35306 
645 86186 79331 
646 1 2894 
647 16035 6883 
648 63267 61578 
649 23531 29970 
650 54831 48576 
651 88873 90729 
652 8088 4188 
653 53108 59442 
654 1459 9877 
655 85621 91195 
656 37652 31394 
657 90794 94493 
658 74223 81398 
659 20955 19236 
660 103395 99097 
661 104931 97306 
662 82287 88485 
663 14673 10324 
664 71515 70170 
665 31017 32088 
666 65266 75166 
667 22439 15081 
668 45720 35925 
669 34432 40402 
670 14362 14104 
671 17368 21739 
672 68851 58901 
673 39136 39786 
674 14187 20995 
675 63785 64137 
676 11510 18176 
677 78357 79183 
678 47433 52394 
679 39976 30814 
680 72087 76246 
681 54310 62873 
682 41636 33552 
683 1 848 
684 95684 98831 
685 23638 31081 
686 56048 51828 
687 28021 37645 
688 38896 40159 
689 4080 6668 
690 79841 77902 
691 1 6797 
692 3719 9108 
693 42413 37430 
694 8405 4337 
695 48578 43381 
696 42049 39155 
697 5964 14633 
698 34209 44073 
699 24838 19824 
700 10450 11808 
701 60185 65005 
702 8853 16572 
703 84883 91701 
704 7160 15188 
705 32271 32727 
706 101455 94795 
707 44622 43686 
708 12255 18503 
709 80771 84196 
710 92838 90767 
711 90516 83756 
712 42890 40485 
713 88894 92956 
714 27273 22430 
715 42468 49374 
716 64059 68154 
717 87160 93809 
718 10994 1445 
719 17338 23640 
720 87886 88361 
721 54404 47039 
722 41708 33325 
723 25885 34470 
724 95330 90413 
725 32444 22700 
726 89175 90519 
727 77271 67640 
728 1007 2304 
729 44831 37542 
730 51327 57538 
731 9008 2413 
732 104957 99923 
733 58885 52745 
734 93340 92514 
735 1 6954 
736 45004 36016 
737 89315 83001 
738 53537 54696 
739 1 8257 
740 33817 25052 
741 33455 35201 
742 46705 52382 
743 18020 11533 
744 72542 77784 
745 14351 20668 
746 17339 24937 
747 79605 87186 
748 46233 42877 
749 35943 33930 
750 8428 9607 
751 14851 24799 
752 53287 57373 
753 15468 23351 
754 7567 6704 
755 61248 56077 
756 69014 76327 
757 7300 15033 
758 39509 49111 
759 71657 68030 
760 1 5089 
761 37810 30513 
762 43249 41096 
763 92514 93377 
764 13318 9293 
765 58694 52550 
766 36513 34473 
767 50891 58314 
768 76521 74086 
769 59548 64495 
770 91811 93659 
771 86475 84124 
772 79536 75298 
773 36199 46151 
774 67006 71479 
775 29705 31872 
776 22859 31759 
777 44634 46584 
778 83116 73394 
779 30298 22477 
780 81724 90295 
781 73516 66099 
782 70229 66235 
783 11992 2144 
784 49148 58622 
785 8713 13012 
786 57249 65338 
787 89376 85954 
788 1 6912 
789 1 6624 
790 94951 91601 
791 67612 76807 
792 14277 20598 
793 18487 16359 
794 60919 56412 
795 66160 62731 
796 51262 51567 
797 25639 24932 
798 42764 49746 
799 32278 32628 
800 75244 76696 
801 21011 21594 
802 5589 8963 
803 51318 42741 
804 82206 83735 
805 42094 39766 
806 104342 99001 
807 29536 26727 
808 99287 93353 
809 31739 25905 
810 89923 96601 
811 50795 41039 
812 29242 25897 
813 29638 39373 
814 56114 47585 
815 42249 46588 
816 51895 58538 
817 59964 69749 
818 7724 7369 
819 20631 24231 
820 8511 18233 
821 35203 30975 
822 87175 85828 
823 1323 10451 
824 62316 54014 
825 56664 55371 
826 42090 36094 
827 6588 1196 
828 54512 46265 
829 49608 43554 
830 1 1308 
831 47892 38314 
832 55819 53382 
833 22370 20409 
834 10064 18433 
835 643 3308 
836 7321 10299 
837 59125 68557 
838 41946 43173 
839 74281 69023 
840 75230 84487 
841 90876 91975 
842 14233 17469 
843 70840 79223 
844 64866 61299 
845 28908 30519 
846 44649 36344 
847 70290 65394 
848 40544 41730 
849 89179 86715 
850 96546 87998 
851 1976 2074 
852 67022 69809 
853 41324 44854 
854 31948 37361 
855 87551 91936 
856 64443 68953 
857 48444 47994 
858 23869 25901 
859 47460 52195 
860 32506 42218 
861 85826 80289 
862 59684 56137 
863 17447 16265 
864 65862 67312 
865 42912 40109 
866 50387 47572 
867 38594 37059 
868 47782 48752 
869 82955 90413 
870 72437 62747 
871 63860 58698 
872 77200 76136 
873 33124 34361 
874 1 1439 
875 34902 35110 
876 35730 37556 
877 50430 59186 
878 6917 12641 
879 23366 19427 
880 28997 26821 
881 16008 14149 
882 23074 16600 
883 70849 79611 
884 31903 28522 
885 69891 64807 
886 89552 94615 
887 53357 43921 
888 1 1064 
889 14869 22903 
890 51898 59498 
891 67295 67602 
892 67219 66531 
893 79795 81312 
894 50852 51606 
895 85536 87091 
896 76401 77461 
897 5998 15030 
898 67608 69374 
899 87954 95287 
900 62787 67731 
901 104609 98742 
902 99164 98458 
903 65828 58568 
904 57407 48397 
905 21742 15144 
906 39461 46879 
907 89747 99643 
908 90356 82221 
909 64286 72094 
910 84294 81372 
911 42469 49551 
912 5196 4148 
913 70240 78772 
914 873 8408 
915 29273 34891 
916 58740 52353 
917 412 7279 
918 55684 57591 
919 51930 54724 
920 27075 26187 
921 14673 14208 
922 59212 58836 
923 100003 99798 
924 96835 87844 
925 10461 12224 
926 42366 34694 
927 16143 23976 
928 50578 53590 
929 12954 16883 
930 87383 84220 
931 70956 71819 
932 35074 40967 
933 82201 72583 
934 28118 24451 
935 13078 19353 
936 58155 48502 
937 84549 88820 
938 19936 24380 
939 62854 60567 
940 65502 70013 
941 33865 32731 
942 43382 37736 
943 80546 73941 
944 19072 11663 
945 16029 10568 
946 38740 39806 
947 74976 70922 
948 19229 14232 
949 27868 32369 
950 64122 71985 
951 74014 78746 
952 77220 81186 
953 56883 56758 
954 8880 1676 
955 98249 97362 
956 7753 5228 
957 57114 57729 
958 46740 53847 
959 44160 39848 
960 4320 13074 
961 99319 91525 
962 8515 17873 
963 90444 89213 
964 12747 15690 
965 99302 99521 
966 75735 70613 
967 53674 59260 
968 50457 43650 
969 85466 93116 
970 18853 25335 
971 34130 24442 
972 37644 34277 
973 11920 14663 
974 1 3686 
975 16461 21718 
976 80781 79861 
977 16581 22240 
978 55692 58185 
979 16493 26327 
980 11008 15023 
981 61843 60363 
982 82477 79748 
983 85804 76979 
984 15008 24876 
985 45589 39769 
986 97866 96498 
987 69934 73540 
988 39826 38812 
989 87322 92226 
990 30998 40009 
991 28857 34770 
992 15826 8522 
993 13242 13804 
994 74322 75899 
995 82900 86702 
996 39932 31837 
997 17079 16675 
998 41639 50417 
999 27355 30834 
1000 1 4498 
1001 32048 27073 
1002 9194 10352 
1003 63323 60515 
1004 45326 55013 
1005 70692 65765 
1006 37935 35285 
1007 29987 37489 
1008 54906 49511 
1009 48223 57693 
1010 84520 79066 
1011 83381 77043 
1012 31565 29062 
1013 52729 57310 
1014 42919 40561 
1015 12426 10190 
1016 79200 84330 
1017 52799 60296 
1018 23724 24549 
1019 24446 25517 
1020 13158 7667 
1021 48834 54020 
1022 4186 5726 
1023 19504 10471 
1024 19990 22782 
1025 28494 31559 
1026 53323 50779 
1027 71045 64573 
1028 74391 83231 
1029 27959 24494 
1030 30140 25079 
1031 59784 56826 
1032 51465 46982 
1033 46607 50978 
1034 86526 81414 
1035 73158 68339 
1036 99365 95804 
1037 51636 43347 
1038 67929 66390 
1039 8327 9639 
1040 81355 91108 
1041 5772 15198 
1042 31627 37777 
1043 31487 37854 
1044 32775 26268 
1045 73757 75145 
1046 46145 55031 
1047 25814 21259 
1048 81566 72091 
1049 9892 16803 
1050 50990 56582 
1051 37639 28364 
1052 5907 15090 
1053 21277 25031 
1054 16196 18931 
1055 31228 39430 
1056 77040 67565 
1057 102794 98775 
1058 29480 34512 
1059 72155 62987 
1060 24206 29553 
1061 94574 87810 
1062 16863 22278 
1063 18282 24405 
1064 45378 45053 
1065 28976 38976 
1066 63904 57657 
1067 35418 43338 
1068 6693 15435 
1069 29236 20210 
1070 17537 25129 
1071 39484 31160 
1072 109002 99021 
1073 75557 70405 
1074 68361 61101 
1075 37226 38615 
1076 10593 10450 
1077 35538 30029 
1078 16886 11639 
1079 68826 68300 
1080 91888 92544 
1081 3497 6348 
1082 95986 87668 
1083 7674 14370 
1084 99541 99129 
1085 40350 46826 
1086 50151 43883 
1087 82346 90416 
1088 69208 67448 
1089 84089 75867 
1090 25629 16603 
1091 13973 15480 
1092 26170 30163 
1093 47638 56862 
1094 10748 7551 
1095 8820 11907 
1096 9750 10552 
1097 1 2587 
1098 10028 3819 
1099 48550 53543 
1100 106590 97585 
1101 87052 77954 
1102 1 3053 
1103 79978 86115 
1104 46059 50882 
1105 24161 24975 
1106 63141 60783 
1107 91502 83967 
1108 105422 97703 
1109 14489 17002 
1110 6449 2705 
1111 90056 99759 
1112 42186 33657 
1113 78365 76321 
1114 86405 93873 
1115 64658 72334 
1116 50320 59687 
1117 28692 23918 
1118 55337 54884 
1119 78934 72101 
1120 1 319 
1121 12874 21013 
1122 39958 38492 
1123 20208 20547 
1124 7878 16132 
1125 46168 42883 
1126 65163 63073 
1127 10909 6627 
1128 90127 98710 
1129 12626 21618 
1130 51776 47834 
1131 65906 65227 
1132 1 2383 
1133 79003 71202 
1134 74899 78851 
1135 29284 35945 
1136 17016 10850 
1137 1 4127 
1138 22612 14294 
1139 14883 22326 
1140 82184 82076 
1141 42526 46495 
1142 85924 78564 
1143 73915 63956 
1144 5400 15173 
1145 68767 61570 
1146 23159 27130 
1147 2194 3313 
1148 39825 36413 
1149 46162 48914 
1150 9042 4575 
1151 30607 31236 
1152 28208 25089 
1153 94093 99554 
1154 85228 84306 
1155 88701 84141 
1156 16783 14949 
1157 84879 82833 
1158 79550 84525 
1159 84196 91638 
1160 83083 80793 
1161 70506 73030 
1162 30628 34758 
1163 63253 57686 
1164 23088 23461 
1165 18888 13682 
1166 101567 96619 
1167 23636 15050 
1168 99121 98126 
1169 89733 79795 
1170 100684 98275 
1171 104498 96475 
1172 82632 86609 
1173 47559 51757 
1174 31324 21713 
1175 59941 56829 
1176 63758 71237 
1177 93302 96208 
1178 19201 11858 
1179 13043 12683 
1180 35267 41147 
1181 105347 98583 
1182 61218 61243 
1183 89062 90926 
1184 88873 94783 
1185 48649 49861 
1186 53262 58878 
1187 36211 34965 
1188 45644 48021 
1189 86348 87623 
1190 7534 16163 
1191 1 5404 
1192 93143 89534 
1193 52114 54614 
1194 56417 53489 
1195 103080 94471 
1196 57000 63091 
1197 18725 15092 
1198 69479 64100 
1199 28151 24325 
1200 52579 46502 
1201 37263 28236 
1202 26488 29366 
1203 96530 87087 
1204 67504 72709 
1205 29720 32595 
1206 70182 77400 
1207 50208 56935 
1208 92085 91352 
1209 99971 92555 
1210 13367 16247 
1211 63492 73116 
1212 9224 12224 
1213 104795 98941 
1214 1 2585 
1215 81250 90626 
1216 87252 93368 
1217 42704 34556 
1218 80184 71263 
1219 66766 57852 
1220 70020 64501 
1221 11722 15974 
1222 60938 56803 
1223 57860 52180 
1224 44773 51848 
1225 48576 39331 
1226 11746 14265 
1227 55230 61758 
1228 63577 63768 
1229 5004 10886 
1230 53629 56431 
1231 83483 84923 
1232 82220 83881 
1233 49811 58537 
1234 63462 55822 
1235 18991 23377 
1236 73902 82073 
1237 54833 53683 
1238 39273 35000 
1239 57000 65973 
1240 67362 61184 
1241 50669 41939 
1242 48223 39754 
1243 31827 23875 
1244 91314 88749 
1245 6822 14083 
1246 35167 27545 
1247 50319 46113 
1248 84560 92557 
1249 31401 31847 
1250 50641 54582 
1251 62766 67234 
1252 8447 11429 
1253 20294 15405 
1254 93685 87660 
1255 66063 70751 
1256 63582 57844 
1257 13684 22573 
1258 60140 68158 
1259 5708 12221 
1260 13844 10708 
1261 63346 57320 
1262 84745 88907 
1263 19772 24555 
1264 64764 64472 
1265 35728 32171 
1266 37931 38284 
1267 11353 15618 
1268 43982 53293 
1269 15904 15658 
1270 69369 65842 
1271 20308 18309 
1272 47562 43450 
1273 71315 71943 
1274 26427 26218 
1275 74552 77504 
1276 46871 39426 
1277 1 2154 
1278 32835 24602 
1279 24355 33195 
1280 17572 10334 
1281 1299 10343 
1282 12583 5827 
1283 1 582 
1284 50528 43973 
1285 6748 3325 
1286 79795 85566 
1287 77493 70300 
1288 47183 51717 
1289 44382 36564 
1290 59647 59105 
1291 74913 81698 
1292 93438 85129 
1293 46332 52124 
1294 69022 62553 
1295 7360 5782 
1296 16444 24723 
1297 78315 80497 
1298 86329 85103 
1299 83904 76802 
1300 8131 7488 
1301 61966 60667 
1302 104366 99237 
1303 92136 96024 
1304 17959 13385 
1305 33041 38087 
1306 89697 93176 
1307 87536 93653 
1308 51926 45950 
1309 42778 46001 
1310 91406 94621 
1311 12973 7744 
1312 69434 76874 
1313 77169 80444 
1314 57060 49413 
1315 88673 80873 
1316 86862 88340 
1317 61939 66198 
1318 97481 92635 
1319 32739 39084 
1320 53208 60825 
1321 86719 88503 
1322 57588 66978 
1323 21747 23949 
1324 86084 94101 
1325 63007 71359 
1326 88467 95065 
1327 73338 70492 
1328 9047 6393 
1329 50861 49788 
1330 34033 40344 
1331 69100 78736 
1332 16698 21203 
1333 65249 67044 
1334 43171 49298 
1335 57310 47565 
1336 25692 28619 
1337 12719 21013 
1338 92589 86803 
1339 224 9344 
1340 70196 71777 
1341 74554 69210 
1342 40815 40833 
1343 93261 94751 
1344 1 4082 
1345 39654 43686 
1346 1 2461 
1347 96371 86443 
1348 72577 75602 
1349 80090 82455 
1350 71981 71297 
1351 89152 91311 
1352 7003 10161 
1353 70243 65846 
1354 29210 37920 
1355 40946 34560 
1356 73917 82008 
1357 54428 48276 
1358 50386 59146 
1359 37252 42716 
1360 56339 54314 
1361 79437 78796 
1362 52550 60935 
1363 38411 31885 
1364 38668 39397 
1365 91563 82213 
1366 87178 83737 
1367 584 10021 
1368 21723 24704 
1369 18846 27279 
1370 72885 69404 
1371 76155 72865 
1372 2313 5581 
1373 76086 72098 
1374 91025 84456 
1375 1 1128 
1376 37364 40502 
1377 91306 84068 
1378 9339 10987 
1379 64406 55275 
1380 83648 79136 
1381 5607 14433 
1382 40941 48496 
1383 68161 64804 
1384 90775 93261 
1385 58510 50866 
1386 7174 60 
1387 88158 94808 
1388 5311 339 
1389 93758 86585 
1390 19378 20685 
1391 66238 65879 
1392 43656 48584 
1393 27611 32769 
1394 19329 13788 
1395 43482 50584 
1396 14096 4631 
1397 50364 40960 
1398 95830 92505 
1399 62470 53248 
1400 90779 92234 
1401 54305 62965 
1402 84473 81587 
1403 86270 81273 
1404 72768 71840 
1405 1 7820 
1406 25431 31087 
1407 29518 30236 
1408 83776 82677 
1409 17047 12055 
1410 17492 7950 
1411 13602 13034 
1412 16143 24862 
1413 50601 54868 
1414 88462 79849 
1415 53235 44300 
1416 92262 95788 
1417 7608 16811 
1418 81544 84726 
1419 92586 86456 
1420 65646 62854 
1421 82455 79247 
1422 75675 84322 
1423 15859 12845 
1424 84504 93201 
1425 46064 41082 
1426 68064 76534 
1427 75505 74707 
1428 54056 44585 
1429 81748 72850 
1430 47082 47475 
1431 90960 94909 
1432 92025 97831 
1433 41348 41704 
1434 49276 57112 
1435 44431 39752 
1436 41326 46938 
1437 69817 60182 
1438 16355 26265 
1439 57239 52859 
1440 68649 71888 
1441 43611 44894 
1442 5565 9511 
1443 50429 51879 
1444 39315 35916 
1445 67939 60655 
1446 59106 52012 
1447 73068 68231 
1448 81816 73678 
1449 21668 16993 
1450 40912 36813 
1451 90260 95678 
1452 14473 22608 
1453 40185 30869 
1454 23888 26280 
1455 36459 32285 
1456 29089 22789 
1457 76098 73079 
1458 68175 60117 
1459 40349 42107 
1460 77191 79546 
1461 60701 64222 
1462 54796 63847 
1463 75131 68189 
1464 93790 86743 
1465 45698 49160 
1466 48512 41354 
1467 40463 40942 
1468 75164 80764 
1469 65288 61568 
1470 33383 30980 
1471 95006 96261 
1472 46200 49222 
1473 24561 27034 
1474 72068 62069 
1475 84305 83971 
1476 59544 52009 
1477 85961 92115 
1478 19742 21368 
1479 29149 24660 
1480 9566 2197 
1481 59651 57363 
1482 87982 92290 
1483 75988 84139 
1484 32144 36242 
1485 54837 51020 
1486 52279 45280 
1487 11478 16904 
1488 60370 67654 
1489 94699 99290 
1490 79584 69595 
1491 51627 52115 
1492 21758 15275 
1493 17359 21890 
1494 69687 67060 
1495 84510 78655 
1496 35731 27419 
1497 17174 11125 
1498 19329 15273 
1499 74541 82474 
1500 28207 20038 
1501 93520 94348 
1502 48957 51760 
1503 57771 56985 
1504 43765 41304 
1505 44580 52267 
1506 71690 63993 
1507 53318 62110 
1508 96810 99574 
1509 31714 37631 
1510 62119 58222 
1511 94457 85427 
1512 13925 12255 
1513 83918 92834 
1514 19854 12148 
1515 70036 69342 
1516 34598 31884 
1517 6052 2100 
1518 24438 22729 
1519 76018 75277 
1520 42923 35025 
1521 37484 43681 
1522 41956 32069 
1523 51919 47097 
1524 8480 8668 
1525 74936 76959 
1526 99245 96027 
1527 43504 48388 
1528 67103 74163 
1529 88380 97934 
1530 74703 72055 
1531 30657 37180 
1532 12217 4440 
1533 38981 34264 
1534 51507 41663 
1535 93155 99032 
1536 21691 24486 
1537 92414 91376 
1538 29709 23667 
1539 24275 24119 
1540 88487 83762 
1541 44681 43796 
1542 30950 27310 
1543 52895 58374 
1544 38277 32236 
1545 35584 41677 
1546 44006 38213 
1547 72731 70232 
1548 54357 64317 
1549 36356 34476 
1550 66421 64516 
1551 44634 40013 
1552 38306 30409 
1553 20382 19404 
1554 5060 1206 
1555 15789 17773 
1556 96937 87980 
1557 75252 75892 
1558 24322 30108 
1559 61396 61836 
1560 22911 18942 
1561 58428 52628 
1562 96623 99250 
1563 65399 63398 
1564 68125 66353 
1565 86641 95556 
1566 86176 88526 
1567 76633 73889 
1568 18188 19695 
1569 89723 90698 
1570 16623 19266 
1571 1 6255 
1572 7431 2302 
1573 4501 114 
1574 72726 73815 
1575 73557 65195 
1576 27410 31549 
1577 24206 23669 
1578 60069 50674 
1579 79933 78425 
1580 2912 10246 
1581 18763 8885 
1582 28970 33841 
1583 41964 32360 
1584 35324 33484 
1585 51301 55580 
1586 44316 43340 
1587 97569 92017 
1588 71450 74780 
1589 69148 73314 
1590 74797 81334 
1591 23585 20950 
1592 94460 95869 
1593 29458 35302 
1594 22865 31834 
1595 12766 16998 
1596 85276 83282 
1597 80270 79697 
1598 40182 41440 
1599 69901 76885 
1600 44529 47508 
1601 43260 39704 
1602 25649 16871 
1603 95118 94822 
1604 72017 79322 
1605 80073 76376 
1606 86477 78410 
1607 5533 899 
1608 63290 69682 
1609 10781 16314 
1610 98481 98430 
1611 48565 47520 
1612 21041 30695 
1613 56395 57038 
1614 42338 38607 
1615 43917 46781 
1616 18369 10331 
1617 23876 25809 
1618 41339 32872 
1619 42777 49283 
1620 18450 13291 
1621 90653 81257 
1622 37368 30505 
1623 93238 98275 
1624 80588 74832 
1625 37782 44037 
1626 24761 23344 
1627 84686 85276 
1628 61031 54010 
1629 86343 80575 
1630 40450 38931 
1631 65806 59988 
1632 42110 48468 
1633 76100 78683 
1634 38560 39362 
1635 79358 81403 
1636 79530 70085 
1637 49560 49191 
1638 1 1447 
1639 27548 18893 
1640 31738 34411 
1641 58702 67515 
1642 30042 31143 
1643 9923 4270 
1644 9265 6207 
1645 9182 11256 
1646 6596 4191 
1647 7767 4557 
1648 104216 96565 
1649 32630 31243 
1650 29230 31145 
1651 63614 67587 
1652 23650 17818 
1653 72580 72968 
1654 32697 30423 
1655 58692 66611 
1656 4462 7798 
1657 1 1072 
1658 34578 26292 
1659 86502 91753 
1660 75014 76490 
1661 91208 91405 
1662 99729 95496 
1663 7765 13629 
1664 21716 12689 
1665 26624 26387 
1666 21033 24466 
1667 81980 90895 
1668 46229 52992 
1669 77134 81183 
1670 105146 98061 
1671 1921 1450 
1672 60373 63495 
1673 10522 9977 
1674 80211 89645 
1675 85163 79714 
1676 32278 26607 
1677 34317 41491 
1678 58960 51713 
1679 81457 82072 
1680 18787 18683 
1681 46876 56457 
1682 28717 38128 
1683 87874 96114 
1684 23457 25673 
1685 95376 88448 
1686 22088 12734 
1687 75219 77573 
1688 74847 80624 
1689 94483 97321 
1690 62379 70534 
1691 90312 88237 
1692 37655 47585 
1693 58770 68092 
1694 44989 38910 
1695 39128 35793 
1696 16513 25640 
1697 96950 93055 
1698 78161 70072 
1699 81192 76673 
1700 7138 8842 
1701 19367 22047 
1702 46272 51357 
1703 8621 1081 
1704 21305 24710 
1705 48572 50291 
1706 40084 45233 
1707 61146 62174 
1708 91994 84374 
1709 42983 43134 
1710 75306 79924 
1711 41482 38941 
1712 78156 84429 
1713 33667 27051 
1714 88943 98653 
1715 44391 44016 
1716 34224 37367 
1717 89017 96432 
1718 8898 2174 
1719 17209 16730 
1720 24175 33886 
1721 997 5901 
1722 80820 85509 
1723 7864 1448 
1724 72004 66433 
1725 21546 27020 
1726 94609 85750 
1727 39922 39311 
1728 5534 4988 
1729 61526 68128 
1730 32750 32211 
1731 65366 57746 
1732 46489 40196 
1733 101563 96872 
1734 57258 47574 
1735 60359 52827 
1736 33708 30314 
1737 70748 74219 
1738 82500 80947 
1739 50693 53855 
1740 92537 87989 
1741 16339 13978 
1742 23898 18009 
1743 92603 86237 
1744 39416 31498 
1745 8602 5459 
1746 22543 28623 
1747 34617 27548 
1748 20130 11365 
1749 52391 59994 
1750 77582 81593 
1751 48572 40338 
1752 28460 23807 
1753 9119 15647 
1754 15684 20433 
1755 103767 99609 
1756 46962 43303 
1757 75455 84828 
1758 71405 71472 
1759 47998 48313 
1760 82235 90091 
1761 80403 75094 
1762 105175 97732 
1763 50456 55746 
1764 15886 6926 
1765 84488 81721 
1766 48800 51097 
1767 21346 24752 
1768 83120 91601 
1769 85257 75710 
1770 50768 41875 
1771 79858 82024 
1772 74345 80780 
1773 86649 85735 
1774 90052 83887 
1775 17424 25623 
1776 51083 41491 
1777 33173 41311 
1778 58244 61191 
1779 57590 51640 
1780 78589 78803 
1781 59620 54811 
1782 8139 13420 
1783 64393 70412 
1784 10298 1267 
1785 80885 88349 
1786 24441 24716 
1787 93783 97248 
1788 93012 93846 
1789 22398 30733 
1790 6703 2347 
1791 16698 10860 
1792 80790 86069 
1793 86984 82784 
1794 66977 73163 
1795 49891 55665 
1796 18589 20103 
1797 45626 50131 
1798 94496 86854 
1799 86370 88408 
1800 88952 91547 
1801 70655 73199 
1802 43213 38128 
1803 20624 30135 
1804 75093 79738 
1805 55864 59172 
1806 99411 93303 
1807 27766 24812 
1808 30640 28551 
1809 56718 60015 
1810 42743 33029 
1811 25567 31553 
1812 7081 12768 
1813 45540 43894 
1814 85770 81114 
1815 27856 26120 
1816 46565 47260 
1817 91185 99496 
1818 72871 77268 
1819 10105 14559 
1820 32143 38828 
1821 82811 89887 
1822 22833 25480 
1823 13262 4523 
1824 85226 76892 
1825 96812 87583 
1826 51333 46375 
1827 60902 53853 
1828 45648 37616 
1829 79518 74166 
1830 26597 24444 
1831 24475 27506 
1832 5057 13897 
1833 71166 62204 
1834 22527 22507 
1835 56827 58124 
1836 1 3488 
1837 38168 42866 
1838 94612 94545 
1839 55582 47580 
1840 19925 15271 
1841 15181 20356 
1842 80942 72328 
1843 104444 98041 
1844 50933 52141 
1845 67749 72265 
1846 28435 34209 
1847 16466 7848 
1848 92535 93720 
1849 7709 4639 
1850 30619 23209 
1851 68423 73076 
1852 2483 9386 
1853 89865 90353 
1854 85629 89862 
1855 88348 92724 
1856 97238 96798 
1857 4999 13715 
1858 1 4697 
1859 1786 7753 
1860 74695 81641 
1861 63151 61793 
1862 56178 51420 
1863 13413 15614 
1864 85739 92219 
1865 80166 73445 
1866 91886 84355 
1867 32226 40776 
1868 84632 83741 
1869 82699 79216 
1870 28513 19356 
1871 10281 5638 
1872 86236 93971 
1873 97201 93950 
1874 17067 25008 
1875 52322 46368 
1876 38788 29049 
1877 38042 30676 
1878 65083 71586 
1879 90894 88650 
1880 23345 17160 
1881 77417 71011 
1882 53156 46892 
1883 42467 45919 
1884 14134 19407 
1885 57061 64516 
1886 49444 58215 
1887 26449 19303 
1888 34594 34267 
1889 88484 88219 
1890 64549 69217 
1891 41323 43955 
1892 76538 77969 
1893 30627 34357 
1894 1 1126 
1895 87812 84894 
1896 10833 11633 
1897 34160 34572 
1898 1850 1753 
1899 21202 13483 
1900 64905 69683 
1901 58814 61503 
1902 76461 73945 
1903 101303 95883 
1904 61246 60778 
1905 7496 15612 
1906 43263 35487 
1907 75446 81398 
1908 49265 50885 
1909 14998 10361 
1910 52812 46588 
1911 76434 72846 
1912 35220 35915 
1913 5355 2068 
1914 81392 83133 
1915 10441 13537 
1916 36392 28956 
1917 12428 10711 
1918 16325 7976 
1919 57726 57638 
1920 20374 10676 
1921 1 1303 
1922 92612 87422 
1923 89857 82460 
1924 78599 78825 
1925 67873 71186 
1926 26239 31321 
1927 58528 61968 
1928 44268 52522 
1929 44264 51855 
1930 22278 28141 
1931 17803 19733 
1932 38169 32191 
1933 59737 65247 
1934 1222 904 
1935 35310 26795 
1936 71857 69677 
1937 97739 88287 
1938 66715 65651 
1939 84039 75738 
1940 27410 36881 
1941 97858 92213 
1942 69135 73872 
1943 78309 78358 
1944 35013 43714 
1945 10659 12817 
1946 62590 64764 
1947 12371 21178 
1948 93022 93073 
1949 11718 1867 
1950 16314 21452 
1951 45818 47022 
1952 62189 60681 
1953 73220 70313 
1954 3505 11217 
1955 52930 51972 
1956 61107 62257 
1957 68580 61591 
1958 17302 12086 
1959 53874 43892 
1960 41258 48550 
1961 57135 64686 
1962 91250 84446 
1963 12764 15045 
1964 31298 24516 
1965 100041 90735 
1966 17040 10152 
1967 93408 99397 
1968 34333 41116 
1969 74286 73351 
1970 45083 48269 
1971 75939 73005 
1972 52057 56412 
1973 50916 41483 
1974 44525 41758 
1975 4098 4415 
1976 55196 65100 
1977 63504 59707 
1978 98611 92040 
1979 99138 92809 
1980 83236 83373 
1981 35350 38016 
1982 100106 92145 
1983 104605 99970 
1984 1 1754 
1985 31885 25551 
1986 85316 78553 
1987 54216 57866 
1988 31138 31368 
1989 33544 42245 
1990 4888 13564 
1991 51193 59499 
1992 93180 88551 
1993 26882 18154 
1994 64739 56717 
1995 55744 54396 
1996 81538 79264 
1997 45170 54448 
1998 35481 33626 
1999 62390 57242 
2000 64966 74230 
2001 44622 39251 
2002 70669 66028 
2003 12319 20494 
2004 15295 9287 
2005 82017 89721 
2006 24057 30085 
2007 48942 39372 
2008 42760 49066 
2009 66906 59665 
2010 56509 56609 
2011 94524 97712 
2012 37456 44081 
2013 52279 47701 
2014 47842 40375 
2015 106283 96768 
2016 33765 40038 
2017 24714 34313 
2018 1 2456 
2019 19486 21070 
2020 75300 68111 
2021 14392 23707 
2022 40413 33804 
2023 4388 3541 
2024 8854 1899 
2025 25795 26659 
2026 78943 77241 
2027 62943 72569 
2028 29690 27251 
2029 97079 87874 
2030 48510 47101 
2031 5632 9193 
2032 86889 80924 
2033 73105 75396 
2034 72151 63121 
2035 52393 48862 
2036 41336 38578 
2037 53123 54944 
2038 83913 78854 
2039 31944 35643 
2040 18338 15356 
2041 20141 10868 
2042 57481 67209 
2043 10492 6220 
2044 31905 39100 
2045 6119 15019 
2046 42388 46976 
2047 37855 34601 
2048 88389 98061 
2049 83046 77593 
2050 83000 76235 
2051 1 4210 
2052 73560 78117 
2053 36225 36922 
2054 20327 28326 
2055 68896 74449 
2056 7093 14802 
2057 1 4664 
2058 8305 14947 
2059 89164 80701 
2060 54591 52671 
2061 30770 38052 
2062 95606 99410 
2063 62132 53939 
2064 56816 56270 
2065 21231 15322 
2066 37856 31515 
2067 59600 61085 
2068 19953 18140 
2069 56581 47167 
2070 18190 15200 
2071 48942 42989 
2072 80555 71681 
2073 37877 37252 
2074 58133 66397 
2075 101030 96256 
2076 7599 815 
2077 94874 90146 
2078 66493 74250 
2079 68016 63932 
2080 81117 78769 
2081 103883 97692 
2082 35350 37045 
2083 27014 26900 
2084 72492 68075 
2085 7165 16034 
2086 24339 14377 
2087 72323 81121 
2088 95521 97630 
2089 8317 4842 
2090 81460 81995 
2091 12409 2920 
2092 73995 70114 
2093 8973 8215 
2094 32865 27033 
2095 9541 11896 
2096 39868 36171 
2097 75157 77940 
2098 18399 15307 
2099 80871 88554 
2100 13488 9158 
2101 93172 97687 
2102 71491 80212 
2103 46384 41633 
2104 24519 20090 
2105 72465 67456 
2106 58015 49024 
2107 61902 69129 
2108 89150 84394 
2109 89004 89017 
2110 84410 92437 
2111 102507 95802 
2112 61623 67760 
2113 71418 67701 
2114 59900 63860 
2115 108152 99124 
2116 38339 30497 
2117 80222 72242 
2118 84060 75030 
2119 69159 73442 
2120 20796 28428 
2121 83184 74297 
2122 94472 98704 
2123 7487 249 
2124 71136 72508 
2125 5859 155 
2126 30070 25137 
2127 76815 75191 
2128 75458 78771 
2129 55590 63347 
2130 80133 87873 
2131 60601 54566 
2132 19898 20303 
2133 67982 73736 
2134 8332 14082 
2135 1202 1016 
2136 83426 83303 
2137 74415 70217 
2138 74367 84304 
2139 38343 30602 
2140 82702 91116 
2141 73809 65809 
2142 14003 9794 
2143 92206 96387 
2144 82237 73738 
2145 49859 48226 
2146 16920 15560 
2147 35745 27411 
2148 21890 15750 
2149 9446 203 
2150 1 3372 
2151 19693 25494 
2152 32982 31135 
2153 92602 83588 
2154 68063 74675 
2155 97981 96241 
2156 51128 48078 
2157 37005 45743 
2158 66342 69403 
2159 99124 95857 
2160 47563 45704 
2161 83420 86838 
2162 24835 16285 
2163 48404 55889 
2164 22852 24344 
2165 23880 31345 
2166 8167 8393 
2167 60005 54738 
2168 9373 16423 
2169 4363 9727 
2170 67486 61646 
2171 78617 81217 
2172 59589 64502 
2173 93386 85257 
2174 85980 89937 
2175 74868 68822 
2176 59455 54336 
2177 62649 64100 
2178 80059 70738 
2179 1118 8273 
2180 63423 73115 
2181 90600 93709 
2182 53208 50317 
2183 38069 38717 
2184 80611 80917 
2185 77187 75724 
2186 83225 82836 
2187 27677 28239 
2188 22382 21048 
2189 66967 74771 
2190 37166 28887 
2191 58546 63174 
2192 82249 90728 
2193 42439 32894 
2194 31444 27454 
2195 1 778 
2196 84819 76481 
2197 76193 71827 
2198 58406 65802 
2199 101901 99246 
2200 92936 93339 
2201 12782 20961 
2202 1488 5497 
2203 92863 90127 
2204 42320 41000 
2205 10788 18722 
2206 33478 40097 
2207 20330 24180 
2208 73522 65682 
2209 91467 86586 
2210 30242 23954 
2211 12033 8910 
2212 17085 15583 
2213 53099 44855 
2214 14128 10614 
2215 54570 50583 
2216 67267 67855 
2217 62661 53361 
2218 12267 15090 
2219 87971 96596 
2220 94986 94073 
2221 48521 39241 
2222 87224 80612 
2223 14431 15445 
2224 84690 84691 
2225 95229 96427 
2226 40232 32612 
2227 57510 48721 
2228 61436 54537 
2229 90817 87405 
2230 74680 77797 
2231 86687 96141 
2232 82418 78499 
2233 8920 8752 
2234 50678 42866 
2235 4432 9011 
2236 32806 35105 
2237 69443 62108 
2238 75228 70291 
2239 42363 37821 
2240 39988 46399 
2241 66870 68261 
2242 47787 51016 
2243 55692 51529 
2244 48806 51795 
2245 34016 32362 
2246 49885 43306 
2247 60575 65123 
2248 96403 95052 
2249 12533 18674 
2250 108129 98190 
2251 31683 25056 
2252 20372 12531 
2253 48676 53839 
2254 7615 13315 
2255 66690 75519 
2256 26092 27755 
2257 56189 47772 
2258 48310 51632 
2259 70983 73928 
2260 13901 21009 
2261 80089 75873 
2262 75191 75257 
2263 79555 78094 
2264 44491 51358 
2265 34483 30347 
2266 89985 94585 
2267 13273 22318 
2268 57308 64578 
2269 28102 20918 
2270 68355 74343 
2271 51944 60304 
2272 31957 41704 
2273 16095 16101 
2274 60494 61523 
2275 2487 3171 
2276 30800 25367 
2277 38016 31749 
2278 93733 85095 
2279 69446 66946 
2280 33882 31309 
2281 4261 2384 
2282 52678 58504 
2283 65376 68146 
2284 6939 16067 
2285 17678 12997 
2286 7626 16563 
2287 12891 6275 
2288 91519 99821 
2289 29531 30226 
2290 100100 95682 
2291 42319 46893 
2292 1 3193 
2293 5177 9804 
2294 24371 31687 
2295 54644 58386 
2296 1 5517 
2297 82755 85363 
2298 28280 35597 
2299 1 1120 
2300 41242 46570 
2301 61937 53649 
2302 47137 45340 
2303 4619 1101 
2304 105183 96525 
2305 81891 86425 
2306 54826 58803 
2307 27947 34555 
2308 81013 74186 
2309 36566 27241 
2310 54111 45325 
2311 63387 60883 
2312 50701 52945 
2313 5703 12746 
2314 86727 94175 
2315 87455 95147 
2316 55816 61067 
2317 92990 91436 
2318 89211 93621 
2319 65103 67842 
2320 74327 81884 
2321 34882 32269 
2322 32803 33370 
2323 26139 21473 
2324 59417 64352 
2325 41703 43985 
2326 36187 39246 
2327 61299 64185 
2328 8888 14991 
2329 83359 74760 
2330 3099 9807 
2331 23157 29768 
2332 33221 30074 
2333 8917 15020 
2334 74471 65779 
2335 36513 30390 
2336 45225 37773 
2337 83443 81570 
2338 79312 83338 
2339 59007 51730 
2340 59876 58733 
2341 59231 63766 
2342 48367 42942 
2343 81760 78775 
2344 97108 87354 
2345 72695 71809 
2346 6617 16307 
2347 94448 92139 
2348 55064 64971 
2349 57974 50212 
2350 25158 25097 
2351 87541 84092 
2352 55773 46390 
2353 74589 79756 
2354 82254 80631 
2355 74988 76515 
2356 27378 25671 
2357 29298 26446 
2358 66433 70159 
2359 79350 69666 
2360 49416 56933 
2361 73865 81673 
2362 67351 66783 
2363 2512 1575 
2364 104067 99282 
2365 48301 41192 
2366 48681 50380 
2367 54420 53641 
2368 60421 58345 
2369 56191 53951 
2370 36424 28982 
2371 71890 80391 
2372 99429 97792 
2373 35552 33387 
2374 59541 61528 
2375 101770 93646 
2376 100400 96645 
2377 46337 40821 
2378 38931 30246 
2379 45136 51313 
2380 74666 68675 
2381 28187 30029 
2382 98260 90926 
2383 91025 90736 
2384 77567 71356 
2385 25927 31728 
2386 36595 26938 
2387 57867 61108 
2388 36965 28301 
2389 22831 13123 
2390 66375 76330 
2391 42129 36526 
2392 55470 54319 
2393 54461 55863 
2394 39629 32892 
2395 18076 19997 
2396 39352 31505 
2397 1 2117 
2398 94730 90630 
2399 16532 22534 
2400 33810 24865 
2401 61392 60913 
2402 49064 46455 
2403 17546 21116 
2404 76222 71298 
2405 22132 20073 
2406 12979 9851 
2407 4324 1015 
2408 13441 13973 
2409 74850 80069 
2410 1353 342 
2411 14978 16734 
2412 47058 39026 
2413 89788 99110 
2414 10993 8549 
2415 85932 92703 
2416 70524 72557 
2417 69754 63480 
2418 32368 32418 
2419 61392 59795 
2420 24065 15379 
2421 17546 22610 
2422 13478 10815 
2423 25641 25405 
2424 40502 38604 
2425 87413 85426 
2426 93937 91719 
2427 24688 17897 
2428 75525 76952 
2429 71866 77635 
2430 44282 41313 
2431 53885 51375 
2432 94821 87156 
2433 73864 76024 
2434 82348 85038 
2435 77896 77390 
2436 20718 14228 
2437 52298 60656 
2438 4903 4264 
2439 2515 7603 
2440 10991 16168 
2441 15719 16114 
2442 86031 89411 
2443 74138 64530 
2444 73967 74937 
2445 95800 88336 
2446 87645 94830 
2447 72300 72297 
2448 72028 75818 
2449 53851 55141 
2450 78097 79536 
2451 15213 14241 
2452 69624 66713 
2453 1 7096 
2454 1193 1965 
2455 56296 58094 
2456 39790 36125 
2457 100144 90361 
2458 45299 46079 
2459 94390 86092 
2460 75479 72935 
2461 91563 84353 
2462 9435 6879 
2463 12420 18882 
2464 52412 44163 
2465 12314 3987 
2466 21805 19643 
2467 25318 34432 
2468 20859 12214 
2469 64458 64127 
2470 52572 50943 
2471 66841 72706 
2472 77434 87423 
2473 25597 28987 
2474 66244 67215 
2475 64716 55884 
2476 1 759 
2477 4854 13642 
2478 70364 66184 
2479 93405 86509 
2480 28517 23731 
2481 88121 81975 
2482 38158 44740 
2483 69869 79326 
2484 64348 57214 
2485 28481 32600 
2486 26249 33076 
2487 53695 54434 
2488 30117 37985 
2489 42117 36109 
2490 23763 22021 
2491 61613 67141 
2492 74282 83709 
2493 74452 77215 
2494 95137 86142 
2495 91701 93727 
2496 20580 27949 
2497 73543 82819 
2498 83504 85278 
2499 51257 45392 
2500 24589 19015 
2501 74142 81719 
2502 78428 72000 
2503 17962 20483 
2504 45709 50105 
2505 96228 90177 
2506 64398 55255 
2507 84668 77293 
2508 94496 95981 
2509 46027 52981 
2510 82069 73140 
2511 10649 652 
2512 653 6119 
2513 71008 63021 
2514 92363 91965 
2515 8518 2986 
2516 23458 33411 
2517 44840 42672 
2518 67079 74709 
2519 82554 89176 
2520 35674 44633 
2521 32117 34349 
2522 30254 25497 
2523 48660 56533 
2524 17558 21915 
2525 82510 85503 
2526 33267 33182 
2527 27390 27207 
2528 31773 27795 
2529 43901 40584 
2530 100123 94998 
2531 81888 86591 
2532 36896 44903 
2533 19981 17079 
2534 30219 29546 
2535 29338 23159 
2536 55365 52023 
2537 48540 44484 
2538 60250 62622 
2539 53666 51732 
2540 60212 65019 
2541 31341 26897 
2542 9024 7697 
2543 7021 11141 
2544 3711 10471 
2545 56347 58632 
2546 66013 69756 
2547 46484 42372 
2548 55536 62760 
2549 86040 78561 
2550 24857 22512 
2551 67718 66930 
2552 53905 61221 
2553 43483 49306 
2554 35141 35354 
2555 101117 91132 
2556 35779 30241 
2557 97271 88927 
2558 19833 27521 
2559 25970 20602 
2560 105776 99669 
2561 1418 4801 
2562 103287 99844 
2563 75739 83660 
2564 82352 81368 
2565 25640 21824 
2566 40445 42685 
2567 1 6077 
2568 5028 6360 
2569 56992 57124 
2570 20712 21666 
2571 76044 69794 
2572 49971 41440 
2573 3040 957 
2574 48024 48896 
2575 28237 20953 
2576 67704 74098 
2577 20281 26344 
2578 64628 62944 
2579 97650 99980 
2580 57005 51980 
2581 11893 2986 
2582 442 5957 
2583 46922 55437 
2584 31589 33061 
2585 81571 89428 
2586 22308 20073 
2587 22047 24889 
2588 13863 11982 
2589 61099 60863 
2590 10309 9541 
2591 62794 61559 
2592 92934 99442 
2593 44377 35599 
2594 68509 64967 
2595 52818 59544 
2596 74679 82264 
2597 81018 80242 
2598 34982 37051 
2599 93021 87190 
2600 12911 4414 
2601 12108 17280 
2602 76714 82020 
2603 41736 42679 
2604 87135 83229 
2605 39932 40858 
2606 46516 44705 
2607 43811 53288 
2608 69613 78281 
2609 49645 45772 
2610 101699 97003 
2611 87696 81635 
2612 79551 89136 
2613 24537 27532 
2614 77052 82451 
2615 891 2348 
2616 7732 1048 
2617 43992 39162 
2618 48272 54342 
2619 82084 73581 
2620 35803 36290 
2621 53361 53568 
2622 60611 59786 
2623 16878 13151 
2624 32529 32299 
2625 69383 60594 
2626 74937 71392 
2627 11034 2467 
2628 71740 63047 
2629 79906 81260 
2630 93076 85377 
2631 44806 42178 
2632 26823 30054 
2633 17994 12568 
2634 77784 71747 
2635 48874 58802 
2636 22756 18834 
2637 54627 56679 
2638 17927 13875 
2639 1 1553 
2640 89311 93196 
2641 93166 98069 
2642 45337 49786 
2643 11076 9033 
2644 1 1907 
2645 84072 78247 
2646 52143 55194 
2647 5823 10317 
2648 85161 77054 
2649 97810 92461 
2650 54749 61264 
2651 73047 66936 
2652 42530 45151 
2653 18564 17826 
2654 18673 25265 
2655 47068 43026 
2656 77822 78720 
2657 56838 47977 
2658 12737 17614 
2659 45647 37516 
2660 67840 72807 
2661 65613 59439 
2662 82636 84402 
2663 1 2112 
2664 98297 97939 
2665 68561 74413 
2666 105677 98592 
2667 37786 44020 
2668 29032 31422 
2669 82324 83461 
2670 18981 20599 
2671 67483 70389 
2672 58918 61050 
2673 41288 48994 
2674 38934 30416 
2675 84758 84958 
2676 94888 92438 
2677 62126 64858 
2678 60986 60060 
2679 23833 28304 
2680 50831 41177 
2681 52676 59085 
2682 70793 72648 
2683 82660 86137 
2684 59284 49507 
2685 81055 77156 
2686 73193 73274 
2687 47514 56175 
2688 78350 85712 
2689 90152 83220 
2690 14866 10355 
2691 66537 71028 
2692 41962 37206 
2693 40615 43355 
2694 62901 69964 
2695 356 9457 
2696 100604 91555 
2697 75372 76095 
2698 75765 71195 
2699 104183 94652 
2700 40444 34178 
2701 23187 32692 
2702 58418 52781 
2703 58473 65588 
2704 41037 33780 
2705 28113 37492 
2706 42001 47307 
2707 51442 47649 
2708 16705 21081 
2709 91187 88198 
2710 15155 7031 
2711 92925 84854 
2712 4591 9894 
2713 30248 23577 
2714 33008 25613 
2715 5313 4945 
2716 84837 78062 
2717 92461 91175 
2718 29474 28708 
2719 22377 13079 
2720 20424 16380 
2721 1 2229 
2722 85478 79052 
2723 67467 71290 
2724 1 3156 
2725 47341 54767 
2726 56783 66544 
2727 15169 24853 
2728 71146 77847 
2729 64762 70894 
2730 31222 23923 
2731 88313 95883 
2732 22868 27197 
2733 65998 65651 
2734 32147 36628 
2735 53513 58701 
2736 74043 81658 
2737 18937 16939 
2738 84787 81707 
2739 86979 77843 
2740 12698 13883 
2741 48124 51242 
2742 19859 25259 
2743 78325 72159 
2744 38597 40552 
2745 34942 42450 
2746 26771 17536 
2747 47080 38207 
2748 27509 31585 
2749 20284 20683 
2750 69017 65936 
2751 43056 38890 
2752 59793 68515 
2753 6583 7978 
2754 1 4668 
2755 28062 34623 
2756 65980 58178 
2757 56915 64236 
2758 45390 46077 
2759 12181 6699 
2760 1 3438 
2761 66034 64665 
2762 61753 63561 
2763 5139 11073 
2764 70021 63664 
2765 40713 35779 
2766 34420 40397 
2767 46368 55265 
2768 58807 56459 
2769 38651 34598 
2770 67286 62962 
2771 8514 11315 
2772 33883 40989 
2773 82618 73767 
2774 65762 64570 
2775 1632 2923 
2776 1 8637 
2777 23478 28631 
2778 51360 60833 
2779 18515 22916 
2780 35371 40828 
2781 59408 65551 
2782 83721 89822 
2783 30751 32455 
2784 87977 80454 
2785 35561 29139 
2786 43987 43297 
2787 69600 60739 
2788 26855 16896 
2789 36671 34001 
2790 8863 2964 
2791 50845 45299 
2792 1 137 
2793 100873 95809 
2794 26344 35964 
2795 78536 78461 
2796 73329 66811 
2797 10682 3844 
2798 51861 47159 
2799 13677 15695 
2800 31138 40008 
2801 18081 14694 
2802 30073 32926 
2803 68075 71394 
2804 62125 64063 
2805 21657 12509 
2806 41669 47745 
2807 9408 3545 
2808 82235 86790 
2809 67852 74121 
2810 22031 26895 
2811 19471 24896 
2812 45373 44415 
2813 71148 73524 
2814 76600 69421 
2815 59729 68271 
2816 72026 75141 
2817 26437 29490 
2818 41891 47740 
2819 64620 60645 
2820 50074 47629 
2821 47120 46239 
2822 16268 20117 
2823 97385 98735 
2824 47842 57576 
2825 32586 33317 
2826 39773 47277 
2827 68527 73120 
2828 75920 70621 
2829 76347 73077 
2830 75685 84019 
2831 102454 98040 
2832 1 113 
2833 12994 14283 
2834 23139 30351 
2835 52219 56032 
2836 24967 23808 
2837 67714 68588 
2838 80331 79267 
2839 28641 29162 
2840 73822 80258 
2841 6146 8968 
2842 46556 46475 
2843 39954 47218 
2844 49343 39529 
2845 88244 83450 
2846 18727 9886 
2847 84866 80033 
2848 88419 91455 
2849 2704 6469 
2850 19443 14700 
2851 56046 53702 
2852 42610 51658 
2853 459 6006 
2854 17944 18495 
2855 62208 52477 
2856 73491 68650 
2857 92436 96678 
2858 77886 72412 
2859 71799 61834 
2860 1450 11319 
2861 41582 44279 
2862 33140 36705 
2863 15532 6236 
2864 83031 80933 
2865 14639 13556 
2866 28233 29830 
2867 20537 28492 
2868 99359 94625 
2869 82634 80307 
2870 35545 41310 
2871 14213 15005 
2872 92333 98674 
2873 65701 65747 
2874 21571 26261 
2875 43544 42235 
2876 75257 68923 
2877 19854 10496 
2878 3557 11633 
2879 9267 2526 
2880 89139 86453 
2881 8105 9708 
2882 62646 66418 
2883 25645 21126 
2884 20287 13399 
2885 37416 44021 
2886 20021 15923 
2887 34993 31678 
2888 9593 11280 
2889 84380 81284 
2890 74776 69033 
2891 24582 25114 
2892 1770 9896 
2893 34581 43721 
2894 2608 2368 
2895 32541 38202 
2896 58123 49796 
2897 72964 78945 
2898 56180 51651 
2899 31477 29895 
2900 72578 81249 
2901 6632 6994 
2902 86966 93363 
2903 12854 16915 
2904 51947 47798 
2905 22639 13067 
2906 29457 23788 
2907 62422 63707 
2908 80680 76948 
2909 41896 33095 
2910 34063 33125 
2911 34540 33478 
2912 82597 75815 
2913 88242 81416 
2914 76178 70510 
2915 28593 26628 
2916 22191 23379 
2917 79516 77789 
2918 5257 2097 
2919 41564 49777 
2920 1 2969 
2921 10559 1918 
2922 4905 9619 
2923 43730 35665 
2924 1 5425 
2925 44233 36428 
2926 63484 64241 
2927 87218 77811 
2928 70108 63984 
2929 47170 48084 
2930 46637 42565 
2931 30883 28081 
2932 10803 15233 
2933 39450 30922 
2934 67476 75457 
2935 28092 20875 
2936 47654 45005 
2937 67561 61872 
2938 50405 40433 
2939 76093 69713 
2940 95432 91221 
2941 9620 16206 
2942 23000 26458 
2943 56632 48088 
2944 18162 8724 
2945 24585 16729 
2946 91213 81663 
2947 26368 26209 
2948 40818 35647 
2949 54954 56206 
2950 64622 70040 
2951 39595 48151 
2952 12201 6150 
2953 89880 92693 
2954 62881 53626 
2955 98014 89519 
2956 95674 95762 
2957 45140 44960 
2958 52699 51668 
2959 1 1159 
2960 85063 90183 
2961 21542 14603 
2962 85901 92877 
2963 1 4681 
2964 17517 9761 
2965 87431 81083 
2966 90221 84201 
2967 77178 74407 
2968 92382 85560 
2969 1 8065 
2970 69405 70851 
2971 81786 82014 
2972 52575 53181 
2973 76226 74678 
2974 1466 7378 
2975 22418 19061 
2976 59009 68381 
2977 102544 94974 
2978 12249 19654 
2979 104180 99804 
2980 8204 14331 
2981 18334 27911 
2982 9914 18473 
2983 41939 35599 
2984 91464 91863 
2985 33176 26953 
2986 52449 55967 
2987 39243 42675 
2988 85905 79979 
2989 40881 39108 
2990 2941 7528 
2991 69719 75765 
2992 76535 82281 
2993 66536 73159 
2994 94940 93627 
2995 103147 96751 
2996 89638 81600 
2997 65723 60581 
2998 8190 1483 
2999 75476 72517 
3000 77022 81687 
3001 24762 29695 
3002 56025 54147 
3003 21229 16321 
3004 58309 56046 
3005 81156 72927 
3006 70668 65387 
3007 81112 74844 
3008 55077 56001 
3009 52982 49144 
3010 67530 69218 
3011 1 2902 
3012 6604 2054 
3013 22274 13257 
3014 55448 57795 
3015 18796 18874 
3016 77070 70571 
3017 59180 59033 
3018 59398 62754 
3019 56381 49469 
3020 13422 22651 
3021 68123 61913 
3022 68581 71854 
3023 68896 59614 
3024 15858 24408 
3025 31952 29703 
3026 32187 28206 
3027 83900 74725 
3028 91670 94911 
3029 95243 95879 
3030 33197 43142 
3031 96198 96325 
3032 83204 88905 
3033 74032 71401 
3034 74924 81489 
3035 28679 32539 
3036 1 2726 
3037 54529 44584 
3038 58534 61125 
3039 81559 75950 
3040 31425 31265 
3041 96503 88039 
3042 25898 16244 
3043 86863 87183 
3044 83565 90080 
3045 16368 12595 
3046 18602 19687 
3047 92897 85880 
3048 70553 79427 
3049 21642 16805 
3050 5177 12547 
3051 72602 75631 
3052 28793 21762 
3053 51236 61183 
3054 96184 91077 
3055 83212 91233 
3056 79525 83249 
3057 52215 53740 
3058 58416 53127 
3059 76040 74921 
3060 7822 12446 
3061 82151 73314 
3062 24998 31387 
3063 32208 40840 
3064 9716 19630 
3065 74130 83425 
3066 78306 72748 
3067 73066 72268 
3068 42295 51013 
3069 50857 52242 
3070 34673 25474 
3071 92073 82315 
3072 83498 89085 
3073 63545 58506 
3074 29962 38524 
3075 99536 95846 
3076 26526 28555 
3077 16215 20070 
3078 64816 72213 
3079 23918 25193 
3080 1691 5855 
3081 89711 87151 
3082 13626 6625 
3083 64190 62119 
3084 51288 49410 
3085 14834 24629 
3086 38561 45358 
3087 92860 97855 
3088 64215 60215 
3089 11773 14069 
3090 23951 33350 
3091 28493 37564 
3092 7162 11996 
3093 21486 28277 
3094 95105 85289 
3095 3462 11758 
3096 60571 60392 
3097 70746 80580 
3098 36247 42293 
3099 48542 50867 
3100 16765 13324 
3101 15355 14333 
3102 65626 66048 
3103 63966 71442 
3104 12016 7284 
3105 39953 42114 
3106 21231 18361 
3107 1895 9724 
3108 71711 71173 
3109 73740 73730 
3110 48256 54892 
3111 74192 69324 
3112 10470 16638 
3113 24932 33973 
3114 78360 68413 
3115 20699 10821 
3116 68086 75992 
3117 37551 34972 
3118 38623 30473 
3119 66759 76376 
3120 6526 1928 
3121 14516 21924 
3122 18601 13930 
3123 37018 30173 
3124 38558 44826 
3125 24277 23553 
3126 56684 65841 
3127 70950 62358 
3128 84891 78197 
3129 30792 23093 
3130 15387 17452 
3131 77466 71377 
3132 24788 27355 
3133 67912 72104 
3134 54464 59071 
3135 53986 63940 
3136 90239 99783 
3137 63975 57326 
3138 87030 91500 
3139 14672 15249 
3140 36136 27246 
3141 22284 27494 
3142 85603 84685 
3143 50527 56065 
3144 79440 72385 
3145 86286 89015 
3146 64645 71926 
3147 82214 92107 
3148 40482 36391 
3149 96652 97844 
3150 31995 26965 
3151 17385 10635 
3152 61770 61509 
3153 28529 26774 
3154 14020 13524 
3155 41116 43757 
3156 73661 79479 
3157 91714 98566 
3158 95044 93811 
3159 25198 15777 
3160 22602 28629 
3161 68995 68338 
3162 33537 27888 
3163 14850 7462 
3164 89836 95761 
3165 70658 78451 
3166 86366 79456 
3167 105325 99841 
3168 70508 71509 
3169 21929 18127 
3170 58690 66965 
3171 71557 77924 
3172 59833 66440 
3173 100415 94035 
3174 39313 49239 
3175 79252 78986 
3176 90753 98439 
3177 8363 15479 
3178 97698 93965 
3179 11950 5046 
3180 93539 97869 
3181 42009 38716 
3182 64268 58451 
3183 48161 43257 
3184 17688 16301 
3185 94761 99406 
3186 1 5155 
3187 68994 74379 
3188 69767 67444 
3189 95444 87651 
3190 36322 36622 
3191 95015 90895 
3192 14363 20394 
3193 33894 42555 
3194 61314 51426 
3195 5248 8209 
3196 58601 67823 
3197 6965 2944 
3198 77955 85443 
3199 32712 38664 
3200 92558 97056 
3201 44730 41541 
3202 65412 68755 
3203 9990 1174 
3204 44668 43473 
3205 66479 56681 
3206 30062 21996 
3207 51328 57893 
3208 32140 24817 
3209 1 4179 
3210 47367 49794 
3211 81365 75849 
3212 32062 31595 
3213 25774 21684 
3214 11020 2595 
3215 27086 34754 
3216 23422 20033 
3217 97654 87786 
3218 79825 82360 
3219 53212 44824 
3220 47954 45137 
3221 100241 94777 
3222 102475 98851 
3223 44979 51967 
3224 80564 83474 
3225 38788 32529 
3226 4676 10657 
3227 87261 90195 
3228 1 2709 
3229 29981 29773 
3230 34462 39559 
3231 75291 79450 
3232 1 1061 
3233 31121 31728 
3234 71544 62919 
3235 79820 74342 
3236 35301 28329 
3237 9358 5063 
3238 27313 29961 
3239 48833 47506 
3240 106231 98943 
3241 12946 13579 
3242 42891 36212 
3243 7389 10850 
3244 79996 73312 
3245 73693 71870 
3246 32190 38404 
3247 31315 28133 
3248 52683 47905 
3249 53111 56426 
3250 29318 34611 
3251 53185 60692 
3252 28163 25037 
3253 21562 20935 
3254 59340 69170 
3255 91900 92690 
3256 66778 73613 
3257 61679 51956 
3258 27982 25998 
3259 61233 67755 
3260 83890 74722 
3261 75670 73787 
3262 27626 35085 
3263 26134 17111 
3264 56398 60455 
3265 56197 63919 
3266 72685 75664 
3267 80415 89718 
3268 15191 23729 
3269 96722 88846 
3270 94456 94289 
3271 83905 82450 
3272 24382 16464 
3273 7318 7776 
3274 60388 61892 
3275 47574 53122 
3276 64601 54925 
3277 78907 85080 
3278 67536 68215 
3279 43738 47939 
3280 74216 72332 
3281 67644 67728 
3282 26304 20691 
3283 48097 41183 
3284 82636 88553 
3285 52428 46094 
3286 17714 19962 
3287 52406 60359 
3288 53026 47708 
3289 49350 56708 
3290 78748 88713 
3291 37902 35930 
3292 52948 47575 
3293 51640 49193 
3294 13767 9781 
3295 35215 36990 
3296 77977 77604 
3297 84964 92098 
3298 14309 11311 
3299 79064 83299 
3300 65106 69865 
3301 58820 60605 
3302 9629 5282 
3303 97366 95045 
3304 15032 24869 
3305 40322 36466 
3306 12558 12145 
3307 48976 42696 
3308 42680 37810 
3309 36431 26626 
3310 15924 23163 
3311 74830 73979 
3312 90197 82563 
3313 26863 32346 
3314 46073 51353 
3315 56096 66072 
3316 51826 53573 
3317 73189 82062 
3318 45989 43260 
3319 93174 98111 
3320 43329 46591 
3321 18728 18432 
3322 51836 55793 
3323 36056 42560 
3324 4866 3219 
3325 71496 63896 
3326 65093 61342 
3327 23357 14928 
3328 10507 8028 
3329 55875 58410 
3330 70597 61284 
3331 84099 93648 
3332 29234 36400 
3333 19967 22325 
3334 30288 39389 
3335 38008 34826 
3336 65505 65310 
3337 10883 16640 
3338 30420 39324 
3339 62810 65941 
3340 79752 69870 
3341 24813 31869 
3342 60404 57809 
3343 52765 49486 
3344 47596 53189 
3345 57241 61288 
3346 39086 39108 
3347 58174 64671 
3348 5912 7264 
3349 104655 96263 
3350 74174 77719 
3351 38856 43610 
3352 9106 10357 
3353 32586 34472 
3354 20674 13863 
3355 36103 29404 
3356 40760 41591 
3357 2843 11783 
3358 63134 55785 
3359 11652 2700 
3360 60008 57137 
3361 68139 59015 
3362 72592 65774 
3363 76631 75291 
3364 72498 69031 
3365 41288 42806 
3366 21894 25089 
3367 34905 28163 
3368 75500 83450 
3369 7972 3435 
3370 75543 69413 
3371 64701 57609 
3372 92011 95266 
3373 70718 79561 
3374 62924 66617 
3375 88151 78428 
3376 39253 38291 
3377 99662 94587 
3378 91707 88118 
3379 64788 55573 
3380 67666 66395 
3381 40519 39128 
3382 76498 86381 
3383 84210 80408 
3384 90451 84735 
3385 5559 6814 
3386 25431 32234 
3387 20179 29711 
3388 23972 33027 
3389 45702 41591 
3390 67812 66486 
3391 1 2611 
3392 24538 17057 
3393 84917 78969 
3394 93865 95374 
3395 71658 68580 
3396 29189 23310 
3397 45879 45983 
3398 32585 34415 
3399 57892 55949 
3400 35962 43930 
3401 53596 46355 
3402 89703 99659 
3403 68495 73795 
3404 66198 67758 
3405 2736 1510 
3406 67031 69458 
3407 33886 26437 
3408 88919 81773 
3409 71734 76979 
3410 79726 87692 
3411 17345 26490 
3412 54159 51957 
3413 74037 76993 
3414 48763 56283 
3415 29459 29399 
3416 65253 63773 
3417 78571 77472 
3418 51345 52284 
3419 51958 51161 
3420 46902 45366 
3421 74612 76552 
3422 62382 57092 
3423 63702 62053 
3424 30969 21548 
3425 26017 16255 
3426 57954 56452 
3427 32696 36684 
3428 60007 53028 
3429 16860 19217 
3430 59130 57958 
3431 54727 55050 
3432 30479 35869 
3433 78733 69239 
3434 82844 81583 
3435 62160 54052 
3436 29833 36849 
3437 16226 14099 
3438 33077 35325 
3439 83656 76295 
3440 11348 2386 
3441 60295 61104 
3442 2581 7529 
3443 41234 48526 
3444 69964 73071 
3445 28150 26723 
3446 42945 52644 
3447 60569 56474 
3448 94153 87086 
3449 51581 51150 
3450 86850 82330 
3451 99647 97017 
3452 47228 52657 
3453 86810 88602 
3454 95897 96979 
3455 4919 4385 
3456 101761 91955 
3457 83529 91194 
3458 22340 12719 
3459 70208 60915 
3460 95779 85866 
3461 38105 45324 
3462 47840 38215 
3463 56964 54170 
3464 55353 45508 
3465 78689 84664 
3466 34453 42193 
3467 4412 1579 
3468 68353 70252 
3469 21036 18833 
3470 44075 44250 
3471 54680 52453 
3472 73063 80483 
3473 17818 10545 
3474 41363 51275 
3475 29530 32432 
3476 15447 12617 
3477 105920 97726 
3478 32976 27590 
3479 605 5791 
3480 86428 89779 
3481 86173 86921 
3482 51018 45191 
3483 11441 9136 
3484 50536 55028 
3485 87422 78092 
3486 78548 84101 
3487 21503 18152 
3488 5788 15702 
3489 20760 12297 
3490 89122 83376 
3491 29990 35897 
3492 9797 2655 
3493 84231 83503 
3494 21791 19122 
3495 24269 17117 
3496 46966 50703 
3497 84402 81142 
3498 86287 92464 
3499 75617 70810 
3500 36196 29022 
3501 9506 10271 
3502 21390 18248 
3503 26957 36573 
3504 60453 66624 
3505 33594 24726 
3506 37661 44530 
3507 61233 66465 
3508 7397 16482 
3509 51484 52050 
3510 40839 48865 
3511 75972 83847 
3512 45639 43404 
3513 28108 30001 
3514 26371 31233 
3515 66303 63645 
3516 7591 12862 
3517 85279 89822 
3518 24891 20504 
3519 16356 11545 
3520 1 1365 
3521 17752 11149 
3522 90043 90150 
3523 30489 23069 
3524 46384 54853 
3525 23786 26843 
3526 45801 53927 
3527 49253 53202 
3528 83248 88221 
3529 94839 97584 
3530 91404 90381 
3531 48326 38478 
3532 53304 50088 
3533 48247 51102 
3534 50043 59656 
3535 8474 17520 
3536 70274 61096 
3537 93164 85665 
3538 83592 77408 
3539 11227 14464 
3540 69174 71963 
3541 84844 86334 
3542 101381 99446 
3543 103147 99986 
3544 65980 62168 
3545 63670 61606 
3546 93964 87753 
3547 90691 88481 
3548 48052 55664 
3549 33634 32690 
3550 35644 26060 
3551 22767 25205 
3552 79651 82639 
3553 78943 82790 
3554 101525 95378 
3555 60996 54975 
3556 59324 52921 
3557 8454 10607 
3558 13022 14789 
3559 31465 36922 
3560 79127 88175 
3561 1 1383 
3562 50181 58536 
3563 77616 67626 
3564 38654 46858 
3565 17943 20013 
3566 6122 5657 
3567 88714 79549 
3568 102743 97052 
3569 11932 8336 
3570 82937 85299 
3571 98037 97422 
3572 57209 57076 
3573 41186 35619 
3574 85956 80773 
3575 70836 75935 
3576 31402 36664 
3577 4892 5255 
3578 85283 79262 
3579 57195 49948 
3580 57530 61833 
3581 60214 55781 
3582 1 4867 
3583 62215 64988 
3584 93632 96996 
3585 55156 62419 
3586 43154 41812 
3587 36876 45057 
3588 29005 25630 
3589 93523 91436 
3590 78136 73292 
3591 56332 58292 
3592 70437 66789 
3593 33048 37402 
3594 38368 38048 
3595 80945 85900 
3596 18485 15331 
3597 91720 97774 
3598 29794 24796 
3599 29807 28710 
3600 90992 94556 
3601 46473 43715 
3602 44195 35147 
3603 22230 13259 
3604 20902 24300 
3605 69403 62528 
3606 30169 39726 
3607 21733 11790 
3608 81925 81899 
3609 28915 20340 
3610 16627 20577 
3611 91642 97613 
3612 72226 72874 
3613 99228 93498 
3614 35646 35387 
3615 1 3758 
3616 70174 66070 
3617 96028 91253 
3618 13770 16171 
3619 70729 70241 
3620 57824 64722 
3621 39081 32050 
3622 81057 86462 
3623 590 705 
3624 61439 53598 
3625 40113 31530 
3626 45140 46101 
3627 97064 91380 
3628 15552 11124 
3629 42946 38687 
3630 5499 15217 
3631 9944 6504 
3632 60250 52839 
3633 82329 72859 
3634 30158 27913 
3635 31921 29398 
3636 99600 93604 
3637 75635 68310 
3638 79417 79088 
3639 42752 35489 
3640 71772 61906 
3641 94301 97423 
3642 87323 95281 
3643 68584 74453 
3644 90927 82291 
3645 89503 81583 
3646 42763 44084 
3647 9569 5034 
3648 56903 48835 
3649 26055 16811 
3650 76420 79832 
3651 50714 53375 
3652 35468 27925 
3653 63882 56864 
3654 1187 2745 
3655 65114 69569 
3656 65866 73211 
3657 70543 65143 
3658 92170 91817 
3659 59488 56355 
3660 56366 46460 
3661 37434 31200 
3662 65975 73815 
3663 12150 7174 
3664 62220 62525 
3665 1 824 
3666 45676 44909 
3667 43208 42480 
3668 8868 10715 
3669 74816 76677 
3670 47170 57164 
3671 61166 61558 
3672 11410 14189 
3673 74924 77270 
3674 71235 77808 
3675 48575 52628 
3676 45428 42564 
3677 51399 60421 
3678 18777 21039 
3679 82227 86736 
3680 78532 80171 
3681 14063 18838 
3682 1 6907 
3683 43364 53052 
3684 48080 41801 
3685 36307 42039 
3686 49042 55261 
3687 80780 73619 
3688 77310 83515 
3689 76352 85888 
3690 13853 6426 
3691 18140 24025 
3692 23047 25373 
3693 65875 62130 
3694 64452 70895 
3695 42763 33181 
3696 69493 72416 
3697 50925 57977 
3698 50537 59382 
3699 53956 47353 
3700 21534 14674 
3701 19641 17484 
3702 69214 60193 
3703 38550 33357 
3704 67928 63323 
3705 5892 6217 
3706 90550 95611 
3707 16820 20041 
3708 680 10331 
3709 33088 34779 
3710 95776 86348 
3711 10836 1121 
3712 72682 65871 
3713 827 470 
3714 6927 7699 
3715 2007 7992 
3716 18898 11979 
3717 97213 98455 
3718 16522 9611 
3719 21147 15512 
3720 65638 64671 
3721 98040 91270 
3722 31605 33672 
3723 10017 5046 
3724 98038 98868 
3725 11112 19093 
3726 79872 77497 
3727 85215 87024 
3728 27246 27182 
3729 48992 53984 
3730 55461 55493 
3731 81845 87664 
3732 86034 88873 
3733 63550 68748 
3734 32722 25552 
3735 29882 21768 
3736 48545 56413 
3737 41573 46090 
3738 31847 27669 
3739 22343 23349 
3740 29781 29787 
3741 1 690 
3742 97546 94730 
3743 58891 54813 
3744 104135 95727 
3745 6164 5034 
3746 14519 8609 
3747 105235 99507 
3748 42208 51486 
3749 7369 3583 
3750 108732 98947 
3751 72461 64016 
3752 42676 48199 
3753 94853 97608 
3754 79289 70997 
3755 99990 97817 
3756 96872 92900 
3757 76023 78312 
3758 53289 47284 
3759 11902 3133 
3760 68787 75975 
3761 77411 69994 
3762 71870 67258 
3763 20908 15733 
3764 45147 35839 
3765 3010 388 
3766 79210 88696 
3767 60702 60196 
3768 32430 34866 
3769 46650 36790 
3770 93440 88348 
3771 94528 98231 
3772 1 3330 
3773 68454 63370 
3774 48563 45642 
3775 34503 34340 
3776 45365 47658 
3777 73598 67283 
3778 78445 82820 
3779 65667 70412 
3780 10075 96 
3781 98675 89808 
3782 73761 64548 
3783 83253 84538 
3784 78064 82386 
3785 85893 81799 
3786 85012 81630 
3787 35962 45091 
3788 40667 38059 
3789 39361 48876 
3790 13933 20289 
3791 25810 30565 
3792 7679 1005 
3793 42930 38105 
3794 30762 21108 
3795 92822 86858 
3796 87174 86453 
3797 49437 39829 
3798 47303 48187 
3799 84543 83204 
3800 46151 42491 
3801 15132 15344 
3802 93365 85968 
3803 32121 34096 
3804 100388 98545 
3805 53128 56866 
3806 38792 46060 
3807 16669 15157 
3808 93539 91681 
3809 52894 53777 
3810 79903 88382 
3811 104296 96612 
3812 69108 59890 
3813 1 5545 
3814 50098 47183 
3815 23249 22327 
3816 7469 3201 
3817 79098 75747 
3818 87089 95846 
3819 14093 10547 
3820 26656 21129 
3821 79066 71553 
3822 104393 95679 
3823 90172 88488 
3824 45477 51613 
3825 35399 40781 
3826 9900 16660 
3827 29970 26413 
3828 84256 83851 
3829 31597 41215 
3830 94618 87159 
3831 10533 5222 
3832 31055 40984 
3833 76269 71254 
3834 6553 15795 
3835 27835 31712 
3836 19847 27976 
3837 71978 69211 
3838 73880 78767 
3839 89851 96305 
3840 84500 86804 
3841 20588 23235 
3842 49299 42604 
3843 20218 15130 
3844 44525 40083 
3845 3786 8907 
3846 27552 20452 
3847 15151 5638 
3848 20154 23284 
3849 82454 82652 
3850 25656 32171 
3851 104479 95466 
3852 32400 25792 
3853 1 1094 
3854 45330 44623 
3855 81860 76229 
3856 73696 81978 
3857 83602 83078 
3858 53587 62042 
3859 33279 31391 
3860 79340 85408 
3861 67116 60130 
3862 63483 65708 
3863 1 1003 
3864 21110 27145 
3865 32948 38185 
3866 23057 25827 
3867 5913 9734 
3868 11694 14278 
3869 80916 87541 
3870 66488 72372 
3871 32696 34903 
3872 100029 92226 
3873 71849 74154 
3874 50964 49137 
3875 84002 86575 
3876 10459 1700 
3877 94782 86998 
3878 89128 91266 
3879 69113 72648 
3880 64674 61034 
3881 43099 45969 
3882 10280 5870 
3883 56586 57128 
3884 35854 40462 
3885 69462 65116 
3886 81156 90289 
3887 16344 19644 
3888 53477 57826 
3889 56342 50243 
3890 43988 45541 
3891 104878 97567 
3892 77128 68341 
3893 85656 95453 
3894 45150 47707 
3895 58569 56978 
3896 78787 86413 
3897 86898 93032 
3898 67828 67968 
3899 8767 2275 
3900 18874 11819 
3901 107345 97775 
3902 28645 29659 
3903 11775 4392 
3904 44502 38764 
3905 67813 65221 
3906 24374 16075 
3907 95210 97698 
3908 53331 58693 
3909 51100 44233 
3910 72591 73130 
3911 21208 14557 
3912 80857 73316 
3913 79504 74818 
3914 45479 41038 
3915 40731 30828 
3916 63106 57171 
3917 69951 71874 
3918 88268 78885 
3919 5372 4751 
3920 67712 72438 
3921 75902 70821 
3922 15026 10870 
3923 82018 79214 
3924 47401 42697 
3925 92210 91440 
3926 1 2308 
3927 80472 79068 
3928 46641 55684 
3929 12317 22132 
3930 88834 89291 
3931 16158 9142 
3932 43401 46361 
3933 14218 22506 
3934 771 4835 
3935 1 5444 
3936 27494 34706 
3937 90331 86518 
3938 81372 73914 
3939 39062 32981 
3940 108105 99029 
3941 67097 59685 
3942 58290 63036 
3943 22905 27972 
3944 24729 24481 
3945 6610 5713 
3946 64357 71852 
3947 74621 77527 
3948 30601 39472 
3949 74971 76377 
3950 81337 87017 
3951 85006 84156 
3952 19179 26005 
3953 95529 99723 
3954 6434 7116 
3955 91900 88907 
3956 31189 31485 
3957 31401 21404 
3958 54306 58118 
3959 74757 83977 
3960 45 431 
3961 36520 43916 
3962 30519 25028 
3963 32470 33345 
3964 62351 62126 
3965 35813 27909 
3966 74001 73709 
3967 94788 98730 
3968 82983 91635 
3969 13222 21754 
3970 66338 68191 
3971 71818 68070 
3972 97531 94933 
3973 2790 2762 
3974 12131 21975 
3975 15187 18078 
3976 22884 28194 
3977 7455 16955 
3978 49918 47432 
3979 87090 94856 
3980 48324 44901 
3981 84374 80929 
3982 58617 65376 
3983 58153 52515 
3984 98744 99808 
3985 76133 74102 
3986 78208 87592 
3987 1 2839 
3988 39252 41841 
3989 85582 78785 
3990 33826 26402 
3991 61503 67064 
3992 1 1102 
3993 25414 18834 
3994 83263 80715 
3995 64689 73153 
3996 90643 86954 
3997 52931 54401 
3998 16464 20056 
3999 57790 57659 
4000 66131 74000 
4001 71276 79540 
4002 63154 70202 
4003 1927 1429 
4004 52677 47556 
4005 71294 65079 
4006 43162 44604 
4007 62746 72715 
4008 86116 90983 
4009 75438 66787 
4010 1 5729 
4011 13205 6592 
4012 10445 2001 
4013 27021 24825 
4014 25771 20616 
4015 84633 92901 
4016 71556 62935 
4017 51914 52710 
4018 83826 83370 
4019 62534 65970 
4020 10607 3332 
4021 88125 88191 
4022 5810 15320 
4023 29482 33578 
4024 73384 73953 
4025 58046 62883 
4026 468 1599 
4027 7579 3321 
4028 78449 86606 
4029 59069 63486 
4030 47401 45733 
4031 81197 75670 
4032 51212 50408 
4033 85054 77314 
4034 52996 60523 
4035 25957 20419 
4036 45861 39043 
4037 75793 83373 
4038 9201 14282 
4039 84919 76554 
4040 27845 28591 
4041 41014 49607 
4042 75447 71160 
4043 71458 66431 
4044 30156 40021 
4045 87152 94018 
4046 89236 86402 
4047 19431 28674 
4048 58721 51801 
4049 71686 64538 
4050 64060 62193 
4051 16627 22812 
4052 3914 13655 
4053 56671 54645 
4054 36040 27655 
4055 84503 75646 
4056 86417 81031 
4057 32435 32066 
4058 71769 62016 
4059 43827 39783 
4060 88205 88090 
4061 52808 61179 
4062 7861 756 
4063 45166 44445 
4064 43767 50428 
4065 82992 83620 
4066 80098 81553 
4067 33510 42064 
4068 3394 2674 
4069 37813 47787 
4070 59489 63618 
4071 58598 59707 
4072 44425 36891 
4073 68503 59592 
4074 45085 53964 
4075 61769 71044 
4076 82460 75057 
4077 11341 3580 
4078 95361 96173 
4079 36587 44378 
4080 11642 20583 
4081 50612 57299 
4082 75427 76542 
4083 91659 82644 
4084 83028 86057 
4085 74278 65508 
4086 8057 16880 
4087 85961 79925 
4088 6449 11073 
4089 76118 77741 
4090 16731 9328 
4091 70353 62700 
4092 93702 94030 
4093 33729 37625 
4094 25137 16996 
4095 28375 35725 
4096 55941 57708 
4097 38504 43867 
4098 83309 79212 
4099 29891 22843 
4100 47692 49457 
4101 18331 15666 
4102 7672 5924 
4103 33453 35488 
4104 7045 13579 
4105 68468 70501 
4106 50079 55070 
4107 19723 23920 
4108 8668 16164 
4109 57889 63654 
4110 86720 94123 
4111 2670 12140 
4112 87521 95264 
4113 3392 2353 
4114 41338 48016 
4115 58465 55642 
4116 50982 53212 
4117 62327 65195 
4118 70645 61298 
4119 48804 42639 
4120 26598 29422 
4121 74501 72901 
4122 55251 46061 
4123 13957 8519 
4124 31151 29577 
4125 52718 46807 
4126 62201 63734 
4127 24616 21353 
4128 75887 75895 
4129 20369 11591 
4130 70278 64606 
4131 89316 88453 
4132 28139 31039 
4133 33071 28962 
4134 66876 70287 
4135 15603 9079 
4136 93964 89150 
4137 20687 24767 
4138 34287 41870 
4139 70003 72003 
4140 52687 56847 
4141 44696 54689 
4142 89532 84377 
4143 76330 72632 
4144 10153 14949 
4145 86449 86899 
4146 23353 22633 
4147 21561 29104 
4148 41701 40109 
4149 45814 47979 
4150 53049 58158 
4151 33896 39179 
4152 6430 751 
4153 54881 60297 
4154 8426 15671 
4155 94823 98361 
4156 91030 98604 
4157 39019 38935 
4158 48448 39529 
4159 61781 64207 
4160 104386 96286 
4161 65182 68872 
4162 82119 79301 
4163 1 1774 
4164 76244 73532 
4165 46727 51610 
4166 45515 40260 
4167 80307 73473 
4168 41431 39477 
4169 64506 73366 
4170 50418 60316 
4171 92850 95004 
4172 64956 57586 
4173 4753 2508 
4174 3290 2042 
4175 42545 34112 
4176 84015 78678 
4177 4097 9786 
4178 94853 97030 
4179 83066 78099 
4180 81995 91519 
4181 43504 41828 
4182 73783 76100 
4183 65435 62730 
4184 67269 64452 
4185 30382 35002 
4186 7198 8271 
4187 86660 90145 
4188 70276 72438 
4189 40723 31030 
4190 36159 36894 
4191 55231 45471 
4192 69852 70977 
4193 60801 64829 
4194 59681 49761 
4195 89880 87285 
4196 97701 98601 
4197 72903 79707 
4198 82338 81699 
4199 67442 58077 
4200 62162 58607 
4201 67847 70249 
4202 78994 85223 
4203 25286 16572 
4204 23341 30092 
4205 33460 42537 
4206 1 427 
4207 32994 29794 
4208 27346 28562 
4209 68349 64581 
4210 56861 50186 
4211 11254 14342 
4212 30231 37648 
4213 25439 26677 
4214 22234 23795 
4215 69093 68396 
4216 99795 99180 
4217 4956 1656 
4218 8858 6453 
4219 86588 81505 
4220 92697 87880 
4221 91193 99383 
4222 60647 57749 
4223 71488 64699 
4224 35475 40575 
4225 67797 75975 
4226 96775 94451 
4227 64380 71675 
4228 84882 82758 
4229 22009 20709 
4230 31729 23275 
4231 89838 84716 
4232 39350 31406 
4233 78330 72281 
4234 84333 76079 
4235 72121 70019 
4236 37657 43422 
4237 92036 89525 
4238 103240 98511 
4239 28744 26014 
4240 45482 36538 
4241 42343 44501 
4242 81956 76851 
4243 41939 42439 
4244 73395 63425 
4245 27314 25503 
4246 62135 58684 
4247 16459 20944 
4248 5456 7368 
4249 62019 66146 
4250 32368 30953 
4251 80049 87382 
4252 67329 61409 
4253 14047 22776 
4254 73899 70861 
4255 53163 57952 
4256 76905 81881 
4257 30808 39365 
4258 59338 52795 
4259 69570 66431 
4260 179 3923 
4261 75025 78135 
4262 51594 42493 
4263 89096 90765 
4264 7454 11695 
4265 65888 59142 
4266 48952 50933 
4267 24875 16720 
4268 24168 33703 
4269 10213 9011 
4270 100080 95524 
4271 94103 84949 
4272 78787 80270 
4273 66397 67306 
4274 45539 42849 
4275 20575 30455 
4276 90044 97745 
4277 70496 64417 
4278 65805 66623 
4279 3532 13463 
4280 52283 52407 
4281 73525 67385 
4282 68271 62890 
4283 26005 33827 
4284 20659 27139 
4285 22828 18650 
4286 6002 1831 
4287 31170 23345 
4288 8331 10126 
4289 24211 20184 
4290 80014 83161 
4291 1 1218 
4292 59465 58895 
4293 82846 88946 
4294 11318 20728 
4295 68915 59681 
4296 49310 54965 
4297 15162 7791 
4298 66398 65785 
4299 22115 19076 
4300 1 1128 
4301 78425 77921 
4302 39501 40107 
4303 54577 51079 
4304 40695 39021 
4305 13643 5699 
4306 81253 80470 
4307 51928 42581 
4308 36446 26465 
4309 79707 72860 
4310 89337 94203 
4311 27296 24225 
4312 11953 3227 
4313 62492 59868 
4314 80465 80312 
4315 96991 93766 
4316 15733 11084 
4317 72453 77212 
4318 28746 32355 
4319 83315 81004 
4320 61224 52127 
4321 85026 84832 
4322 69314 68236 
4323 93684 97348 
4324 46306 49851 
4325 77588 82773 
4326 934 3773 
4327 6557 4200 
4328 64698 71037 
4329 19765 19604 
4330 64413 66779 
4331 66120 69918 
4332 84463 79745 
4333 70556 65151 
4334 44119 54019 
4335 12152 21140 
4336 54430 60440 
4337 41767 35809 
4338 24239 32751 
4339 60968 51522 
4340 63888 72528 
4341 14551 18224 
4342 7194 2929 
4343 68569 75277 
4344 94323 96945 
4345 53065 54572 
4346 22363 22261 
4347 14767 24512 
4348 67184 76348 
4349 4021 4831 
4350 106865 99328 
4351 46786 56786 
4352 16802 23052 
4353 13234 12220 
4354 61552 54837 
4355 94425 93924 
4356 9446 12822 
4357 67501 63009 
4358 23551 16940 
4359 1053 2210 
4360 46957 49546 
4361 96989 87607 
4362 14675 9530 
4363 18819 21759 
4364 28104 25329 
4365 28421 33998 
4366 43688 45006 
4367 36295 37819 
4368 23941 30959 
4369 17210 9412 
4370 29236 23407 
4371 92873 94750 
4372 46377 48896 
4373 89936 96925 
4374 90618 94305 
4375 56862 65723 
4376 56447 56092 
4377 97671 94281 
4378 52266 50783 
4379 7589 8880 
4380 72360 73812 
4381 94554 85506 
4382 73585 66751 
4383 71293 67714 
4384 80002 74100 
4385 24494 25037 
4386 25387 31923 
4387 32664 28547 
4388 7282 11425 
4389 41620 38678 
4390 56250 49188 
4391 20238 23662 
4392 52195 52538 
4393 61784 65430 
4394 31418 34903 
4395 29662 25318 
4396 24435 25113 
4397 14690 13614 
4398 14872 19497 
4399 87728 85180 
4400 88034 84401 
4401 82621 78827 
4402 20499 28468 
4403 85556 81544 
4404 69735 66030 
4405 12007 12738 
4406 44970 54890 
4407 50557 55789 
4408 38503 45914 
4409 76763 83474 
4410 7156 5878 
4411 19021 20055 
4412 101711 94548 
4413 92348 96902 
4414 33571 35840 
4415 61088 61981 
4416 27586 29336 
4417 98304 91922 
4418 81479 81415 
4419 31299 21633 
4420 11095 5276 
4421 69160 65587 
4422 1322 10054 
4423 75990 75564 
4424 40532 32718 
4425 91514 92722 
4426 91476 99345 
4427 20198 16949 
4428 82710 80313 
4429 103397 94207 
4430 81755 88247 
4431 57707 58777 
4432 58255 65150 
4433 85274 76375 
4434 19517 18847 
4435 1 3649 
4436 58240 59357 
4437 46795 40511 
4438 97962 90508 
4439 5968 7329 
4440 51185 47883 
4441 46819 40072 
4442 80449 76635 
4443 74072 69940 
4444 5203 11387 
4445 40110 48235 
4446 57710 56866 
4447 99751 99043 
4448 21133 24248 
4449 691 556 
4450 72108 63440 
4451 44796 49885 
4452 54716 54726 
4453 81860 85433 
4454 17902 22897 
4455 18626 17886 
4456 58992 67878 
4457 45391 38634 
4458 9892 6953 
4459 5708 15338 
4460 47072 55792 
4461 66690 73024 
4462 57371 55445 
4463 59727 68304 
4464 13375 11288 
4465 87035 81095 
4466 15761 8399 
4467 53885 53321 
4468 77557 71275 
4469 83031 80917 
4470 59731 62185 
4471 17328 26071 
4472 36421 42481 
4473 1 1739 
4474 71151 63406 
4475 35721 32201 
4476 90935 91402 
4477 36549 38129 
4478 26970 32038 
4479 18805 13203 
4480 54245 49811 
4481 9776 1659 
4482 56455 58032 
4483 8583 5144 
4484 69267 63808 
4485 44886 41480 
4486 66184 72711 
4487 58870 52258 
4488 19658 19073 
4489 1 1759 
4490 24514 16223 
4491 51141 50757 
4492 30611 37118 
4493 78468 73138 
4494 37703 29702 
4495 98982 98593 
4496 74246 74045 
4497 28723 23676 
4498 13988 5605 
4499 64997 59455 
4500 78140 85849 
4501 60986 65988 
4502 48402 45823 
4503 9630 11249 
4504 90612 91817 
4505 66420 66618 
4506 24772 25358 
4507 79396 83379 
4508 9087 12001 
4509 104651 99735 
4510 82334 85515 
4511 17951 17294 
4512 64967 67466 
4513 24701 23902 
4514 98596 94084 
4515 54294 58737 
4516 49813 41257 
4517 30878 28671 
4518 40176 41189 
4519 99732 96056 
4520 71478 76063 
4521 93556 97328 
4522 54341 62994 
4523 1 3591 
4524 51345 56645 
4525 1200 436 
4526 40110 40520 
4527 64831 72333 
4528 78218 79245 
4529 55447 60406 
4530 74758 66977 
4531 11460 10980 
4532 52347 54534 
4533 41898 37452 
4534 96339 93614 
4535 59796 56012 
4536 83745 78710 
4537 50043 59702 
4538 59255 49885 
4539 52396 49525 
4540 65832 64287 
4541 9750 413 
4542 15337 6226 
4543 60207 60915 
4544 64883 60412 
4545 52328 59734 
4546 36894 30991 
4547 35032 29449 
4548 84275 87170 
4549 26738 31007 
4550 89329 96366 
4551 47663 45633 
4552 64180 55426 
4553 97789 97086 
4554 37965 41731 
4555 93400 91760 
4556 36447 41443 
4557 24224 18695 
4558 14867 23804 
4559 59500 50996 
4560 70852 70346 
4561 79543 70868 
4562 53359 43394 
4563 81281 87639 
4564 87873 89043 
4565 28802 28684 
4566 58811 66360 
4567 87154 87947 
4568 371 310 
4569 33939 31742 
4570 89116 92920 
4571 26868 23725 
4572 6100 10981 
4573 70964 63269 
4574 20870 28891 
4575 85399 90404 
4576 66006 57706 
4577 67740 71171 
4578 33124 29423 
4579 95691 89696 
4580 18961 12203 
4581 108294 99015 
4582 79000 85856 
4583 19187 24925 
4584 97469 87816 
4585 89000 91017 
4586 92664 88529 
4587 76688 67423 
4588 9747 13913 
4589 31623 32042 
4590 42698 45569 
4591 67655 73974 
4592 88318 93457 
4593 1 6423 
4594 59501 57097 
4595 7491 6969 
4596 50689 43359 
4597 1 1221 
4598 62886 56826 
4599 12969 13196 
4600 37894 30762 
4601 1 147 
4602 4641 4641 
4603 40724 36315 
4604 70640 66194 
4605 82142 90412 
4606 17191 16773 
4607 95480 97950 
4608 24946 27380 
4609 18342 17444 
4610 53149 58437 
4611 79344 75317 
4612 39197 47812 
4613 2526 10712 
4614 75525 68315 
4615 39469 41451 
4616 66072 57905 
4617 61038 70928 
4618 17270 18685 
4619 41552 46229 
4620 19114 16134 
4621 56313 52799 
4622 54510 47513 
4623 38940 34034 
4624 88414 84101 
4625 23332 13375 
4626 9994 6198 
4627 37196 29610 
4628 48931 50316 
4629 17988 17590 
4630 10911 11063 
4631 41532 45968 
4632 78977 73009 
4633 84700 89717 
4634 7884 13496 
4635 84166 81537 
4636 15772 9639 
4637 51026 42677 
4638 74661 68177 
4639 87176 92580 
4640 63567 58713 
4641 70465 69914 
4642 17248 24432 
4643 16738 15337 
4644 30508 25516 
4645 92200 90898 
4646 9070 15809 
4647 2788 9453 
4648 40305 33470 
4649 17308 15764 
4650 7068 2471 
4651 84687 78546 
4652 1 1355 
4653 37457 40227 
4654 84294 77953 
4655 16569 7336 
4656 59496 59460 
4657 73118 72331 
4658 362 1736 
4659 26282 33641 
4660 27564 27191 
4661 28167 19648 
4662 67665 77229 
4663 36891 45430 
4664 71028 79628 
4665 56641 64419 
4666 92976 93725 
4667 17917 13213 
4668 58795 59172 
4669 43343 39294 
4670 41997 41022 
4671 89100 89204 
4672 72242 62586 
4673 85756 81541 
4674 77976 71025 
4675 9785 18172 
4676 36233 43427 
4677 37457 32180 
4678 20873 17904 
4679 77488 80416 
4680 47115 47151 
4681 40696 33365 
4682 48008 44526 
4683 33228 38773 
4684 55849 65575 
4685 50283 44793 
4686 91468 95580 
4687 13328 21658 
4688 13869 14255 
4689 56331 63196 
4690 83571 77536 
4691 90660 92535 
4692 89387 88707 
4693 95441 94179 
4694 18703 19677 
4695 29954 37983 
4696 95801 97403 
4697 68565 62782 
4698 22913 22031 
4699 56453 62287 
4700 18799 10472 
4701 33549 28488 
4702 59156 50221 
4703 24359 21422 
4704 52812 46518 
4705 48478 58084 
4706 98781 97000 
4707 54821 59565 
4708 45226 40170 
4709 10137 3263 
4710 22592 27752 
4711 16418 8038 
4712 22233 16420 
4713 13582 22194 
4714 16532 17811 
4715 48384 52863 
4716 93799 99099 
4717 64472 56031 
4718 18471 9511 
4719 70277 60934 
4720 90556 87525 
4721 13064 13649 
4722 44503 38269 
4723 1 7667 
4724 10888 10798 
4725 65979 58462 
4726 9298 7718 
4727 65477 61387 
4728 87886 79037 
4729 2573 422 
4730 97995 88815 
4731 86040 90680 
4732 11394 16820 
4733 88027 94386 
4734 61614 68670 
4735 93986 88756 
4736 77931 73199 
4737 46180 38583 
4738 103724 99892 
4739 46439 43325 
4740 25126 34049 
4741 43645 46387 
4742 7477 8010 
4743 90303 87871 
4744 37303 34460 
4745 65698 69388 
4746 32807 33878 
4747 103100 96752 
4748 77888 76295 
4749 31100 35798 
4750 83356 90277 
4751 44891 42604 
4752 35065 33031 
4753 49255 55019 
4754 68945 76544 
4755 53143 62686 
4756 96521 99897 
4757 65339 67698 
4758 69528 73417 
4759 19126 28857 
4760 78009 69555 
4761 24350 16442 
4762 98851 96668 
4763 17775 17944 
4764 43991 37896 
4765 7812 4029 
4766 38936 48208 
4767 87963 78564 
4768 83976 77346 
4769 11110 6496 
4770 11102 19414 
4771 39079 31083 
4772 77921 87848 
4773 83070 78383 
4774 1433 502 
4775 62100 64107 
4776 73315 64663 
4777 1 5251 
4778 70286 69590 
4779 19575 14759 
4780 35055 30731 
4781 101661 93501 
4782 83346 86292 
4783 71874 78445 
4784 4619 11509 
4785 4428 12586 
4786 61984 62793 
4787 79555 81496 
4788 77502 84067 
4789 49511 42398 
4790 26338 23942 
4791 71012 80426 
4792 92788 92541 
4793 6139 1435 
4794 9007 11543 
4795 33336 33295 
4796 102035 94083 
4797 25331 23401 
4798 27483 29732 
4799 9077 4158 
4800 74322 66066 
4801 32309 28349 
4802 24729 20973 
4803 103841 93913 
4804 10753 9950 
4805 53424 44404 
4806 86332 81259 
4807 38361 41865 
4808 65073 56983 
4809 3649 10422 
4810 13947 11924 
4811 51282 45380 
4812 52355 54054 
4813 7498 10229 
4814 17526 9365 
4815 21823 11977 
4816 78663 70190 
4817 10976 19629 
4818 16784 20535 
4819 27525 22561 
4820 80060 89517 
4821 56911 50339 
4822 64700 57532 
4823 67012 58045 
4824 58157 62010 
4825 57060 49224 
4826 60212 54016 
4827 63308 62204 
4828 95792 89798 
4829 47982 53429 
4830 1 5978 
4831 1 1251 
4832 70088 75645 
4833 25246 24942 
4834 33579 31866 
4835 66960 69444 
4836 50218 57188 
4837 45700 44449 
4838 60977 55658 
4839 11569 4986 
4840 77060 67898 
4841 101482 93958 
4842 53912 59216 
4843 8700 12329 
4844 57799 63896 
4845 53916 55806 
4846 65849 74760 
4847 4485 4768 
4848 87593 91347 
4849 1 501 
4850 84502 90795 
4851 98995 95064 
4852 97059 89910 
4853 3981 10369 
4854 3529 1324 
4855 33069 29587 
4856 62359 61418 
4857 87484 79522 
4858 39627 43222 
4859 40704 40383 
4860 25951 27856 
4861 62867 57026 
4862 18994 22513 
4863 69563 77075 
4864 85119 82915 
4865 34231 33589 
4866 102022 99325 
4867 95785 86127 
4868 96272 96025 
4869 6175 12567 
4870 19776 20691 
4871 15641 19197 
4872 65046 65760 
4873 26455 25970 
4874 83266 75081 
4875 6247 8500 
4876 30970 26339 
4877 71043 71095 
4878 14772 14060 
4879 51931 46481 
4880 101092 99171 
4881 32989 24609 
4882 60101 67428 
4883 99989 96925 
4884 46781 42944 
4885 73950 81592 
4886 60217 52789 
4887 79841 73068 
4888 38819 44527 
4889 55901 47849 
4890 55940 60762 
4891 5405 2074 
4892 24311 23683 
4893 58271 51376 
4894 69535 65994 
4895 5935 12173 
4896 13719 18342 
4897 40912 37487 
4898 78031 68533 
4899 28451 29464 
4900 62837 63582 
4901 48554 52502 
4902 94765 85573 
4903 62242 57139 
4904 37007 29066 
4905 28808 24827 
4906 43114 47839 
4907 77326 81669 
4908 100470 98340 
4909 84167 75937 
4910 76961 71521 
4911 43212 35836 
4912 14550 15551 
4913 67776 65907 
4914 86313 85123 
4915 35540 38194 
4916 3929 12296 
4917 37427 41703 
4918 77984 75736 
4919 28274 26119 
4920 23637 25415 
4921 31279 40828 
4922 65994 71052 
4923 57253 63147 
4924 72645 75964 
4925 23265 27742 
4926 96252 90629 
4927 77146 67698 
4928 85214 86500 
4929 40246 37087 
4930 74701 66147 
4931 22460 24447 
4932 19566 19699 
4933 38714 40477 
4934 31467 26785 
4935 55647 61596 
4936 46301 42680 
4937 97737 97025 
4938 23071 18964 
4939 37141 40158 
4940 90129 93918 
4941 81499 78811 
4942 34194 26057 
4943 78612 79651 
4944 62936 57831 
4945 67126 64104 
4946 47307 45608 
4947 79298 69940 
4948 22259 29681 
4949 27404 17998 
4950 29427 32629 
4951 100859 93797 
4952 40101 35635 
4953 42099 46172 
4954 59839 59755 
4955 72434 69458 
4956 75024 75518 
4957 62803 69229 
4958 87967 97313 
4959 75451 81858 
4960 30491 20989 
4961 59100 53987 
4962 67250 69191 
4963 3949 10917 
4964 75608 84375 
4965 93027 86317 
4966 87972 81319 
4967 14810 10455 
4968 89725 85098 
4969 61262 66211 
4970 58524 67974 
4971 22366 31292 
4972 50493 50159 
4973 1 6470 
4974 81689 80354 
4975 51191 50212 
4976 86727 87354 
4977 67601 76931 
4978 39391 49363 
4979 76674 67718 
4980 85021 93209 
4981 31776 25774 
4982 19884 22411 
4983 6358 9062 
4984 80731 90642 
4985 96108 89801 
4986 69747 63256 
4987 80276 85296 
4988 81822 83175 
4989 35227 26876 
4990 59594 50975 
4991 12027 17148 
4992 62872 63090 
4993 25821 27772 
4994 20702 14048 
4995 20386 16874 
4996 89308 97067 
4997 91746 94406 
4998 57606 61782 
4999 31314 40005 
5000 78146 70271 
