npieces: 500
capacity: 67027
1 910 910 
2 443 443 
3 399 399 
4 855 855 
5 817 817 
6 293 293 
7 502 502 
8 845 845 
9 35 35 
10 950 950 
11 700 700 
12 666 666 
13 284 284 
14 422 422 
15 798 798 
16 340 340 
17 668 668 
18 139 139 
19 589 589 
20 947 947 
21 378 378 
22 412 412 
23 470 470 
24 868 868 
25 427 427 
26 896 896 
27 31 31 
28 75 75 
29 179 179 
30 116 116 
31 351 351 
32 453 453 
33 252 252 
34 67 67 
35 259 259 
36 243 243 
37 464 464 
38 679 679 
39 617 617 
40 842 842 
41 644 644 
42 862 862 
43 50 50 
44 976 976 
45 35 35 
46 961 961 
47 977 977 
48 729 729 
49 859 859 
50 294 294 
51 291 291 
52 263 263 
53 393 393 
54 189 189 
55 842 842 
56 176 176 
57 524 524 
58 679 679 
59 602 602 
60 505 505 
61 64 64 
62 58 58 
63 582 582 
64 585 585 
65 154 154 
66 617 617 
67 728 728 
68 448 448 
69 27 27 
70 744 744 
71 596 596 
72 70 70 
73 387 387 
74 502 502 
75 855 855 
76 840 840 
77 187 187 
78 299 299 
79 521 521 
80 900 900 
81 430 430 
82 641 641 
83 636 636 
84 614 614 
85 45 45 
86 910 910 
87 464 464 
88 852 852 
89 470 470 
90 7 7 
91 269 269 
92 724 724 
93 728 728 
94 761 761 
95 308 308 
96 597 597 
97 30 30 
98 81 81 
99 179 179 
100 578 578 
101 245 245 
102 20 20 
103 299 299 
104 779 779 
105 796 796 
106 544 544 
107 559 559 
108 582 582 
109 767 767 
110 977 977 
111 42 42 
112 707 707 
113 464 464 
114 647 647 
115 677 677 
116 445 445 
117 443 443 
118 805 805 
119 941 941 
120 268 268 
121 339 339 
122 909 909 
123 861 861 
124 967 967 
125 574 574 
126 598 598 
127 669 669 
128 790 790 
129 594 594 
130 743 743 
131 239 239 
132 582 582 
133 715 715 
134 214 214 
135 129 129 
136 342 342 
137 627 627 
138 817 817 
139 716 716 
140 502 502 
141 388 388 
142 302 302 
143 520 520 
144 32 32 
145 629 629 
146 878 878 
147 618 618 
148 902 902 
149 390 390 
150 435 435 
151 123 123 
152 963 963 
153 769 769 
154 563 563 
155 382 382 
156 366 366 
157 471 471 
158 693 693 
159 997 997 
160 576 576 
161 620 620 
162 648 648 
163 696 696 
164 367 367 
165 881 881 
166 202 202 
167 372 372 
168 195 195 
169 652 652 
170 46 46 
171 780 780 
172 453 453 
173 790 790 
174 879 879 
175 615 615 
176 192 192 
177 889 889 
178 257 257 
179 102 102 
180 303 303 
181 59 59 
182 647 647 
183 367 367 
184 830 830 
185 395 395 
186 438 438 
187 226 226 
188 5 5 
189 31 31 
190 825 825 
191 744 744 
192 959 959 
193 520 520 
194 806 806 
195 915 915 
196 953 953 
197 795 795 
198 901 901 
199 943 943 
200 477 477 
201 212 212 
202 17 17 
203 747 747 
204 294 294 
205 545 545 
206 47 47 
207 195 195 
208 358 358 
209 536 536 
210 508 508 
211 461 461 
212 244 244 
213 470 470 
214 467 467 
215 101 101 
216 553 553 
217 557 557 
218 483 483 
219 768 768 
220 489 489 
221 609 609 
222 750 750 
223 2 2 
224 671 671 
225 768 768 
226 862 862 
227 548 548 
228 888 888 
229 468 468 
230 787 787 
231 109 109 
232 786 786 
233 814 814 
234 72 72 
235 772 772 
236 382 382 
237 224 224 
238 315 315 
239 887 887 
240 920 920 
241 158 158 
242 242 242 
243 155 155 
244 15 15 
245 290 290 
246 107 107 
247 753 753 
248 128 128 
249 204 204 
250 68 68 
251 297 297 
252 789 789 
253 330 330 
254 17 17 
255 366 366 
256 547 547 
257 273 273 
258 540 540 
259 462 462 
260 697 697 
261 696 696 
262 647 647 
263 444 444 
264 452 452 
265 973 973 
266 197 197 
267 539 539 
268 359 359 
269 911 911 
270 294 294 
271 425 425 
272 808 808 
273 760 760 
274 297 297 
275 837 837 
276 542 542 
277 20 20 
278 572 572 
279 471 471 
280 526 526 
281 818 818 
282 103 103 
283 971 971 
284 733 733 
285 534 534 
286 958 958 
287 690 690 
288 800 800 
289 232 232 
290 253 253 
291 909 909 
292 591 591 
293 125 125 
294 94 94 
295 870 870 
296 104 104 
297 695 695 
298 613 613 
299 133 133 
300 431 431 
301 516 516 
302 389 389 
303 843 843 
304 987 987 
305 856 856 
306 660 660 
307 535 535 
308 972 972 
309 920 920 
310 177 177 
311 75 75 
312 385 385 
313 85 85 
314 838 838 
315 594 594 
316 646 646 
317 600 600 
318 288 288 
319 656 656 
320 122 122 
321 520 520 
322 451 451 
323 261 261 
324 806 806 
325 429 429 
326 251 251 
327 816 816 
328 698 698 
329 176 176 
330 317 317 
331 589 589 
332 842 842 
333 201 201 
334 60 60 
335 122 122 
336 981 981 
337 388 388 
338 575 575 
339 996 996 
340 622 622 
341 969 969 
342 863 863 
343 392 392 
344 299 299 
345 687 687 
346 847 847 
347 808 808 
348 107 107 
349 141 141 
350 252 252 
351 877 877 
352 205 205 
353 685 685 
354 772 772 
355 340 340 
356 611 611 
357 389 389 
358 739 739 
359 646 646 
360 69 69 
361 810 810 
362 1000 1000 
363 543 543 
364 58 58 
365 211 211 
366 470 470 
367 795 795 
368 434 434 
369 719 719 
370 478 478 
371 800 800 
372 446 446 
373 797 797 
374 418 418 
375 364 364 
376 441 441 
377 142 142 
378 100 100 
379 780 780 
380 976 976 
381 33 33 
382 709 709 
383 533 533 
384 388 388 
385 67 67 
386 274 274 
387 955 955 
388 641 641 
389 136 136 
390 761 761 
391 548 548 
392 422 422 
393 594 594 
394 577 577 
395 336 336 
396 813 813 
397 685 685 
398 951 951 
399 232 232 
400 245 245 
401 861 861 
402 589 589 
403 799 799 
404 402 402 
405 173 173 
406 309 309 
407 105 105 
408 671 671 
409 61 61 
410 163 163 
411 223 223 
412 649 649 
413 703 703 
414 600 600 
415 700 700 
416 148 148 
417 518 518 
418 659 659 
419 696 696 
420 796 796 
421 995 995 
422 322 322 
423 814 814 
424 282 282 
425 125 125 
426 966 966 
427 491 491 
428 382 382 
429 52 52 
430 92 92 
431 310 310 
432 443 443 
433 675 675 
434 856 856 
435 398 398 
436 630 630 
437 72 72 
438 316 316 
439 869 869 
440 432 432 
441 208 208 
442 134 134 
443 39 39 
444 891 891 
445 908 908 
446 296 296 
447 222 222 
448 697 697 
449 954 954 
450 929 929 
451 278 278 
452 816 816 
453 34 34 
454 785 785 
455 112 112 
456 82 82 
457 990 990 
458 889 889 
459 597 597 
460 1 1 
461 228 228 
462 401 401 
463 697 697 
464 336 336 
465 51 51 
466 611 611 
467 385 385 
468 988 988 
469 752 752 
470 420 420 
471 130 130 
472 145 145 
473 524 524 
474 299 299 
475 592 592 
476 585 585 
477 467 467 
478 202 202 
479 751 751 
480 311 311 
481 508 508 
482 498 498 
483 194 194 
484 586 586 
485 560 560 
486 139 139 
487 558 558 
488 765 765 
489 169 169 
490 48 48 
491 745 745 
492 483 483 
493 224 224 
494 537 537 
495 516 516 
496 48 48 
497 259 259 
498 706 706 
499 195 195 
500 10 10 
