npieces: 5000
capacity: 7614611
1 7192 7192 
2 3501 3501 
3 9185 9185 
4 2809 2809 
5 1443 1443 
6 2663 2663 
7 3976 3976 
8 5375 5375 
9 9461 9461 
10 32 32 
11 1694 1694 
12 4836 4836 
13 7022 7022 
14 7280 7280 
15 3144 3144 
16 22 22 
17 8574 8574 
18 589 589 
19 2863 2863 
20 4589 4589 
21 2724 2724 
22 1982 1982 
23 6952 6952 
24 7566 7566 
25 7669 7669 
26 9434 9434 
27 3121 3121 
28 7949 7949 
29 2469 2469 
30 3422 3422 
31 905 905 
32 6687 6687 
33 6262 6262 
34 6221 6221 
35 4317 4317 
36 8909 8909 
37 2986 2986 
38 4545 4545 
39 5163 5163 
40 5988 5988 
41 7398 7398 
42 7856 7856 
43 6340 6340 
44 3626 3626 
45 4229 4229 
46 6459 6459 
47 4307 4307 
48 1339 1339 
49 9925 9925 
50 2448 2448 
51 7269 7269 
52 273 273 
53 4195 4195 
54 9311 9311 
55 6452 6452 
56 3026 3026 
57 8782 8782 
58 2489 2489 
59 116 116 
60 819 819 
61 4858 4858 
62 6244 6244 
63 968 968 
64 4603 4603 
65 724 724 
66 5531 5531 
67 3970 3970 
68 5330 5330 
69 5981 5981 
70 8338 8338 
71 902 902 
72 1288 1288 
73 1989 1989 
74 5320 5320 
75 7433 7433 
76 514 514 
77 8789 8789 
78 1397 1397 
79 7355 7355 
80 3230 3230 
81 8008 8008 
82 7427 7427 
83 2526 2526 
84 9272 9272 
85 7431 7431 
86 5304 5304 
87 1362 1362 
88 3590 3590 
89 9840 9840 
90 9569 9569 
91 6815 6815 
92 5662 5662 
93 3154 3154 
94 5403 5403 
95 5662 5662 
96 7511 7511 
97 3496 3496 
98 7851 7851 
99 2805 2805 
100 4460 4460 
101 6463 6463 
102 2750 2750 
103 4989 4989 
104 2461 2461 
105 1734 1734 
106 842 842 
107 289 289 
108 1536 1536 
109 545 545 
110 771 771 
111 9828 9828 
112 7509 7509 
113 9338 9338 
114 5641 5641 
115 4959 4959 
116 7767 7767 
117 3413 3413 
118 9471 9471 
119 7911 7911 
120 2318 2318 
121 9165 9165 
122 8551 8551 
123 6199 6199 
124 2529 2529 
125 7152 7152 
126 8808 8808 
127 95 95 
128 4424 4424 
129 7652 7652 
130 5569 5569 
131 1593 1593 
132 3792 3792 
133 7941 7941 
134 1576 1576 
135 8787 8787 
136 5672 5672 
137 4621 4621 
138 7851 7851 
139 9246 9246 
140 2856 2856 
141 6782 6782 
142 6824 6824 
143 9954 9954 
144 7282 7282 
145 2223 2223 
146 4808 4808 
147 6844 6844 
148 3904 3904 
149 2192 2192 
150 3269 3269 
151 9781 9781 
152 8349 8349 
153 4907 4907 
154 6077 6077 
155 5040 5040 
156 2928 2928 
157 4025 4025 
158 6031 6031 
159 1423 1423 
160 8082 8082 
161 3646 3646 
162 1746 1746 
163 8882 8882 
164 337 337 
165 6275 6275 
166 9748 9748 
167 6990 6990 
168 4061 4061 
169 6158 6158 
170 8992 8992 
171 7158 7158 
172 1215 1215 
173 8880 8880 
174 8121 8121 
175 5145 5145 
176 8650 8650 
177 9643 9643 
178 1971 1971 
179 3512 3512 
180 9561 9561 
181 4989 4989 
182 3057 3057 
183 8129 8129 
184 3384 3384 
185 1773 1773 
186 9288 9288 
187 1116 1116 
188 7231 7231 
189 9009 9009 
190 2915 2915 
191 8482 8482 
192 5081 5081 
193 6074 6074 
194 8912 8912 
195 5 5 
196 6131 6131 
197 605 605 
198 3095 3095 
199 9297 9297 
200 5791 5791 
201 2094 2094 
202 7179 7179 
203 8685 8685 
204 4568 4568 
205 8907 8907 
206 5113 5113 
207 7341 7341 
208 6480 6480 
209 4354 4354 
210 6590 6590 
211 3303 3303 
212 3158 3158 
213 7840 7840 
214 229 229 
215 7743 7743 
216 9587 9587 
217 4439 4439 
218 717 717 
219 690 690 
220 1299 1299 
221 587 587 
222 6136 6136 
223 1068 1068 
224 305 305 
225 4266 4266 
226 1904 1904 
227 6198 6198 
228 3002 3002 
229 5238 5238 
230 1621 1621 
231 3615 3615 
232 9284 9284 
233 7904 7904 
234 6146 6146 
235 854 854 
236 1224 1224 
237 546 546 
238 2797 2797 
239 801 801 
240 3770 3770 
241 2376 2376 
242 2220 2220 
243 9485 9485 
244 7369 7369 
245 9692 9692 
246 1333 1333 
247 9971 9971 
248 8290 8290 
249 9454 9454 
250 7230 7230 
251 5907 5907 
252 2511 2511 
253 3628 3628 
254 6835 6835 
255 7040 7040 
256 7357 7357 
257 1491 1491 
258 6550 6550 
259 2824 2824 
260 3019 3019 
261 8530 8530 
262 1905 1905 
263 3422 3422 
264 7070 7070 
265 2279 2279 
266 7831 7831 
267 133 133 
268 7153 7153 
269 9961 9961 
270 776 776 
271 2155 2155 
272 9674 9674 
273 4114 4114 
274 6851 6851 
275 8543 8543 
276 4120 4120 
277 8534 8534 
278 7270 7270 
279 849 849 
280 1064 1064 
281 4756 4756 
282 4849 4849 
283 5045 5045 
284 3127 3127 
285 8776 8776 
286 8792 8792 
287 2724 2724 
288 3426 3426 
289 1626 1626 
290 2519 2519 
291 6895 6895 
292 9145 9145 
293 9895 9895 
294 4912 4912 
295 7456 7456 
296 482 482 
297 5369 5369 
298 7375 7375 
299 7711 7711 
300 7337 7337 
301 4646 4646 
302 8655 8655 
303 189 189 
304 1941 1941 
305 3986 3986 
306 6294 6294 
307 5841 5841 
308 4470 4470 
309 7378 7378 
310 8811 8811 
311 6941 6941 
312 2411 2411 
313 2159 2159 
314 9496 9496 
315 236 236 
316 3056 3056 
317 5330 5330 
318 1082 1082 
319 5594 5594 
320 3796 3796 
321 8082 8082 
322 5541 5541 
323 2751 2751 
324 3336 3336 
325 4743 4743 
326 8325 8325 
327 874 874 
328 5796 5796 
329 74 74 
330 9551 9551 
331 8583 8583 
332 7172 7172 
333 3963 3963 
334 7766 7766 
335 3308 3308 
336 4495 4495 
337 9454 9454 
338 825 825 
339 7782 7782 
340 9560 9560 
341 9219 9219 
342 9321 9321 
343 5434 5434 
344 3997 3997 
345 9329 9329 
346 9033 9033 
347 5066 5066 
348 9133 9133 
349 383 383 
350 8926 8926 
351 7559 7559 
352 663 663 
353 6559 6559 
354 4742 4742 
355 1502 1502 
356 2141 2141 
357 2151 2151 
358 3349 3349 
359 9680 9680 
360 4727 4727 
361 3756 3756 
362 90 90 
363 1553 1553 
364 8724 8724 
365 9565 9565 
366 4704 4704 
367 4973 4973 
368 7532 7532 
369 313 313 
370 5824 5824 
371 5810 5810 
372 1728 1728 
373 6319 6319 
374 1220 1220 
375 9246 9246 
376 4035 4035 
377 2032 2032 
378 7574 7574 
379 5206 5206 
380 3682 3682 
381 2259 2259 
382 5367 5367 
383 2415 2415 
384 1726 1726 
385 5461 5461 
386 3932 3932 
387 6045 6045 
388 683 683 
389 3162 3162 
390 7923 7923 
391 5670 5670 
392 4624 4624 
393 5588 5588 
394 2915 2915 
395 3858 3858 
396 7055 7055 
397 4671 4671 
398 9441 9441 
399 450 450 
400 7231 7231 
401 5623 5623 
402 8367 8367 
403 7849 7849 
404 8580 8580 
405 2231 2231 
406 2223 2223 
407 7323 7323 
408 1985 1985 
409 3039 3039 
410 6501 6501 
411 7137 7137 
412 5123 5123 
413 3985 3985 
414 7498 7498 
415 7414 7414 
416 7550 7550 
417 6616 6616 
418 6125 6125 
419 8786 8786 
420 7670 7670 
421 7221 7221 
422 756 756 
423 2896 2896 
424 4772 4772 
425 663 663 
426 7808 7808 
427 6013 6013 
428 6920 6920 
429 6998 6998 
430 4174 4174 
431 5072 5072 
432 6349 6349 
433 5501 5501 
434 6874 6874 
435 6048 6048 
436 4520 4520 
437 738 738 
438 9918 9918 
439 1719 1719 
440 3802 3802 
441 3186 3186 
442 5176 5176 
443 9793 9793 
444 7861 7861 
445 1886 1886 
446 1754 1754 
447 9136 9136 
448 5179 5179 
449 7180 7180 
450 251 251 
451 1408 1408 
452 2562 2562 
453 8428 8428 
454 827 827 
455 1810 1810 
456 2516 2516 
457 8920 8920 
458 323 323 
459 9271 9271 
460 1299 1299 
461 2310 2310 
462 6875 6875 
463 1227 1227 
464 4298 4298 
465 5005 5005 
466 357 357 
467 1147 1147 
468 2526 2526 
469 9410 9410 
470 8006 8006 
471 2564 2564 
472 3331 3331 
473 9102 9102 
474 1877 1877 
475 778 778 
476 2331 2331 
477 8669 8669 
478 108 108 
479 1585 1585 
480 6745 6745 
481 86 86 
482 6508 6508 
483 4636 4636 
484 2820 2820 
485 7090 7090 
486 2301 2301 
487 464 464 
488 1735 1735 
489 5307 5307 
490 8498 8498 
491 595 595 
492 9365 9365 
493 7026 7026 
494 7339 7339 
495 4022 4022 
496 1754 1754 
497 6541 6541 
498 5316 5316 
499 4093 4093 
500 6924 6924 
501 8315 8315 
502 4395 4395 
503 6295 6295 
504 7072 7072 
505 6725 6725 
506 2543 2543 
507 894 894 
508 9865 9865 
509 1892 1892 
510 6147 6147 
511 349 349 
512 4332 4332 
513 2025 2025 
514 1202 1202 
515 8985 8985 
516 1423 1423 
517 6636 6636 
518 5725 5725 
519 685 685 
520 8415 8415 
521 5700 5700 
522 9920 9920 
523 6726 6726 
524 2753 2753 
525 1455 1455 
526 1586 1586 
527 7575 7575 
528 2992 2992 
529 1648 1648 
530 4939 4939 
531 9562 9562 
532 6517 6517 
533 9587 9587 
534 1088 1088 
535 5300 5300 
536 5093 5093 
537 557 557 
538 2698 2698 
539 3268 3268 
540 4068 4068 
541 7604 7604 
542 3940 3940 
543 1816 1816 
544 8199 8199 
545 9976 9976 
546 6579 6579 
547 9275 9275 
548 1767 1767 
549 3934 3934 
550 1120 1120 
551 2127 2127 
552 8706 8706 
553 1351 1351 
554 8417 8417 
555 6579 6579 
556 203 203 
557 8561 8561 
558 6998 6998 
559 1729 1729 
560 6273 6273 
561 1305 1305 
562 4062 4062 
563 5095 5095 
564 478 478 
565 9548 9548 
566 2154 2154 
567 5407 5407 
568 9782 9782 
569 5049 5049 
570 1529 1529 
571 9821 9821 
572 8767 8767 
573 5732 5732 
574 5971 5971 
575 8453 8453 
576 2895 2895 
577 8921 8921 
578 1090 1090 
579 3783 3783 
580 8369 8369 
581 7803 7803 
582 2761 2761 
583 3176 3176 
584 3010 3010 
585 8153 8153 
586 7464 7464 
587 9086 9086 
588 7928 7928 
589 3227 3227 
590 4728 4728 
591 9399 9399 
592 3025 3025 
593 9279 9279 
594 2913 2913 
595 6599 6599 
596 3657 3657 
597 1578 1578 
598 2668 2668 
599 8444 8444 
600 2630 2630 
601 9965 9965 
602 3730 3730 
603 1535 1535 
604 9774 9774 
605 2646 2646 
606 9139 9139 
607 9962 9962 
608 376 376 
609 3504 3504 
610 50 50 
611 672 672 
612 3056 3056 
613 808 808 
614 5853 5853 
615 1502 1502 
616 4435 4435 
617 3484 3484 
618 1323 1323 
619 316 316 
620 3754 3754 
621 1650 1650 
622 4879 4879 
623 8943 8943 
624 4948 4948 
625 9379 9379 
626 5673 5673 
627 1230 1230 
628 6540 6540 
629 7074 7074 
630 5739 5739 
631 8047 8047 
632 8858 8858 
633 589 589 
634 5384 5384 
635 526 526 
636 7813 7813 
637 7103 7103 
638 8072 8072 
639 8729 8729 
640 3846 3846 
641 9119 9119 
642 7689 7689 
643 9195 9195 
644 6024 6024 
645 8424 8424 
646 3008 3008 
647 7939 7939 
648 587 587 
649 9766 9766 
650 3837 3837 
651 1568 1568 
652 4167 4167 
653 2170 2170 
654 7052 7052 
655 7147 7147 
656 4510 4510 
657 362 362 
658 4984 4984 
659 6769 6769 
660 970 970 
661 3496 3496 
662 9562 9562 
663 6076 6076 
664 2774 2774 
665 3661 3661 
666 2079 2079 
667 2253 2253 
668 5257 5257 
669 8914 8914 
670 5687 5687 
671 1160 1160 
672 364 364 
673 3307 3307 
674 2282 2282 
675 5339 5339 
676 5213 5213 
677 4193 4193 
678 6389 6389 
679 9884 9884 
680 5116 5116 
681 6538 6538 
682 3202 3202 
683 3791 3791 
684 7139 7139 
685 7046 7046 
686 838 838 
687 9953 9953 
688 9714 9714 
689 7449 7449 
690 8707 8707 
691 6483 6483 
692 3224 3224 
693 9568 9568 
694 3502 3502 
695 4038 4038 
696 30 30 
697 50 50 
698 2955 2955 
699 6032 6032 
700 7549 7549 
701 3685 3685 
702 932 932 
703 6953 6953 
704 528 528 
705 5625 5625 
706 9032 9032 
707 485 485 
708 4068 4068 
709 4005 4005 
710 4129 4129 
711 8029 8029 
712 9915 9915 
713 8172 8172 
714 7918 7918 
715 3228 3228 
716 3136 3136 
717 5803 5803 
718 4510 4510 
719 1907 1907 
720 8613 8613 
721 4178 4178 
722 4382 4382 
723 9545 9545 
724 4617 4617 
725 4861 4861 
726 8666 8666 
727 4179 4179 
728 5205 5205 
729 4094 4094 
730 8736 8736 
731 1900 1900 
732 8565 8565 
733 6633 6633 
734 6610 6610 
735 6961 6961 
736 3268 3268 
737 5116 5116 
738 4281 4281 
739 1803 1803 
740 448 448 
741 2856 2856 
742 4167 4167 
743 7322 7322 
744 716 716 
745 3888 3888 
746 7893 7893 
747 555 555 
748 3812 3812 
749 3037 3037 
750 1899 1899 
751 7126 7126 
752 3627 3627 
753 6427 6427 
754 6750 6750 
755 6118 6118 
756 3233 3233 
757 6532 6532 
758 339 339 
759 1109 1109 
760 4529 4529 
761 5911 5911 
762 9346 9346 
763 4020 4020 
764 3366 3366 
765 725 725 
766 8853 8853 
767 8052 8052 
768 9613 9613 
769 7208 7208 
770 5568 5568 
771 6484 6484 
772 9333 9333 
773 4256 4256 
774 6139 6139 
775 5607 5607 
776 6035 6035 
777 7050 7050 
778 3083 3083 
779 8417 8417 
780 9810 9810 
781 6031 6031 
782 3695 3695 
783 9806 9806 
784 9128 9128 
785 1223 1223 
786 1349 1349 
787 7871 7871 
788 356 356 
789 441 441 
790 7612 7612 
791 8514 8514 
792 6500 6500 
793 6848 6848 
794 101 101 
795 7740 7740 
796 2994 2994 
797 9291 9291 
798 7619 7619 
799 3030 3030 
800 9678 9678 
801 2673 2673 
802 1265 1265 
803 5938 5938 
804 2087 2087 
805 1278 1278 
806 562 562 
807 1080 1080 
808 6819 6819 
809 3935 3935 
810 2692 2692 
811 4465 4465 
812 719 719 
813 6838 6838 
814 7870 7870 
815 7183 7183 
816 7072 7072 
817 2315 2315 
818 1048 1048 
819 3287 3287 
820 5319 5319 
821 3071 3071 
822 9338 9338 
823 6396 6396 
824 1426 1426 
825 4253 4253 
826 9245 9245 
827 3193 3193 
828 5856 5856 
829 9312 9312 
830 2477 2477 
831 6491 6491 
832 8621 8621 
833 4251 4251 
834 5120 5120 
835 5721 5721 
836 5051 5051 
837 8393 8393 
838 6192 6192 
839 1200 1200 
840 8497 8497 
841 2722 2722 
842 6500 6500 
843 9967 9967 
844 8733 8733 
845 518 518 
846 3725 3725 
847 8396 8396 
848 3190 3190 
849 2297 2297 
850 6764 6764 
851 4754 4754 
852 2349 2349 
853 6891 6891 
854 2817 2817 
855 4344 4344 
856 6977 6977 
857 8451 8451 
858 4062 4062 
859 4302 4302 
860 2897 2897 
861 9191 9191 
862 8489 8489 
863 6806 6806 
864 4060 4060 
865 5338 5338 
866 3073 3073 
867 8957 8957 
868 100 100 
869 2227 2227 
870 7256 7256 
871 2997 2997 
872 81 81 
873 198 198 
874 2159 2159 
875 9328 9328 
876 8114 8114 
877 6898 6898 
878 5855 5855 
879 4859 4859 
880 5695 5695 
881 9734 9734 
882 4067 4067 
883 6677 6677 
884 1242 1242 
885 7456 7456 
886 6100 6100 
887 7098 7098 
888 2643 2643 
889 2676 2676 
890 3868 3868 
891 7984 7984 
892 5723 5723 
893 5429 5429 
894 9259 9259 
895 4861 4861 
896 1520 1520 
897 2691 2691 
898 7816 7816 
899 5475 5475 
900 4535 4535 
901 3105 3105 
902 751 751 
903 2122 2122 
904 5799 5799 
905 2337 2337 
906 153 153 
907 7064 7064 
908 5650 5650 
909 1327 1327 
910 5401 5401 
911 2063 2063 
912 7375 7375 
913 135 135 
914 5619 5619 
915 5491 5491 
916 978 978 
917 9364 9364 
918 199 199 
919 4374 4374 
920 3870 3870 
921 1574 1574 
922 9691 9691 
923 1586 1586 
924 3105 3105 
925 9198 9198 
926 3590 3590 
927 1619 1619 
928 7693 7693 
929 1193 1193 
930 8201 8201 
931 4574 4574 
932 8470 8470 
933 119 119 
934 2792 2792 
935 8834 8834 
936 7 7 
937 5159 5159 
938 5542 5542 
939 3930 3930 
940 431 431 
941 5169 5169 
942 5807 5807 
943 1003 1003 
944 4665 4665 
945 2735 2735 
946 3134 3134 
947 4352 4352 
948 4458 4458 
949 3128 3128 
950 6799 6799 
951 8400 8400 
952 6036 6036 
953 9947 9947 
954 8943 8943 
955 6745 6745 
956 423 423 
957 5461 5461 
958 2159 2159 
959 7979 7979 
960 9014 9014 
961 1696 1696 
962 5576 5576 
963 6083 6083 
964 9543 9543 
965 7784 7784 
966 7608 7608 
967 3554 3554 
968 3684 3684 
969 3242 3242 
970 5610 5610 
971 8490 8490 
972 1119 1119 
973 8123 8123 
974 324 324 
975 8341 8341 
976 8355 8355 
977 6674 6674 
978 3418 3418 
979 8785 8785 
980 1589 1589 
981 5379 5379 
982 3168 3168 
983 300 300 
984 809 809 
985 73 73 
986 1500 1500 
987 3368 3368 
988 2913 2913 
989 3759 3759 
990 1434 1434 
991 8875 8875 
992 7120 7120 
993 3756 3756 
994 505 505 
995 5173 5173 
996 781 781 
997 8121 8121 
998 3826 3826 
999 6639 6639 
1000 6227 6227 
1001 1231 1231 
1002 6057 6057 
1003 797 797 
1004 1573 1573 
1005 3938 3938 
1006 4157 4157 
1007 9823 9823 
1008 6671 6671 
1009 1092 1092 
1010 3929 3929 
1011 4170 4170 
1012 2552 2552 
1013 9031 9031 
1014 4333 4333 
1015 9597 9597 
1016 467 467 
1017 6563 6563 
1018 7942 7942 
1019 35 35 
1020 8196 8196 
1021 8016 8016 
1022 185 185 
1023 6005 6005 
1024 559 559 
1025 7665 7665 
1026 9808 9808 
1027 6281 6281 
1028 1197 1197 
1029 4317 4317 
1030 7995 7995 
1031 3259 3259 
1032 1400 1400 
1033 9339 9339 
1034 9576 9576 
1035 6790 6790 
1036 326 326 
1037 521 521 
1038 8221 8221 
1039 2446 2446 
1040 6354 6354 
1041 3801 3801 
1042 8769 8769 
1043 6205 6205 
1044 6837 6837 
1045 6905 6905 
1046 9754 9754 
1047 2569 2569 
1048 4708 4708 
1049 6957 6957 
1050 8258 8258 
1051 4527 4527 
1052 5443 5443 
1053 9771 9771 
1054 7971 7971 
1055 5758 5758 
1056 679 679 
1057 563 563 
1058 9649 9649 
1059 8082 8082 
1060 5769 5769 
1061 5225 5225 
1062 807 807 
1063 2379 2379 
1064 3991 3991 
1065 1841 1841 
1066 6489 6489 
1067 6697 6697 
1068 8420 8420 
1069 1813 1813 
1070 8488 8488 
1071 7990 7990 
1072 5296 5296 
1073 1990 1990 
1074 2309 2309 
1075 6737 6737 
1076 1394 1394 
1077 6140 6140 
1078 7261 7261 
1079 5602 5602 
1080 6257 6257 
1081 5404 5404 
1082 1890 1890 
1083 6175 6175 
1084 9234 9234 
1085 1253 1253 
1086 7018 7018 
1087 5770 5770 
1088 4588 4588 
1089 8199 8199 
1090 9888 9888 
1091 2164 2164 
1092 167 167 
1093 8737 8737 
1094 6905 6905 
1095 9075 9075 
1096 5347 5347 
1097 4981 4981 
1098 4129 4129 
1099 9691 9691 
1100 2037 2037 
1101 7578 7578 
1102 8836 8836 
1103 8124 8124 
1104 332 332 
1105 4205 4205 
1106 3368 3368 
1107 4311 4311 
1108 5490 5490 
1109 6054 6054 
1110 1479 1479 
1111 5518 5518 
1112 1662 1662 
1113 7602 7602 
1114 5419 5419 
1115 6583 6583 
1116 2630 2630 
1117 3890 3890 
1118 674 674 
1119 4781 4781 
1120 1473 1473 
1121 3471 3471 
1122 577 577 
1123 3572 3572 
1124 7435 7435 
1125 3289 3289 
1126 1045 1045 
1127 6487 6487 
1128 434 434 
1129 3403 3403 
1130 5700 5700 
1131 9583 9583 
1132 2541 2541 
1133 492 492 
1134 9346 9346 
1135 881 881 
1136 3900 3900 
1137 4500 4500 
1138 560 560 
1139 4821 4821 
1140 4810 4810 
1141 1384 1384 
1142 4127 4127 
1143 4895 4895 
1144 1007 1007 
1145 469 469 
1146 5361 5361 
1147 9468 9468 
1148 5186 5186 
1149 9237 9237 
1150 3376 3376 
1151 3019 3019 
1152 2348 2348 
1153 7921 7921 
1154 921 921 
1155 1525 1525 
1156 1303 1303 
1157 4596 4596 
1158 5136 5136 
1159 6394 6394 
1160 4582 4582 
1161 7751 7751 
1162 6807 6807 
1163 682 682 
1164 4014 4014 
1165 1966 1966 
1166 2841 2841 
1167 7644 7644 
1168 1378 1378 
1169 9486 9486 
1170 3712 3712 
1171 9455 9455 
1172 6604 6604 
1173 1689 1689 
1174 5958 5958 
1175 6250 6250 
1176 935 935 
1177 5896 5896 
1178 4825 4825 
1179 1442 1442 
1180 5466 5466 
1181 8051 8051 
1182 2712 2712 
1183 472 472 
1184 7615 7615 
1185 9056 9056 
1186 2954 2954 
1187 124 124 
1188 5121 5121 
1189 9574 9574 
1190 1630 1630 
1191 5906 5906 
1192 9187 9187 
1193 5389 5389 
1194 652 652 
1195 9967 9967 
1196 2814 2814 
1197 6213 6213 
1198 8490 8490 
1199 800 800 
1200 4467 4467 
1201 7679 7679 
1202 9163 9163 
1203 7319 7319 
1204 5150 5150 
1205 8827 8827 
1206 8819 8819 
1207 4740 4740 
1208 1051 1051 
1209 175 175 
1210 9877 9877 
1211 3932 3932 
1212 5795 5795 
1213 6496 6496 
1214 2061 2061 
1215 5560 5560 
1216 3598 3598 
1217 2512 2512 
1218 4985 4985 
1219 9228 9228 
1220 6460 6460 
1221 85 85 
1222 498 498 
1223 1010 1010 
1224 3455 3455 
1225 1346 1346 
1226 9017 9017 
1227 7666 7666 
1228 1904 1904 
1229 4932 4932 
1230 6492 6492 
1231 833 833 
1232 5250 5250 
1233 6347 6347 
1234 9255 9255 
1235 9028 9028 
1236 7316 7316 
1237 1539 1539 
1238 3943 3943 
1239 8895 8895 
1240 2815 2815 
1241 9278 9278 
1242 5307 5307 
1243 6862 6862 
1244 4335 4335 
1245 5775 5775 
1246 3443 3443 
1247 6286 6286 
1248 7839 7839 
1249 6278 6278 
1250 698 698 
1251 8025 8025 
1252 6397 6397 
1253 9267 9267 
1254 1616 1616 
1255 8813 8813 
1256 4012 4012 
1257 5081 5081 
1258 7440 7440 
1259 2392 2392 
1260 4377 4377 
1261 4704 4704 
1262 7121 7121 
1263 5986 5986 
1264 6421 6421 
1265 5926 5926 
1266 9463 9463 
1267 2247 2247 
1268 3840 3840 
1269 3524 3524 
1270 8473 8473 
1271 832 832 
1272 9111 9111 
1273 9801 9801 
1274 6317 6317 
1275 7932 7932 
1276 1988 1988 
1277 4437 4437 
1278 6608 6608 
1279 3680 3680 
1280 5924 5924 
1281 4468 4468 
1282 8834 8834 
1283 7016 7016 
1284 7303 7303 
1285 3237 3237 
1286 6269 6269 
1287 7592 7592 
1288 8944 8944 
1289 3013 3013 
1290 8886 8886 
1291 6308 6308 
1292 8235 8235 
1293 2301 2301 
1294 4365 4365 
1295 2297 2297 
1296 5710 5710 
1297 2069 2069 
1298 9599 9599 
1299 9974 9974 
1300 4376 4376 
1301 7795 7795 
1302 9163 9163 
1303 4362 4362 
1304 775 775 
1305 5764 5764 
1306 8801 8801 
1307 2027 2027 
1308 5798 5798 
1309 6806 6806 
1310 3477 3477 
1311 5824 5824 
1312 866 866 
1313 4928 4928 
1314 5955 5955 
1315 3628 3628 
1316 4366 4366 
1317 6190 6190 
1318 6765 6765 
1319 2952 2952 
1320 1453 1453 
1321 396 396 
1322 8784 8784 
1323 4171 4171 
1324 5772 5772 
1325 8111 8111 
1326 5013 5013 
1327 6072 6072 
1328 2834 2834 
1329 1611 1611 
1330 7251 7251 
1331 3477 3477 
1332 6479 6479 
1333 2644 2644 
1334 7009 7009 
1335 7171 7171 
1336 2034 2034 
1337 9316 9316 
1338 1897 1897 
1339 8799 8799 
1340 2583 2583 
1341 437 437 
1342 2744 2744 
1343 1476 1476 
1344 365 365 
1345 9900 9900 
1346 3314 3314 
1347 2474 2474 
1348 5494 5494 
1349 867 867 
1350 6931 6931 
1351 7071 7071 
1352 9703 9703 
1353 2722 2722 
1354 9616 9616 
1355 9568 9568 
1356 5967 5967 
1357 1257 1257 
1358 7596 7596 
1359 517 517 
1360 6181 6181 
1361 5227 5227 
1362 6231 6231 
1363 9030 9030 
1364 122 122 
1365 2938 2938 
1366 2720 2720 
1367 2782 2782 
1368 5613 5613 
1369 9052 9052 
1370 5483 5483 
1371 378 378 
1372 8269 8269 
1373 8887 8887 
1374 3341 3341 
1375 9678 9678 
1376 7433 7433 
1377 654 654 
1378 4100 4100 
1379 4773 4773 
1380 3315 3315 
1381 2552 2552 
1382 2612 2612 
1383 1362 1362 
1384 4532 4532 
1385 7289 7289 
1386 5004 5004 
1387 4088 4088 
1388 665 665 
1389 1759 1759 
1390 4215 4215 
1391 2914 2914 
1392 3770 3770 
1393 4955 4955 
1394 2671 2671 
1395 960 960 
1396 6155 6155 
1397 1274 1274 
1398 6747 6747 
1399 5646 5646 
1400 5804 5804 
1401 1296 1296 
1402 5353 5353 
1403 8339 8339 
1404 7307 7307 
1405 2432 2432 
1406 6167 6167 
1407 1795 1795 
1408 4442 4442 
1409 5177 5177 
1410 1131 1131 
1411 4305 4305 
1412 9082 9082 
1413 8304 8304 
1414 8451 8451 
1415 5045 5045 
1416 9686 9686 
1417 3366 3366 
1418 2391 2391 
1419 1926 1926 
1420 125 125 
1421 9927 9927 
1422 3034 3034 
1423 9604 9604 
1424 1255 1255 
1425 1103 1103 
1426 6127 6127 
1427 356 356 
1428 7592 7592 
1429 4456 4456 
1430 2871 2871 
1431 5081 5081 
1432 7683 7683 
1433 1828 1828 
1434 9817 9817 
1435 1467 1467 
1436 3334 3334 
1437 579 579 
1438 3067 3067 
1439 359 359 
1440 9587 9587 
1441 5234 5234 
1442 5885 5885 
1443 8755 8755 
1444 558 558 
1445 9728 9728 
1446 1973 1973 
1447 4300 4300 
1448 882 882 
1449 8990 8990 
1450 5220 5220 
1451 7422 7422 
1452 6815 6815 
1453 3731 3731 
1454 8 8 
1455 7871 7871 
1456 5134 5134 
1457 6729 6729 
1458 5627 5627 
1459 1992 1992 
1460 5781 5781 
1461 9831 9831 
1462 7288 7288 
1463 1377 1377 
1464 517 517 
1465 5980 5980 
1466 8445 8445 
1467 216 216 
1468 6272 6272 
1469 6181 6181 
1470 6636 6636 
1471 3982 3982 
1472 5017 5017 
1473 5547 5547 
1474 2556 2556 
1475 6766 6766 
1476 3572 3572 
1477 6508 6508 
1478 4893 4893 
1479 5579 5579 
1480 4556 4556 
1481 4468 4468 
1482 1961 1961 
1483 5333 5333 
1484 467 467 
1485 7880 7880 
1486 8709 8709 
1487 2919 2919 
1488 6532 6532 
1489 3406 3406 
1490 8023 8023 
1491 5840 5840 
1492 6564 6564 
1493 6012 6012 
1494 7601 7601 
1495 891 891 
1496 5559 5559 
1497 7292 7292 
1498 347 347 
1499 4670 4670 
1500 6079 6079 
1501 8505 8505 
1502 927 927 
1503 28 28 
1504 1840 1840 
1505 1530 1530 
1506 3326 3326 
1507 3095 3095 
1508 6606 6606 
1509 5239 5239 
1510 8896 8896 
1511 5846 5846 
1512 968 968 
1513 5228 5228 
1514 5561 5561 
1515 2958 2958 
1516 5022 5022 
1517 7225 7225 
1518 2774 2774 
1519 4464 4464 
1520 3021 3021 
1521 2659 2659 
1522 5751 5751 
1523 1503 1503 
1524 6875 6875 
1525 7099 7099 
1526 8135 8135 
1527 1420 1420 
1528 6269 6269 
1529 7369 7369 
1530 5670 5670 
1531 7296 7296 
1532 4823 4823 
1533 4389 4389 
1534 8520 8520 
1535 6053 6053 
1536 3147 3147 
1537 897 897 
1538 9605 9605 
1539 3121 3121 
1540 7426 7426 
1541 7270 7270 
1542 7825 7825 
1543 2384 2384 
1544 1593 1593 
1545 3258 3258 
1546 8679 8679 
1547 4317 4317 
1548 8595 8595 
1549 5643 5643 
1550 2111 2111 
1551 3005 3005 
1552 5596 5596 
1553 9627 9627 
1554 1487 1487 
1555 1721 1721 
1556 5901 5901 
1557 5879 5879 
1558 3517 3517 
1559 1014 1014 
1560 3739 3739 
1561 3350 3350 
1562 4738 4738 
1563 1106 1106 
1564 4458 4458 
1565 6458 6458 
1566 249 249 
1567 9948 9948 
1568 7696 7696 
1569 3830 3830 
1570 967 967 
1571 864 864 
1572 9780 9780 
1573 5357 5357 
1574 7989 7989 
1575 6831 6831 
1576 740 740 
1577 9650 9650 
1578 2185 2185 
1579 4295 4295 
1580 9926 9926 
1581 2770 2770 
1582 9843 9843 
1583 180 180 
1584 8038 8038 
1585 9706 9706 
1586 4099 4099 
1587 7842 7842 
1588 8319 8319 
1589 2293 2293 
1590 4807 4807 
1591 9102 9102 
1592 8197 8197 
1593 5638 5638 
1594 2178 2178 
1595 6248 6248 
1596 6590 6590 
1597 6735 6735 
1598 7657 7657 
1599 615 615 
1600 5121 5121 
1601 7964 7964 
1602 3575 3575 
1603 4601 4601 
1604 8614 8614 
1605 8511 8511 
1606 8400 8400 
1607 5253 5253 
1608 7933 7933 
1609 2089 2089 
1610 1314 1314 
1611 4704 4704 
1612 4203 4203 
1613 1617 1617 
1614 1127 1127 
1615 680 680 
1616 7087 7087 
1617 1876 1876 
1618 4071 4071 
1619 8960 8960 
1620 7763 7763 
1621 7225 7225 
1622 3899 3899 
1623 1736 1736 
1624 4894 4894 
1625 6895 6895 
1626 5980 5980 
1627 2823 2823 
1628 9686 9686 
1629 3654 3654 
1630 2682 2682 
1631 984 984 
1632 867 867 
1633 3687 3687 
1634 9944 9944 
1635 2336 2336 
1636 6318 6318 
1637 3905 3905 
1638 6549 6549 
1639 4088 4088 
1640 5336 5336 
1641 9921 9921 
1642 8614 8614 
1643 1386 1386 
1644 5367 5367 
1645 1469 1469 
1646 2830 2830 
1647 8252 8252 
1648 1355 1355 
1649 6893 6893 
1650 7647 7647 
1651 6660 6660 
1652 479 479 
1653 742 742 
1654 8698 8698 
1655 1975 1975 
1656 9595 9595 
1657 5877 5877 
1658 723 723 
1659 4019 4019 
1660 4759 4759 
1661 820 820 
1662 1840 1840 
1663 6165 6165 
1664 9129 9129 
1665 2508 2508 
1666 9152 9152 
1667 2983 2983 
1668 1935 1935 
1669 2247 2247 
1670 344 344 
1671 4010 4010 
1672 7832 7832 
1673 6752 6752 
1674 8200 8200 
1675 2300 2300 
1676 9549 9549 
1677 2474 2474 
1678 5901 5901 
1679 437 437 
1680 9038 9038 
1681 9465 9465 
1682 4912 4912 
1683 740 740 
1684 6374 6374 
1685 6481 6481 
1686 7531 7531 
1687 9937 9937 
1688 336 336 
1689 1594 1594 
1690 9259 9259 
1691 3711 3711 
1692 5667 5667 
1693 1068 1068 
1694 480 480 
1695 288 288 
1696 9977 9977 
1697 4781 4781 
1698 1074 1074 
1699 4836 4836 
1700 8702 8702 
1701 6692 6692 
1702 5710 5710 
1703 1552 1552 
1704 7203 7203 
1705 1561 1561 
1706 5038 5038 
1707 151 151 
1708 5121 5121 
1709 4571 4571 
1710 5895 5895 
1711 9400 9400 
1712 6379 6379 
1713 9757 9757 
1714 5644 5644 
1715 6755 6755 
1716 4029 4029 
1717 7774 7774 
1718 543 543 
1719 4201 4201 
1720 1489 1489 
1721 8675 8675 
1722 4104 4104 
1723 607 607 
1724 592 592 
1725 5780 5780 
1726 446 446 
1727 7534 7534 
1728 1781 1781 
1729 5104 5104 
1730 5666 5666 
1731 4075 4075 
1732 1853 1853 
1733 8877 8877 
1734 1163 1163 
1735 414 414 
1736 6251 6251 
1737 3824 3824 
1738 5531 5531 
1739 3441 3441 
1740 4696 4696 
1741 7301 7301 
1742 8897 8897 
1743 6775 6775 
1744 1287 1287 
1745 2524 2524 
1746 5592 5592 
1747 8310 8310 
1748 5815 5815 
1749 8160 8160 
1750 9517 9517 
1751 7474 7474 
1752 4097 4097 
1753 3989 3989 
1754 1742 1742 
1755 6040 6040 
1756 3793 3793 
1757 3277 3277 
1758 1597 1597 
1759 916 916 
1760 8770 8770 
1761 1527 1527 
1762 3443 3443 
1763 9871 9871 
1764 2050 2050 
1765 4838 4838 
1766 8050 8050 
1767 9576 9576 
1768 3381 3381 
1769 1625 1625 
1770 307 307 
1771 1117 1117 
1772 3733 3733 
1773 9356 9356 
1774 2078 2078 
1775 4615 4615 
1776 3926 3926 
1777 8410 8410 
1778 392 392 
1779 1184 1184 
1780 488 488 
1781 812 812 
1782 6567 6567 
1783 914 914 
1784 5814 5814 
1785 6227 6227 
1786 8529 8529 
1787 7357 7357 
1788 8283 8283 
1789 8702 8702 
1790 9442 9442 
1791 9012 9012 
1792 2004 2004 
1793 7032 7032 
1794 1131 1131 
1795 8468 8468 
1796 7184 7184 
1797 2514 2514 
1798 6952 6952 
1799 9346 9346 
1800 2532 2532 
1801 3640 3640 
1802 8442 8442 
1803 2800 2800 
1804 8396 8396 
1805 5363 5363 
1806 2227 2227 
1807 1420 1420 
1808 2588 2588 
1809 6395 6395 
1810 6385 6385 
1811 310 310 
1812 6964 6964 
1813 7878 7878 
1814 9233 9233 
1815 1755 1755 
1816 1570 1570 
1817 1345 1345 
1818 3157 3157 
1819 3202 3202 
1820 7025 7025 
1821 2153 2153 
1822 7440 7440 
1823 339 339 
1824 6415 6415 
1825 2119 2119 
1826 6621 6621 
1827 8447 8447 
1828 6156 6156 
1829 1030 1030 
1830 9616 9616 
1831 6912 6912 
1832 6398 6398 
1833 4370 4370 
1834 228 228 
1835 6397 6397 
1836 3666 3666 
1837 2415 2415 
1838 8916 8916 
1839 6842 6842 
1840 2892 2892 
1841 2051 2051 
1842 837 837 
1843 8586 8586 
1844 6384 6384 
1845 4145 4145 
1846 7424 7424 
1847 8786 8786 
1848 1274 1274 
1849 9203 9203 
1850 590 590 
1851 7916 7916 
1852 4359 4359 
1853 1011 1011 
1854 9195 9195 
1855 9316 9316 
1856 3974 3974 
1857 2358 2358 
1858 7213 7213 
1859 3203 3203 
1860 1161 1161 
1861 6149 6149 
1862 4478 4478 
1863 7125 7125 
1864 5813 5813 
1865 8522 8522 
1866 309 309 
1867 5753 5753 
1868 6105 6105 
1869 1123 1123 
1870 7652 7652 
1871 2421 2421 
1872 3084 3084 
1873 8838 8838 
1874 826 826 
1875 3139 3139 
1876 8063 8063 
1877 2514 2514 
1878 8375 8375 
1879 59 59 
1880 8113 8113 
1881 7693 7693 
1882 4576 4576 
1883 5246 5246 
1884 161 161 
1885 5935 5935 
1886 8841 8841 
1887 2701 2701 
1888 3054 3054 
1889 7066 7066 
1890 9183 9183 
1891 5428 5428 
1892 9115 9115 
1893 1973 1973 
1894 6648 6648 
1895 4551 4551 
1896 3374 3374 
1897 4995 4995 
1898 5025 5025 
1899 8391 8391 
1900 5127 5127 
1901 6421 6421 
1902 2007 2007 
1903 4640 4640 
1904 9134 9134 
1905 617 617 
1906 4354 4354 
1907 9762 9762 
1908 213 213 
1909 8252 8252 
1910 8059 8059 
1911 8571 8571 
1912 6589 6589 
1913 7379 7379 
1914 4207 4207 
1915 1053 1053 
1916 9892 9892 
1917 4818 4818 
1918 2251 2251 
1919 3841 3841 
1920 8251 8251 
1921 5640 5640 
1922 5911 5911 
1923 1639 1639 
1924 4294 4294 
1925 8807 8807 
1926 9711 9711 
1927 2633 2633 
1928 3229 3229 
1929 4739 4739 
1930 9180 9180 
1931 9771 9771 
1932 2560 2560 
1933 1943 1943 
1934 7618 7618 
1935 8609 8609 
1936 7703 7703 
1937 846 846 
1938 2834 2834 
1939 8462 8462 
1940 3478 3478 
1941 8708 8708 
1942 3440 3440 
1943 6531 6531 
1944 2224 2224 
1945 3498 3498 
1946 9999 9999 
1947 6268 6268 
1948 1971 1971 
1949 4752 4752 
1950 8344 8344 
1951 2931 2931 
1952 2881 2881 
1953 5954 5954 
1954 8281 8281 
1955 7632 7632 
1956 6591 6591 
1957 8226 8226 
1958 4842 4842 
1959 6830 6830 
1960 5093 5093 
1961 5246 5246 
1962 8650 8650 
1963 4810 4810 
1964 582 582 
1965 3341 3341 
1966 8809 8809 
1967 4874 4874 
1968 1610 1610 
1969 8411 8411 
1970 3919 3919 
1971 2584 2584 
1972 9367 9367 
1973 990 990 
1974 4697 4697 
1975 8426 8426 
1976 879 879 
1977 1173 1173 
1978 1316 1316 
1979 7088 7088 
1980 8082 8082 
1981 3020 3020 
1982 4721 4721 
1983 1449 1449 
1984 6531 6531 
1985 4078 4078 
1986 4585 4585 
1987 9649 9649 
1988 857 857 
1989 8888 8888 
1990 8890 8890 
1991 9339 9339 
1992 4444 4444 
1993 2694 2694 
1994 7136 7136 
1995 9559 9559 
1996 1743 1743 
1997 460 460 
1998 3439 3439 
1999 4161 4161 
2000 4109 4109 
2001 2019 2019 
2002 7579 7579 
2003 2694 2694 
2004 7851 7851 
2005 4030 4030 
2006 9243 9243 
2007 3731 3731 
2008 7853 7853 
2009 7176 7176 
2010 9666 9666 
2011 3532 3532 
2012 3765 3765 
2013 7867 7867 
2014 8941 8941 
2015 1637 1637 
2016 8807 8807 
2017 7807 7807 
2018 9051 9051 
2019 2705 2705 
2020 104 104 
2021 9422 9422 
2022 1542 1542 
2023 2500 2500 
2024 5988 5988 
2025 1680 1680 
2026 640 640 
2027 1095 1095 
2028 9102 9102 
2029 5864 5864 
2030 1320 1320 
2031 8072 8072 
2032 6610 6610 
2033 3930 3930 
2034 3484 3484 
2035 4987 4987 
2036 4327 4327 
2037 2391 2391 
2038 2057 2057 
2039 6402 6402 
2040 3200 3200 
2041 3959 3959 
2042 3341 3341 
2043 2532 2532 
2044 2753 2753 
2045 1937 1937 
2046 3182 3182 
2047 3005 3005 
2048 959 959 
2049 2458 2458 
2050 7171 7171 
2051 7313 7313 
2052 4384 4384 
2053 2199 2199 
2054 6176 6176 
2055 6366 6366 
2056 6146 6146 
2057 6113 6113 
2058 9487 9487 
2059 3917 3917 
2060 9399 9399 
2061 9525 9525 
2062 2617 2617 
2063 1236 1236 
2064 4270 4270 
2065 8612 8612 
2066 4197 4197 
2067 1740 1740 
2068 3981 3981 
2069 9870 9870 
2070 5111 5111 
2071 8746 8746 
2072 1162 1162 
2073 6582 6582 
2074 7930 7930 
2075 3037 3037 
2076 3353 3353 
2077 6434 6434 
2078 4536 4536 
2079 3747 3747 
2080 1824 1824 
2081 7777 7777 
2082 7765 7765 
2083 4455 4455 
2084 1638 1638 
2085 8633 8633 
2086 8716 8716 
2087 8603 8603 
2088 8682 8682 
2089 4988 4988 
2090 5489 5489 
2091 7262 7262 
2092 4463 4463 
2093 7846 7846 
2094 7110 7110 
2095 2122 2122 
2096 8549 8549 
2097 726 726 
2098 3449 3449 
2099 764 764 
2100 2819 2819 
2101 2134 2134 
2102 9466 9466 
2103 6529 6529 
2104 8528 8528 
2105 25 25 
2106 1819 1819 
2107 1994 1994 
2108 8706 8706 
2109 4177 4177 
2110 592 592 
2111 9180 9180 
2112 5293 5293 
2113 6169 6169 
2114 85 85 
2115 6934 6934 
2116 4221 4221 
2117 2661 2661 
2118 8431 8431 
2119 8688 8688 
2120 287 287 
2121 2165 2165 
2122 2187 2187 
2123 7164 7164 
2124 233 233 
2125 5456 5456 
2126 738 738 
2127 9068 9068 
2128 7882 7882 
2129 8034 8034 
2130 9294 9294 
2131 3248 3248 
2132 5148 5148 
2133 9972 9972 
2134 6454 6454 
2135 3865 3865 
2136 6422 6422 
2137 7765 7765 
2138 6629 6629 
2139 5055 5055 
2140 6254 6254 
2141 1746 1746 
2142 3209 3209 
2143 6172 6172 
2144 9388 9388 
2145 9335 9335 
2146 4008 4008 
2147 5443 5443 
2148 8345 8345 
2149 3058 3058 
2150 5900 5900 
2151 3360 3360 
2152 5798 5798 
2153 1840 1840 
2154 8223 8223 
2155 1198 1198 
2156 2265 2265 
2157 2966 2966 
2158 2066 2066 
2159 5807 5807 
2160 2371 2371 
2161 942 942 
2162 2327 2327 
2163 4379 4379 
2164 4077 4077 
2165 764 764 
2166 6126 6126 
2167 5832 5832 
2168 2640 2640 
2169 6012 6012 
2170 3580 3580 
2171 49 49 
2172 2035 2035 
2173 395 395 
2174 5016 5016 
2175 9863 9863 
2176 4159 4159 
2177 5278 5278 
2178 6208 6208 
2179 8321 8321 
2180 9199 9199 
2181 9330 9330 
2182 8216 8216 
2183 8257 8257 
2184 4051 4051 
2185 4369 4369 
2186 6626 6626 
2187 661 661 
2188 5076 5076 
2189 6685 6685 
2190 9673 9673 
2191 311 311 
2192 9410 9410 
2193 6013 6013 
2194 4199 4199 
2195 9521 9521 
2196 8472 8472 
2197 5154 5154 
2198 8311 8311 
2199 5328 5328 
2200 7425 7425 
2201 164 164 
2202 8437 8437 
2203 5988 5988 
2204 8772 8772 
2205 638 638 
2206 9505 9505 
2207 977 977 
2208 5659 5659 
2209 8322 8322 
2210 2946 2946 
2211 9541 9541 
2212 5330 5330 
2213 1978 1978 
2214 1479 1479 
2215 9990 9990 
2216 6330 6330 
2217 2380 2380 
2218 8169 8169 
2219 983 983 
2220 7149 7149 
2221 4297 4297 
2222 412 412 
2223 1495 1495 
2224 6988 6988 
2225 7059 7059 
2226 9444 9444 
2227 2231 2231 
2228 1171 1171 
2229 9929 9929 
2230 6468 6468 
2231 8598 8598 
2232 9918 9918 
2233 8800 8800 
2234 9554 9554 
2235 4027 4027 
2236 5958 5958 
2237 7503 7503 
2238 1959 1959 
2239 4605 4605 
2240 3332 3332 
2241 3959 3959 
2242 5314 5314 
2243 6866 6866 
2244 1414 1414 
2245 9869 9869 
2246 2284 2284 
2247 8738 8738 
2248 8031 8031 
2249 7238 7238 
2250 9686 9686 
2251 9576 9576 
2252 7080 7080 
2253 6958 6958 
2254 7646 7646 
2255 5477 5477 
2256 8740 8740 
2257 8324 8324 
2258 1233 1233 
2259 3360 3360 
2260 9058 9058 
2261 8118 8118 
2262 8746 8746 
2263 414 414 
2264 619 619 
2265 5300 5300 
2266 6521 6521 
2267 9370 9370 
2268 5628 5628 
2269 147 147 
2270 9518 9518 
2271 5809 5809 
2272 765 765 
2273 481 481 
2274 1093 1093 
2275 6348 6348 
2276 8527 8527 
2277 7504 7504 
2278 3804 3804 
2279 3307 3307 
2280 9269 9269 
2281 8498 8498 
2282 1886 1886 
2283 6363 6363 
2284 7145 7145 
2285 1135 1135 
2286 2116 2116 
2287 9684 9684 
2288 7744 7744 
2289 5365 5365 
2290 1266 1266 
2291 8353 8353 
2292 9799 9799 
2293 1644 1644 
2294 1709 1709 
2295 6156 6156 
2296 8300 8300 
2297 3364 3364 
2298 7180 7180 
2299 533 533 
2300 8362 8362 
2301 8734 8734 
2302 2076 2076 
2303 7631 7631 
2304 3516 3516 
2305 6261 6261 
2306 3533 3533 
2307 648 648 
2308 7266 7266 
2309 6695 6695 
2310 1802 1802 
2311 3859 3859 
2312 7073 7073 
2313 67 67 
2314 358 358 
2315 4468 4468 
2316 8005 8005 
2317 9441 9441 
2318 6561 6561 
2319 2055 2055 
2320 3698 3698 
2321 2488 2488 
2322 9131 9131 
2323 4685 4685 
2324 6936 6936 
2325 6480 6480 
2326 5039 5039 
2327 8964 8964 
2328 101 101 
2329 6501 6501 
2330 1600 1600 
2331 7793 7793 
2332 3908 3908 
2333 3796 3796 
2334 1362 1362 
2335 9709 9709 
2336 7459 7459 
2337 5573 5573 
2338 7695 7695 
2339 8281 8281 
2340 6610 6610 
2341 8005 8005 
2342 6058 6058 
2343 768 768 
2344 855 855 
2345 3951 3951 
2346 2416 2416 
2347 9240 9240 
2348 5423 5423 
2349 7687 7687 
2350 6490 6490 
2351 9859 9859 
2352 5327 5327 
2353 8707 8707 
2354 3087 3087 
2355 1144 1144 
2356 8792 8792 
2357 486 486 
2358 2439 2439 
2359 2026 2026 
2360 7017 7017 
2361 7898 7898 
2362 3738 3738 
2363 882 882 
2364 5806 5806 
2365 2728 2728 
2366 3574 3574 
2367 4573 4573 
2368 6103 6103 
2369 199 199 
2370 7360 7360 
2371 2100 2100 
2372 2931 2931 
2373 4032 4032 
2374 9970 9970 
2375 6676 6676 
2376 6763 6763 
2377 3402 3402 
2378 9858 9858 
2379 7178 7178 
2380 3531 3531 
2381 5398 5398 
2382 9299 9299 
2383 2653 2653 
2384 8875 8875 
2385 2265 2265 
2386 7492 7492 
2387 3607 3607 
2388 3980 3980 
2389 2929 2929 
2390 1735 1735 
2391 401 401 
2392 7165 7165 
2393 8598 8598 
2394 9789 9789 
2395 4794 4794 
2396 4285 4285 
2397 783 783 
2398 8428 8428 
2399 4548 4548 
2400 7611 7611 
2401 382 382 
2402 8674 8674 
2403 4108 4108 
2404 154 154 
2405 4201 4201 
2406 2851 2851 
2407 7252 7252 
2408 6384 6384 
2409 6 6 
2410 2142 2142 
2411 6974 6974 
2412 1054 1054 
2413 786 786 
2414 3183 3183 
2415 4983 4983 
2416 5465 5465 
2417 3550 3550 
2418 4477 4477 
2419 893 893 
2420 7078 7078 
2421 7382 7382 
2422 1187 1187 
2423 2575 2575 
2424 7957 7957 
2425 783 783 
2426 9772 9772 
2427 3088 3088 
2428 8436 8436 
2429 829 829 
2430 8103 8103 
2431 1063 1063 
2432 6069 6069 
2433 750 750 
2434 475 475 
2435 3286 3286 
2436 6410 6410 
2437 3175 3175 
2438 6771 6771 
2439 5284 5284 
2440 6908 6908 
2441 9240 9240 
2442 4538 4538 
2443 4105 4105 
2444 6778 6778 
2445 9182 9182 
2446 6162 6162 
2447 6758 6758 
2448 9967 9967 
2449 1174 1174 
2450 4030 4030 
2451 8879 8879 
2452 6316 6316 
2453 73 73 
2454 4064 4064 
2455 3430 3430 
2456 9829 9829 
2457 3000 3000 
2458 5933 5933 
2459 9413 9413 
2460 8680 8680 
2461 8677 8677 
2462 5324 5324 
2463 776 776 
2464 7991 7991 
2465 9115 9115 
2466 8893 8893 
2467 4212 4212 
2468 4551 4551 
2469 9948 9948 
2470 550 550 
2471 8872 8872 
2472 225 225 
2473 6437 6437 
2474 2105 2105 
2475 8351 8351 
2476 7989 7989 
2477 399 399 
2478 433 433 
2479 6062 6062 
2480 6015 6015 
2481 901 901 
2482 7387 7387 
2483 7392 7392 
2484 3314 3314 
2485 3501 3501 
2486 1298 1298 
2487 2236 2236 
2488 3344 3344 
2489 8485 8485 
2490 2354 2354 
2491 2767 2767 
2492 9324 9324 
2493 1644 1644 
2494 1326 1326 
2495 476 476 
2496 374 374 
2497 4826 4826 
2498 6750 6750 
2499 8573 8573 
2500 229 229 
2501 5020 5020 
2502 4768 4768 
2503 2964 2964 
2504 6196 6196 
2505 4736 4736 
2506 5118 5118 
2507 4050 4050 
2508 9091 9091 
2509 2377 2377 
2510 7648 7648 
2511 7059 7059 
2512 4430 4430 
2513 4224 4224 
2514 9896 9896 
2515 1844 1844 
2516 1178 1178 
2517 8903 8903 
2518 3228 3228 
2519 9475 9475 
2520 4203 4203 
2521 3803 3803 
2522 1521 1521 
2523 6386 6386 
2524 2356 2356 
2525 7142 7142 
2526 9314 9314 
2527 7031 7031 
2528 1286 1286 
2529 9181 9181 
2530 3456 3456 
2531 1362 1362 
2532 2761 2761 
2533 157 157 
2534 5699 5699 
2535 8635 8635 
2536 2152 2152 
2537 8045 8045 
2538 8447 8447 
2539 1400 1400 
2540 1302 1302 
2541 9168 9168 
2542 8706 8706 
2543 217 217 
2544 367 367 
2545 2489 2489 
2546 1529 1529 
2547 7520 7520 
2548 7370 7370 
2549 3291 3291 
2550 1315 1315 
2551 7744 7744 
2552 9866 9866 
2553 4220 4220 
2554 2093 2093 
2555 8721 8721 
2556 9444 9444 
2557 6518 6518 
2558 6988 6988 
2559 6108 6108 
2560 1867 1867 
2561 7978 7978 
2562 7129 7129 
2563 5257 5257 
2564 5318 5318 
2565 8913 8913 
2566 2966 2966 
2567 7475 7475 
2568 8451 8451 
2569 9632 9632 
2570 1423 1423 
2571 5077 5077 
2572 1732 1732 
2573 4263 4263 
2574 3532 3532 
2575 7620 7620 
2576 7640 7640 
2577 4198 4198 
2578 3346 3346 
2579 8600 8600 
2580 3029 3029 
2581 4396 4396 
2582 8938 8938 
2583 6903 6903 
2584 9489 9489 
2585 1982 1982 
2586 3497 3497 
2587 1584 1584 
2588 9760 9760 
2589 1505 1505 
2590 4430 4430 
2591 5953 5953 
2592 6408 6408 
2593 4356 4356 
2594 8971 8971 
2595 6038 6038 
2596 1808 1808 
2597 8812 8812 
2598 5291 5291 
2599 7487 7487 
2600 9191 9191 
2601 8429 8429 
2602 7201 7201 
2603 252 252 
2604 1633 1633 
2605 146 146 
2606 8065 8065 
2607 9783 9783 
2608 3531 3531 
2609 8922 8922 
2610 4312 4312 
2611 8206 8206 
2612 1792 1792 
2613 8303 8303 
2614 277 277 
2615 8828 8828 
2616 9124 9124 
2617 3204 3204 
2618 3755 3755 
2619 4835 4835 
2620 7901 7901 
2621 3210 3210 
2622 9311 9311 
2623 4393 4393 
2624 322 322 
2625 2015 2015 
2626 4460 4460 
2627 8060 8060 
2628 2828 2828 
2629 7940 7940 
2630 9846 9846 
2631 322 322 
2632 5465 5465 
2633 7321 7321 
2634 3435 3435 
2635 9585 9585 
2636 3087 3087 
2637 5895 5895 
2638 3941 3941 
2639 8376 8376 
2640 781 781 
2641 4265 4265 
2642 8653 8653 
2643 3880 3880 
2644 1293 1293 
2645 1336 1336 
2646 170 170 
2647 2643 2643 
2648 230 230 
2649 4146 4146 
2650 9398 9398 
2651 1199 1199 
2652 4798 4798 
2653 4662 4662 
2654 1089 1089 
2655 3735 3735 
2656 3229 3229 
2657 4143 4143 
2658 7615 7615 
2659 8079 8079 
2660 189 189 
2661 5067 5067 
2662 2540 2540 
2663 7329 7329 
2664 6477 6477 
2665 3734 3734 
2666 6208 6208 
2667 5721 5721 
2668 5012 5012 
2669 56 56 
2670 7278 7278 
2671 1385 1385 
2672 4658 4658 
2673 2279 2279 
2674 5334 5334 
2675 2314 2314 
2676 1458 1458 
2677 3818 3818 
2678 5690 5690 
2679 624 624 
2680 4396 4396 
2681 4092 4092 
2682 4158 4158 
2683 8312 8312 
2684 2376 2376 
2685 5897 5897 
2686 8888 8888 
2687 1601 1601 
2688 6413 6413 
2689 8120 8120 
2690 311 311 
2691 1700 1700 
2692 6999 6999 
2693 2309 2309 
2694 1 1 
2695 5169 5169 
2696 4134 4134 
2697 2218 2218 
2698 564 564 
2699 1239 1239 
2700 9347 9347 
2701 1577 1577 
2702 1085 1085 
2703 4192 4192 
2704 3422 3422 
2705 6089 6089 
2706 2535 2535 
2707 5047 5047 
2708 66 66 
2709 8090 8090 
2710 9532 9532 
2711 3639 3639 
2712 3130 3130 
2713 7734 7734 
2714 695 695 
2715 2785 2785 
2716 5789 5789 
2717 8007 8007 
2718 2025 2025 
2719 5049 5049 
2720 4581 4581 
2721 1471 1471 
2722 2922 2922 
2723 6542 6542 
2724 7950 7950 
2725 7671 7671 
2726 4392 4392 
2727 9300 9300 
2728 7273 7273 
2729 2840 2840 
2730 7131 7131 
2731 1280 1280 
2732 80 80 
2733 4256 4256 
2734 5721 5721 
2735 383 383 
2736 5892 5892 
2737 1505 1505 
2738 7204 7204 
2739 1539 1539 
2740 3218 3218 
2741 7324 7324 
2742 641 641 
2743 3483 3483 
2744 3860 3860 
2745 3221 3221 
2746 4613 4613 
2747 7038 7038 
2748 8467 8467 
2749 675 675 
2750 9608 9608 
2751 5236 5236 
2752 4571 4571 
2753 6294 6294 
2754 3515 3515 
2755 2497 2497 
2756 5287 5287 
2757 3765 3765 
2758 1685 1685 
2759 4335 4335 
2760 4763 4763 
2761 6292 6292 
2762 7225 7225 
2763 8215 8215 
2764 4480 4480 
2765 5583 5583 
2766 5796 5796 
2767 1179 1179 
2768 2281 2281 
2769 7909 7909 
2770 7602 7602 
2771 4147 4147 
2772 9557 9557 
2773 3315 3315 
2774 3952 3952 
2775 2178 2178 
2776 7486 7486 
2777 9707 9707 
2778 4348 4348 
2779 724 724 
2780 6622 6622 
2781 2322 2322 
2782 7384 7384 
2783 4422 4422 
2784 9297 9297 
2785 3059 3059 
2786 6622 6622 
2787 6818 6818 
2788 4981 4981 
2789 8307 8307 
2790 5469 5469 
2791 374 374 
2792 9309 9309 
2793 4690 4690 
2794 4738 4738 
2795 6288 6288 
2796 3382 3382 
2797 874 874 
2798 7010 7010 
2799 8 8 
2800 5777 5777 
2801 472 472 
2802 9155 9155 
2803 3178 3178 
2804 4671 4671 
2805 484 484 
2806 890 890 
2807 9918 9918 
2808 123 123 
2809 5166 5166 
2810 9695 9695 
2811 9638 9638 
2812 6432 6432 
2813 6439 6439 
2814 14 14 
2815 7155 7155 
2816 3243 3243 
2817 5705 5705 
2818 7862 7862 
2819 1012 1012 
2820 2108 2108 
2821 9844 9844 
2822 4340 4340 
2823 9037 9037 
2824 22 22 
2825 8262 8262 
2826 8522 8522 
2827 3712 3712 
2828 4630 4630 
2829 9094 9094 
2830 2024 2024 
2831 1226 1226 
2832 8336 8336 
2833 9886 9886 
2834 9660 9660 
2835 1964 1964 
2836 3028 3028 
2837 8850 8850 
2838 5462 5462 
2839 4580 4580 
2840 7472 7472 
2841 3569 3569 
2842 4324 4324 
2843 5448 5448 
2844 6239 6239 
2845 4183 4183 
2846 7885 7885 
2847 8399 8399 
2848 6847 6847 
2849 5164 5164 
2850 6249 6249 
2851 9612 9612 
2852 208 208 
2853 1485 1485 
2854 1053 1053 
2855 9944 9944 
2856 6617 6617 
2857 7605 7605 
2858 613 613 
2859 2026 2026 
2860 6516 6516 
2861 8551 8551 
2862 2729 2729 
2863 6693 6693 
2864 3577 3577 
2865 7899 7899 
2866 6034 6034 
2867 6734 6734 
2868 7385 7385 
2869 4035 4035 
2870 6518 6518 
2871 1641 1641 
2872 9729 9729 
2873 9752 9752 
2874 5166 5166 
2875 5615 5615 
2876 3294 3294 
2877 9510 9510 
2878 4761 4761 
2879 7598 7598 
2880 4175 4175 
2881 3249 3249 
2882 1530 1530 
2883 6413 6413 
2884 5254 5254 
2885 9170 9170 
2886 2557 2557 
2887 5946 5946 
2888 5081 5081 
2889 8306 8306 
2890 6711 6711 
2891 8323 8323 
2892 3429 3429 
2893 6993 6993 
2894 3322 3322 
2895 2845 2845 
2896 9298 9298 
2897 8595 8595 
2898 4871 4871 
2899 3668 3668 
2900 4657 4657 
2901 7305 7305 
2902 4654 4654 
2903 4703 4703 
2904 1697 1697 
2905 4471 4471 
2906 3090 3090 
2907 7087 7087 
2908 7153 7153 
2909 3271 3271 
2910 6328 6328 
2911 6036 6036 
2912 3153 3153 
2913 4954 4954 
2914 7325 7325 
2915 700 700 
2916 5361 5361 
2917 2406 2406 
2918 4615 4615 
2919 825 825 
2920 4987 4987 
2921 4784 4784 
2922 9796 9796 
2923 2158 2158 
2924 7852 7852 
2925 6039 6039 
2926 6127 6127 
2927 1030 1030 
2928 6269 6269 
2929 8187 8187 
2930 2801 2801 
2931 1568 1568 
2932 2096 2096 
2933 6168 6168 
2934 7187 7187 
2935 6571 6571 
2936 1814 1814 
2937 787 787 
2938 8562 8562 
2939 2634 2634 
2940 8701 8701 
2941 2687 2687 
2942 5099 5099 
2943 2020 2020 
2944 1783 1783 
2945 5724 5724 
2946 246 246 
2947 6348 6348 
2948 9702 9702 
2949 3070 3070 
2950 4480 4480 
2951 71 71 
2952 7443 7443 
2953 2725 2725 
2954 5056 5056 
2955 3311 3311 
2956 9165 9165 
2957 3790 3790 
2958 3755 3755 
2959 7523 7523 
2960 2063 2063 
2961 6901 6901 
2962 3346 3346 
2963 88 88 
2964 5466 5466 
2965 1365 1365 
2966 457 457 
2967 8097 8097 
2968 8130 8130 
2969 2526 2526 
2970 3187 3187 
2971 7446 7446 
2972 7573 7573 
2973 9650 9650 
2974 1641 1641 
2975 1124 1124 
2976 7045 7045 
2977 7132 7132 
2978 6569 6569 
2979 7265 7265 
2980 1399 1399 
2981 1389 1389 
2982 8155 8155 
2983 490 490 
2984 2804 2804 
2985 1797 1797 
2986 5375 5375 
2987 8827 8827 
2988 1501 1501 
2989 9882 9882 
2990 4834 4834 
2991 2218 2218 
2992 2923 2923 
2993 4919 4919 
2994 2640 2640 
2995 736 736 
2996 6452 6452 
2997 5476 5476 
2998 5619 5619 
2999 9461 9461 
3000 4026 4026 
3001 302 302 
3002 2585 2585 
3003 3895 3895 
3004 7917 7917 
3005 5348 5348 
3006 1203 1203 
3007 6950 6950 
3008 9665 9665 
3009 9277 9277 
3010 6778 6778 
3011 9488 9488 
3012 3146 3146 
3013 808 808 
3014 3949 3949 
3015 9492 9492 
3016 2547 2547 
3017 3186 3186 
3018 9765 9765 
3019 9269 9269 
3020 6511 6511 
3021 4126 4126 
3022 1609 1609 
3023 6045 6045 
3024 2551 2551 
3025 2980 2980 
3026 1773 1773 
3027 7083 7083 
3028 1249 1249 
3029 1321 1321 
3030 2709 2709 
3031 6395 6395 
3032 7362 7362 
3033 7030 7030 
3034 7848 7848 
3035 5488 5488 
3036 4442 4442 
3037 1960 1960 
3038 1264 1264 
3039 736 736 
3040 6957 6957 
3041 9843 9843 
3042 4013 4013 
3043 9484 9484 
3044 1394 1394 
3045 2739 2739 
3046 3321 3321 
3047 6602 6602 
3048 6565 6565 
3049 7553 7553 
3050 6950 6950 
3051 4002 4002 
3052 2615 2615 
3053 3135 3135 
3054 8276 8276 
3055 2609 2609 
3056 2581 2581 
3057 7168 7168 
3058 3279 3279 
3059 7757 7757 
3060 4742 4742 
3061 3991 3991 
3062 7380 7380 
3063 5318 5318 
3064 1117 1117 
3065 5466 5466 
3066 6580 6580 
3067 9125 9125 
3068 8559 8559 
3069 9730 9730 
3070 8130 8130 
3071 6756 6756 
3072 7214 7214 
3073 4338 4338 
3074 9446 9446 
3075 4521 4521 
3076 2452 2452 
3077 5730 5730 
3078 4372 4372 
3079 9249 9249 
3080 2731 2731 
3081 2263 2263 
3082 4726 4726 
3083 2165 2165 
3084 2681 2681 
3085 3232 3232 
3086 6726 6726 
3087 9371 9371 
3088 9034 9034 
3089 8368 8368 
3090 9784 9784 
3091 1339 1339 
3092 4917 4917 
3093 7139 7139 
3094 9300 9300 
3095 1532 1532 
3096 8416 8416 
3097 5246 5246 
3098 7921 7921 
3099 5595 5595 
3100 224 224 
3101 3816 3816 
3102 8909 8909 
3103 1159 1159 
3104 152 152 
3105 415 415 
3106 6153 6153 
3107 2204 2204 
3108 2434 2434 
3109 7224 7224 
3110 6273 6273 
3111 891 891 
3112 1772 1772 
3113 2679 2679 
3114 698 698 
3115 8210 8210 
3116 9130 9130 
3117 3111 3111 
3118 7620 7620 
3119 4925 4925 
3120 3162 3162 
3121 9414 9414 
3122 2334 2334 
3123 9576 9576 
3124 4756 4756 
3125 1952 1952 
3126 3480 3480 
3127 7263 7263 
3128 5391 5391 
3129 9239 9239 
3130 804 804 
3131 133 133 
3132 3649 3649 
3133 6508 6508 
3134 9030 9030 
3135 7677 7677 
3136 7135 7135 
3137 2300 2300 
3138 8027 8027 
3139 873 873 
3140 9250 9250 
3141 554 554 
3142 2693 2693 
3143 9661 9661 
3144 9115 9115 
3145 2741 2741 
3146 5268 5268 
3147 4766 4766 
3148 2877 2877 
3149 8309 8309 
3150 1441 1441 
3151 9484 9484 
3152 6504 6504 
3153 9752 9752 
3154 3460 3460 
3155 4265 4265 
3156 2470 2470 
3157 6867 6867 
3158 7733 7733 
3159 6421 6421 
3160 190 190 
3161 2103 2103 
3162 6191 6191 
3163 3112 3112 
3164 2231 2231 
3165 3826 3826 
3166 3232 3232 
3167 2858 2858 
3168 9350 9350 
3169 8495 8495 
3170 6366 6366 
3171 1187 1187 
3172 8440 8440 
3173 1003 1003 
3174 8868 8868 
3175 2986 2986 
3176 6507 6507 
3177 3253 3253 
3178 4121 4121 
3179 7484 7484 
3180 8886 8886 
3181 1793 1793 
3182 1361 1361 
3183 4972 4972 
3184 5753 5753 
3185 488 488 
3186 9101 9101 
3187 4209 4209 
3188 1104 1104 
3189 3488 3488 
3190 9278 9278 
3191 5424 5424 
3192 9009 9009 
3193 9108 9108 
3194 5255 5255 
3195 1734 1734 
3196 1940 1940 
3197 192 192 
3198 3872 3872 
3199 5602 5602 
3200 5634 5634 
3201 5931 5931 
3202 8679 8679 
3203 1278 1278 
3204 8214 8214 
3205 7104 7104 
3206 497 497 
3207 6504 6504 
3208 7921 7921 
3209 395 395 
3210 5662 5662 
3211 5329 5329 
3212 4618 4618 
3213 4461 4461 
3214 2442 2442 
3215 5745 5745 
3216 6418 6418 
3217 604 604 
3218 2575 2575 
3219 5972 5972 
3220 3652 3652 
3221 7835 7835 
3222 440 440 
3223 4645 4645 
3224 27 27 
3225 6209 6209 
3226 9777 9777 
3227 4438 4438 
3228 287 287 
3229 3816 3816 
3230 1066 1066 
3231 8105 8105 
3232 8375 8375 
3233 5508 5508 
3234 4346 4346 
3235 2958 2958 
3236 1186 1186 
3237 4525 4525 
3238 3456 3456 
3239 4234 4234 
3240 3329 3329 
3241 2763 2763 
3242 773 773 
3243 1088 1088 
3244 5900 5900 
3245 7294 7294 
3246 1693 1693 
3247 7038 7038 
3248 756 756 
3249 2615 2615 
3250 3613 3613 
3251 5527 5527 
3252 9432 9432 
3253 1447 1447 
3254 6070 6070 
3255 2968 2968 
3256 1666 1666 
3257 4034 4034 
3258 3887 3887 
3259 3722 3722 
3260 89 89 
3261 5582 5582 
3262 4481 4481 
3263 3683 3683 
3264 825 825 
3265 7870 7870 
3266 8843 8843 
3267 2568 2568 
3268 8943 8943 
3269 726 726 
3270 742 742 
3271 1283 1283 
3272 2302 2302 
3273 1466 1466 
3274 1059 1059 
3275 5437 5437 
3276 3120 3120 
3277 8839 8839 
3278 4481 4481 
3279 8505 8505 
3280 7350 7350 
3281 9390 9390 
3282 523 523 
3283 4637 4637 
3284 7856 7856 
3285 6872 6872 
3286 3709 3709 
3287 1197 1197 
3288 5096 5096 
3289 6779 6779 
3290 8039 8039 
3291 3446 3446 
3292 6120 6120 
3293 8776 8776 
3294 6154 6154 
3295 3300 3300 
3296 604 604 
3297 429 429 
3298 1999 1999 
3299 7344 7344 
3300 9538 9538 
3301 6798 6798 
3302 2247 2247 
3303 9705 9705 
3304 6430 6430 
3305 2267 2267 
3306 4941 4941 
3307 4877 4877 
3308 5658 5658 
3309 7037 7037 
3310 24 24 
3311 3845 3845 
3312 6699 6699 
3313 4067 4067 
3314 6476 6476 
3315 4491 4491 
3316 6030 6030 
3317 7604 7604 
3318 3712 3712 
3319 9528 9528 
3320 1073 1073 
3321 5952 5952 
3322 7963 7963 
3323 3614 3614 
3324 3855 3855 
3325 7704 7704 
3326 9544 9544 
3327 2751 2751 
3328 5683 5683 
3329 5574 5574 
3330 8584 8584 
3331 2777 2777 
3332 5246 5246 
3333 4537 4537 
3334 694 694 
3335 7694 7694 
3336 1427 1427 
3337 4561 4561 
3338 1285 1285 
3339 4164 4164 
3340 6639 6639 
3341 9220 9220 
3342 7702 7702 
3343 5397 5397 
3344 1158 1158 
3345 9371 9371 
3346 2438 2438 
3347 1364 1364 
3348 2952 2952 
3349 1453 1453 
3350 228 228 
3351 8461 8461 
3352 1027 1027 
3353 7957 7957 
3354 448 448 
3355 2455 2455 
3356 5554 5554 
3357 6098 6098 
3358 5023 5023 
3359 4778 4778 
3360 5491 5491 
3361 4715 4715 
3362 7403 7403 
3363 87 87 
3364 7703 7703 
3365 4349 4349 
3366 9464 9464 
3367 3832 3832 
3368 2658 2658 
3369 3218 3218 
3370 4545 4545 
3371 6260 6260 
3372 3218 3218 
3373 912 912 
3374 9760 9760 
3375 2943 2943 
3376 9148 9148 
3377 7195 7195 
3378 7996 7996 
3379 8588 8588 
3380 1169 1169 
3381 5672 5672 
3382 381 381 
3383 10000 10000 
3384 6112 6112 
3385 5839 5839 
3386 3979 3979 
3387 5861 5861 
3388 3046 3046 
3389 3723 3723 
3390 7012 7012 
3391 8183 8183 
3392 4624 4624 
3393 8930 8930 
3394 7309 7309 
3395 3742 3742 
3396 609 609 
3397 2028 2028 
3398 8592 8592 
3399 6425 6425 
3400 3183 3183 
3401 2658 2658 
3402 6483 6483 
3403 5843 5843 
3404 4487 4487 
3405 1860 1860 
3406 3993 3993 
3407 3125 3125 
3408 5457 5457 
3409 9462 9462 
3410 594 594 
3411 6904 6904 
3412 2206 2206 
3413 920 920 
3414 7950 7950 
3415 8773 8773 
3416 6877 6877 
3417 2033 2033 
3418 6319 6319 
3419 2363 2363 
3420 6078 6078 
3421 1815 1815 
3422 8491 8491 
3423 4715 4715 
3424 8846 8846 
3425 1790 1790 
3426 3472 3472 
3427 5443 5443 
3428 8048 8048 
3429 971 971 
3430 643 643 
3431 5190 5190 
3432 7789 7789 
3433 2163 2163 
3434 1297 1297 
3435 5733 5733 
3436 322 322 
3437 9109 9109 
3438 2710 2710 
3439 5660 5660 
3440 1352 1352 
3441 2912 2912 
3442 4428 4428 
3443 9355 9355 
3444 3233 3233 
3445 7922 7922 
3446 9723 9723 
3447 8847 8847 
3448 4542 4542 
3449 9743 9743 
3450 6959 6959 
3451 61 61 
3452 894 894 
3453 2954 2954 
3454 2695 2695 
3455 5658 5658 
3456 8288 8288 
3457 9731 9731 
3458 6938 6938 
3459 2746 2746 
3460 5657 5657 
3461 1373 1373 
3462 3940 3940 
3463 1683 1683 
3464 5089 5089 
3465 474 474 
3466 9086 9086 
3467 653 653 
3468 1496 1496 
3469 8246 8246 
3470 5323 5323 
3471 3816 3816 
3472 4311 4311 
3473 5981 5981 
3474 9758 9758 
3475 8218 8218 
3476 3856 3856 
3477 7562 7562 
3478 3641 3641 
3479 468 468 
3480 2887 2887 
3481 3693 3693 
3482 5441 5441 
3483 847 847 
3484 9914 9914 
3485 5303 5303 
3486 9357 9357 
3487 7000 7000 
3488 7532 7532 
3489 8261 8261 
3490 9149 9149 
3491 502 502 
3492 3071 3071 
3493 1207 1207 
3494 2024 2024 
3495 5716 5716 
3496 6543 6543 
3497 6332 6332 
3498 5421 5421 
3499 9199 9199 
3500 1676 1676 
3501 6156 6156 
3502 3691 3691 
3503 6269 6269 
3504 6736 6736 
3505 8785 8785 
3506 7036 7036 
3507 9992 9992 
3508 4831 4831 
3509 835 835 
3510 8796 8796 
3511 726 726 
3512 9867 9867 
3513 2079 2079 
3514 199 199 
3515 2934 2934 
3516 5287 5287 
3517 467 467 
3518 8128 8128 
3519 3497 3497 
3520 996 996 
3521 7464 7464 
3522 3151 3151 
3523 9643 9643 
3524 2743 2743 
3525 3373 3373 
3526 4114 4114 
3527 5933 5933 
3528 9771 9771 
3529 3708 3708 
3530 9396 9396 
3531 4208 4208 
3532 2451 2451 
3533 9243 9243 
3534 7322 7322 
3535 4991 4991 
3536 7944 7944 
3537 2497 2497 
3538 5354 5354 
3539 1609 1609 
3540 5392 5392 
3541 5074 5074 
3542 5335 5335 
3543 4026 4026 
3544 9968 9968 
3545 8841 8841 
3546 4103 4103 
3547 4326 4326 
3548 8008 8008 
3549 1938 1938 
3550 4789 4789 
3551 4017 4017 
3552 8860 8860 
3553 7937 7937 
3554 3538 3538 
3555 1486 1486 
3556 6388 6388 
3557 3682 3682 
3558 7207 7207 
3559 7313 7313 
3560 6217 6217 
3561 158 158 
3562 3989 3989 
3563 4851 4851 
3564 1183 1183 
3565 8694 8694 
3566 7806 7806 
3567 50 50 
3568 2306 2306 
3569 1695 1695 
3570 6524 6524 
3571 2002 2002 
3572 7801 7801 
3573 4491 4491 
3574 686 686 
3575 6612 6612 
3576 1688 1688 
3577 8080 8080 
3578 4980 4980 
3579 6482 6482 
3580 9153 9153 
3581 4455 4455 
3582 8288 8288 
3583 8484 8484 
3584 4650 4650 
3585 3315 3315 
3586 9436 9436 
3587 4914 4914 
3588 633 633 
3589 3131 3131 
3590 122 122 
3591 2838 2838 
3592 8508 8508 
3593 8230 8230 
3594 8566 8566 
3595 5372 5372 
3596 9190 9190 
3597 146 146 
3598 4856 4856 
3599 2202 2202 
3600 3492 3492 
3601 8001 8001 
3602 4294 4294 
3603 5702 5702 
3604 9549 9549 
3605 4289 4289 
3606 6758 6758 
3607 2649 2649 
3608 6583 6583 
3609 5143 5143 
3610 7553 7553 
3611 7038 7038 
3612 3975 3975 
3613 6791 6791 
3614 4084 4084 
3615 7046 7046 
3616 6176 6176 
3617 402 402 
3618 8927 8927 
3619 3547 3547 
3620 5581 5581 
3621 8300 8300 
3622 128 128 
3623 7487 7487 
3624 1225 1225 
3625 7160 7160 
3626 170 170 
3627 1904 1904 
3628 8155 8155 
3629 4163 4163 
3630 2414 2414 
3631 8746 8746 
3632 6624 6624 
3633 2218 2218 
3634 7564 7564 
3635 986 986 
3636 6561 6561 
3637 3689 3689 
3638 7923 7923 
3639 8955 8955 
3640 2627 2627 
3641 5265 5265 
3642 6596 6596 
3643 1774 1774 
3644 2573 2573 
3645 8021 8021 
3646 5749 5749 
3647 3546 3546 
3648 4371 4371 
3649 6018 6018 
3650 7457 7457 
3651 4030 4030 
3652 8225 8225 
3653 5224 5224 
3654 2332 2332 
3655 5583 5583 
3656 4068 4068 
3657 3033 3033 
3658 7765 7765 
3659 8627 8627 
3660 4163 4163 
3661 172 172 
3662 2020 2020 
3663 5416 5416 
3664 6539 6539 
3665 7630 7630 
3666 370 370 
3667 865 865 
3668 7575 7575 
3669 7927 7927 
3670 8088 8088 
3671 1166 1166 
3672 2766 2766 
3673 4420 4420 
3674 6080 6080 
3675 2120 2120 
3676 6263 6263 
3677 7350 7350 
3678 40 40 
3679 8518 8518 
3680 71 71 
3681 8615 8615 
3682 5797 5797 
3683 7006 7006 
3684 1371 1371 
3685 6804 6804 
3686 835 835 
3687 2235 2235 
3688 1265 1265 
3689 7467 7467 
3690 4331 4331 
3691 9303 9303 
3692 3617 3617 
3693 1218 1218 
3694 3405 3405 
3695 9638 9638 
3696 3145 3145 
3697 49 49 
3698 2349 2349 
3699 5104 5104 
3700 4117 4117 
3701 5518 5518 
3702 5034 5034 
3703 3272 3272 
3704 6862 6862 
3705 9476 9476 
3706 6841 6841 
3707 4477 4477 
3708 7689 7689 
3709 2830 2830 
3710 8464 8464 
3711 4588 4588 
3712 3280 3280 
3713 5797 5797 
3714 3871 3871 
3715 4624 4624 
3716 1054 1054 
3717 4500 4500 
3718 7113 7113 
3719 9880 9880 
3720 8788 8788 
3721 5716 5716 
3722 8383 8383 
3723 5459 5459 
3724 7593 7593 
3725 281 281 
3726 3182 3182 
3727 778 778 
3728 1806 1806 
3729 2664 2664 
3730 5967 5967 
3731 4953 4953 
3732 4350 4350 
3733 5443 5443 
3734 7484 7484 
3735 2092 2092 
3736 1524 1524 
3737 563 563 
3738 2003 2003 
3739 6163 6163 
3740 1224 1224 
3741 9041 9041 
3742 4082 4082 
3743 7890 7890 
3744 3090 3090 
3745 8369 8369 
3746 9554 9554 
3747 3559 3559 
3748 2287 2287 
3749 5451 5451 
3750 9345 9345 
3751 8104 8104 
3752 4976 4976 
3753 5991 5991 
3754 519 519 
3755 8984 8984 
3756 3743 3743 
3757 3892 3892 
3758 9930 9930 
3759 9990 9990 
3760 957 957 
3761 2101 2101 
3762 2349 2349 
3763 1747 1747 
3764 4407 4407 
3765 8650 8650 
3766 5667 5667 
3767 5134 5134 
3768 631 631 
3769 6406 6406 
3770 5506 5506 
3771 3981 3981 
3772 5351 5351 
3773 5554 5554 
3774 2098 2098 
3775 2698 2698 
3776 4544 4544 
3777 9341 9341 
3778 4276 4276 
3779 1735 1735 
3780 6832 6832 
3781 5774 5774 
3782 3439 3439 
3783 2224 2224 
3784 3690 3690 
3785 9960 9960 
3786 7622 7622 
3787 3148 3148 
3788 3672 3672 
3789 5432 5432 
3790 2918 2918 
3791 6927 6927 
3792 7451 7451 
3793 6718 6718 
3794 4811 4811 
3795 7263 7263 
3796 771 771 
3797 5014 5014 
3798 146 146 
3799 3521 3521 
3800 1978 1978 
3801 2802 2802 
3802 5689 5689 
3803 4816 4816 
3804 6154 6154 
3805 9766 9766 
3806 1219 1219 
3807 2073 2073 
3808 7231 7231 
3809 8655 8655 
3810 888 888 
3811 9749 9749 
3812 247 247 
3813 7392 7392 
3814 9593 9593 
3815 3252 3252 
3816 1686 1686 
3817 9067 9067 
3818 5744 5744 
3819 2755 2755 
3820 7990 7990 
3821 8425 8425 
3822 3445 3445 
3823 2537 2537 
3824 892 892 
3825 5974 5974 
3826 990 990 
3827 2420 2420 
3828 4726 4726 
3829 8140 8140 
3830 8734 8734 
3831 9931 9931 
3832 4480 4480 
3833 2170 2170 
3834 3742 3742 
3835 1695 1695 
3836 2789 2789 
3837 5104 5104 
3838 8682 8682 
3839 7267 7267 
3840 3395 3395 
3841 1914 1914 
3842 1858 1858 
3843 6805 6805 
3844 5543 5543 
3845 9159 9159 
3846 9600 9600 
3847 5672 5672 
3848 7576 7576 
3849 2020 2020 
3850 4169 4169 
3851 7983 7983 
3852 3200 3200 
3853 2346 2346 
3854 9820 9820 
3855 3176 3176 
3856 3940 3940 
3857 2977 2977 
3858 3624 3624 
3859 8803 8803 
3860 9748 9748 
3861 7503 7503 
3862 7083 7083 
3863 7134 7134 
3864 7998 7998 
3865 4498 4498 
3866 9908 9908 
3867 4574 4574 
3868 541 541 
3869 9013 9013 
3870 4282 4282 
3871 1244 1244 
3872 6015 6015 
3873 6594 6594 
3874 2566 2566 
3875 5945 5945 
3876 1525 1525 
3877 1636 1636 
3878 9706 9706 
3879 6736 6736 
3880 4195 4195 
3881 1752 1752 
3882 2869 2869 
3883 8326 8326 
3884 5303 5303 
3885 7360 7360 
3886 1439 1439 
3887 5408 5408 
3888 5254 5254 
3889 5411 5411 
3890 8990 8990 
3891 5698 5698 
3892 834 834 
3893 8437 8437 
3894 7356 7356 
3895 735 735 
3896 6408 6408 
3897 9358 9358 
3898 7391 7391 
3899 9298 9298 
3900 5733 5733 
3901 9961 9961 
3902 8072 8072 
3903 8264 8264 
3904 1001 1001 
3905 6859 6859 
3906 9511 9511 
3907 8391 8391 
3908 7748 7748 
3909 8878 8878 
3910 3387 3387 
3911 2623 2623 
3912 7020 7020 
3913 9898 9898 
3914 4664 4664 
3915 6684 6684 
3916 9841 9841 
3917 3583 3583 
3918 4609 4609 
3919 3061 3061 
3920 168 168 
3921 4097 4097 
3922 6693 6693 
3923 2660 2660 
3924 1363 1363 
3925 1215 1215 
3926 2341 2341 
3927 8738 8738 
3928 1409 1409 
3929 6482 6482 
3930 5779 5779 
3931 8447 8447 
3932 1874 1874 
3933 7871 7871 
3934 4359 4359 
3935 282 282 
3936 6515 6515 
3937 7738 7738 
3938 8907 8907 
3939 7987 7987 
3940 1448 1448 
3941 1031 1031 
3942 9542 9542 
3943 3291 3291 
3944 6935 6935 
3945 749 749 
3946 774 774 
3947 3428 3428 
3948 9473 9473 
3949 1850 1850 
3950 3830 3830 
3951 4843 4843 
3952 7644 7644 
3953 8301 8301 
3954 751 751 
3955 5822 5822 
3956 1083 1083 
3957 8116 8116 
3958 7771 7771 
3959 3547 3547 
3960 5119 5119 
3961 2130 2130 
3962 8517 8517 
3963 615 615 
3964 5078 5078 
3965 4524 4524 
3966 1131 1131 
3967 5768 5768 
3968 5602 5602 
3969 4129 4129 
3970 7605 7605 
3971 9344 9344 
3972 149 149 
3973 420 420 
3974 1568 1568 
3975 6070 6070 
3976 9992 9992 
3977 839 839 
3978 259 259 
3979 4274 4274 
3980 5403 5403 
3981 9014 9014 
3982 8467 8467 
3983 4341 4341 
3984 502 502 
3985 5725 5725 
3986 290 290 
3987 8803 8803 
3988 8798 8798 
3989 2150 2150 
3990 4546 4546 
3991 4446 4446 
3992 1508 1508 
3993 8483 8483 
3994 2599 2599 
3995 5920 5920 
3996 1415 1415 
3997 4548 4548 
3998 7674 7674 
3999 8165 8165 
4000 1354 1354 
4001 4710 4710 
4002 6169 6169 
4003 9746 9746 
4004 4480 4480 
4005 6569 6569 
4006 76 76 
4007 2550 2550 
4008 5043 5043 
4009 5420 5420 
4010 5427 5427 
4011 3659 3659 
4012 9876 9876 
4013 1222 1222 
4014 4876 4876 
4015 6937 6937 
4016 4508 4508 
4017 3011 3011 
4018 6928 6928 
4019 2888 2888 
4020 2529 2529 
4021 5658 5658 
4022 1869 1869 
4023 1567 1567 
4024 9461 9461 
4025 5992 5992 
4026 4206 4206 
4027 9934 9934 
4028 3657 3657 
4029 8267 8267 
4030 3014 3014 
4031 7588 7588 
4032 9966 9966 
4033 3372 3372 
4034 4283 4283 
4035 2046 2046 
4036 4780 4780 
4037 6585 6585 
4038 1903 1903 
4039 6909 6909 
4040 3083 3083 
4041 1390 1390 
4042 2203 2203 
4043 2739 2739 
4044 2510 2510 
4045 2544 2544 
4046 1220 1220 
4047 6265 6265 
4048 1793 1793 
4049 1877 1877 
4050 831 831 
4051 1680 1680 
4052 6263 6263 
4053 1524 1524 
4054 9472 9472 
4055 4930 4930 
4056 1846 1846 
4057 2533 2533 
4058 9262 9262 
4059 1268 1268 
4060 3598 3598 
4061 676 676 
4062 4323 4323 
4063 3931 3931 
4064 804 804 
4065 7447 7447 
4066 6543 6543 
4067 8487 8487 
4068 6157 6157 
4069 9897 9897 
4070 5468 5468 
4071 2000 2000 
4072 4341 4341 
4073 5234 5234 
4074 925 925 
4075 8428 8428 
4076 9600 9600 
4077 6165 6165 
4078 3151 3151 
4079 9483 9483 
4080 1256 1256 
4081 3751 3751 
4082 5345 5345 
4083 9615 9615 
4084 3237 3237 
4085 6007 6007 
4086 5216 5216 
4087 379 379 
4088 3498 3498 
4089 9166 9166 
4090 2635 2635 
4091 7462 7462 
4092 6492 6492 
4093 7555 7555 
4094 870 870 
4095 7916 7916 
4096 2590 2590 
4097 7931 7931 
4098 457 457 
4099 1058 1058 
4100 2743 2743 
4101 108 108 
4102 1608 1608 
4103 6067 6067 
4104 2485 2485 
4105 8477 8477 
4106 7518 7518 
4107 2476 2476 
4108 5355 5355 
4109 9052 9052 
4110 1362 1362 
4111 1265 1265 
4112 4118 4118 
4113 283 283 
4114 5708 5708 
4115 4138 4138 
4116 3101 3101 
4117 4200 4200 
4118 4481 4481 
4119 7885 7885 
4120 9814 9814 
4121 6215 6215 
4122 8617 8617 
4123 5465 5465 
4124 9158 9158 
4125 6894 6894 
4126 4146 4146 
4127 6140 6140 
4128 2961 2961 
4129 4604 4604 
4130 8606 8606 
4131 1010 1010 
4132 4991 4991 
4133 1335 1335 
4134 4279 4279 
4135 6266 6266 
4136 5887 5887 
4137 8018 8018 
4138 626 626 
4139 631 631 
4140 4357 4357 
4141 7415 7415 
4142 2577 2577 
4143 1888 1888 
4144 7518 7518 
4145 4950 4950 
4146 9987 9987 
4147 7956 7956 
4148 8325 8325 
4149 2634 2634 
4150 1414 1414 
4151 6750 6750 
4152 9663 9663 
4153 7844 7844 
4154 989 989 
4155 9472 9472 
4156 5744 5744 
4157 4743 4743 
4158 6252 6252 
4159 8655 8655 
4160 5088 5088 
4161 2463 2463 
4162 3824 3824 
4163 3835 3835 
4164 8872 8872 
4165 6126 6126 
4166 7676 7676 
4167 2825 2825 
4168 9398 9398 
4169 9525 9525 
4170 5469 5469 
4171 1023 1023 
4172 2305 2305 
4173 3883 3883 
4174 2543 2543 
4175 2284 2284 
4176 7734 7734 
4177 6877 6877 
4178 7737 7737 
4179 498 498 
4180 3536 3536 
4181 8034 8034 
4182 2788 2788 
4183 4112 4112 
4184 8902 8902 
4185 3306 3306 
4186 1657 1657 
4187 9840 9840 
4188 4463 4463 
4189 34 34 
4190 935 935 
4191 5129 5129 
4192 9425 9425 
4193 8327 8327 
4194 9492 9492 
4195 7186 7186 
4196 3526 3526 
4197 4213 4213 
4198 9707 9707 
4199 7300 7300 
4200 2368 2368 
4201 6522 6522 
4202 2724 2724 
4203 763 763 
4204 5139 5139 
4205 4412 4412 
4206 1521 1521 
4207 6953 6953 
4208 7792 7792 
4209 3987 3987 
4210 4548 4548 
4211 2151 2151 
4212 3283 3283 
4213 5108 5108 
4214 1006 1006 
4215 7528 7528 
4216 9170 9170 
4217 331 331 
4218 2402 2402 
4219 2876 2876 
4220 86 86 
4221 53 53 
4222 4648 4648 
4223 4366 4366 
4224 2518 2518 
4225 6055 6055 
4226 142 142 
4227 3306 3306 
4228 3646 3646 
4229 1087 1087 
4230 6217 6217 
4231 5935 5935 
4232 6351 6351 
4233 8069 8069 
4234 4121 4121 
4235 9036 9036 
4236 2127 2127 
4237 669 669 
4238 7178 7178 
4239 7243 7243 
4240 8353 8353 
4241 2027 2027 
4242 9703 9703 
4243 4999 4999 
4244 6256 6256 
4245 483 483 
4246 9721 9721 
4247 6395 6395 
4248 918 918 
4249 2493 2493 
4250 3565 3565 
4251 8056 8056 
4252 3769 3769 
4253 9586 9586 
4254 5667 5667 
4255 1586 1586 
4256 2836 2836 
4257 181 181 
4258 1634 1634 
4259 6168 6168 
4260 1123 1123 
4261 9169 9169 
4262 6282 6282 
4263 4542 4542 
4264 5287 5287 
4265 2138 2138 
4266 4961 4961 
4267 4776 4776 
4268 2602 2602 
4269 3922 3922 
4270 111 111 
4271 8150 8150 
4272 7581 7581 
4273 8332 8332 
4274 6085 6085 
4275 1751 1751 
4276 5357 5357 
4277 4741 4741 
4278 4952 4952 
4279 2027 2027 
4280 8885 8885 
4281 5875 5875 
4282 8412 8412 
4283 2601 2601 
4284 4172 4172 
4285 5197 5197 
4286 5115 5115 
4287 1769 1769 
4288 7183 7183 
4289 8965 8965 
4290 9077 9077 
4291 2303 2303 
4292 6025 6025 
4293 7038 7038 
4294 6369 6369 
4295 1060 1060 
4296 7262 7262 
4297 5694 5694 
4298 6865 6865 
4299 4483 4483 
4300 311 311 
4301 8993 8993 
4302 1107 1107 
4303 9005 9005 
4304 5096 5096 
4305 503 503 
4306 3332 3332 
4307 5754 5754 
4308 446 446 
4309 2475 2475 
4310 9760 9760 
4311 109 109 
4312 8308 8308 
4313 6193 6193 
4314 804 804 
4315 4290 4290 
4316 4020 4020 
4317 2236 2236 
4318 6053 6053 
4319 1574 1574 
4320 5194 5194 
4321 2345 2345 
4322 2297 2297 
4323 3507 3507 
4324 3188 3188 
4325 3963 3963 
4326 1922 1922 
4327 7879 7879 
4328 4134 4134 
4329 2356 2356 
4330 6619 6619 
4331 7312 7312 
4332 4251 4251 
4333 7820 7820 
4334 3051 3051 
4335 2278 2278 
4336 6805 6805 
4337 6321 6321 
4338 2151 2151 
4339 5556 5556 
4340 581 581 
4341 3980 3980 
4342 4420 4420 
4343 6389 6389 
4344 9910 9910 
4345 4283 4283 
4346 2314 2314 
4347 8935 8935 
4348 2548 2548 
4349 6145 6145 
4350 2580 2580 
4351 1103 1103 
4352 4298 4298 
4353 4726 4726 
4354 9187 9187 
4355 3369 3369 
4356 4489 4489 
4357 604 604 
4358 2402 2402 
4359 73 73 
4360 1941 1941 
4361 2175 2175 
4362 2565 2565 
4363 2211 2211 
4364 7928 7928 
4365 4040 4040 
4366 2683 2683 
4367 6259 6259 
4368 1114 1114 
4369 1279 1279 
4370 7426 7426 
4371 3258 3258 
4372 9080 9080 
4373 7786 7786 
4374 4617 4617 
4375 5687 5687 
4376 5505 5505 
4377 4742 4742 
4378 6160 6160 
4379 6093 6093 
4380 3392 3392 
4381 3680 3680 
4382 8892 8892 
4383 2342 2342 
4384 5460 5460 
4385 7121 7121 
4386 3896 3896 
4387 5540 5540 
4388 379 379 
4389 7844 7844 
4390 8213 8213 
4391 3279 3279 
4392 2684 2684 
4393 3589 3589 
4394 8705 8705 
4395 6785 6785 
4396 644 644 
4397 4472 4472 
4398 5110 5110 
4399 7626 7626 
4400 3177 3177 
4401 2611 2611 
4402 4377 4377 
4403 1056 1056 
4404 6986 6986 
4405 3881 3881 
4406 7027 7027 
4407 502 502 
4408 4391 4391 
4409 6580 6580 
4410 2492 2492 
4411 9432 9432 
4412 1885 1885 
4413 8559 8559 
4414 7411 7411 
4415 6513 6513 
4416 9514 9514 
4417 6957 6957 
4418 3706 3706 
4419 1369 1369 
4420 750 750 
4421 4504 4504 
4422 8510 8510 
4423 1262 1262 
4424 2434 2434 
4425 9242 9242 
4426 3909 3909 
4427 4557 4557 
4428 9779 9779 
4429 3377 3377 
4430 8304 8304 
4431 1661 1661 
4432 662 662 
4433 275 275 
4434 7840 7840 
4435 1577 1577 
4436 9488 9488 
4437 4143 4143 
4438 7508 7508 
4439 1992 1992 
4440 237 237 
4441 3387 3387 
4442 4000 4000 
4443 8987 8987 
4444 3454 3454 
4445 6879 6879 
4446 5098 5098 
4447 4578 4578 
4448 8752 8752 
4449 7246 7246 
4450 5358 5358 
4451 1979 1979 
4452 1415 1415 
4453 4940 4940 
4454 6178 6178 
4455 6632 6632 
4456 810 810 
4457 2224 2224 
4458 5875 5875 
4459 443 443 
4460 759 759 
4461 2807 2807 
4462 7518 7518 
4463 3041 3041 
4464 1079 1079 
4465 2530 2530 
4466 267 267 
4467 4649 4649 
4468 7916 7916 
4469 4382 4382 
4470 3859 3859 
4471 7840 7840 
4472 5111 5111 
4473 94 94 
4474 6658 6658 
4475 4426 4426 
4476 9415 9415 
4477 4279 4279 
4478 8727 8727 
4479 9230 9230 
4480 2748 2748 
4481 4232 4232 
4482 57 57 
4483 8766 8766 
4484 8969 8969 
4485 3763 3763 
4486 4628 4628 
4487 9506 9506 
4488 1239 1239 
4489 5244 5244 
4490 6673 6673 
4491 1792 1792 
4492 6966 6966 
4493 6542 6542 
4494 4275 4275 
4495 7242 7242 
4496 9790 9790 
4497 6580 6580 
4498 4606 4606 
4499 5029 5029 
4500 1172 1172 
4501 8075 8075 
4502 3058 3058 
4503 1553 1553 
4504 2233 2233 
4505 1009 1009 
4506 4437 4437 
4507 6553 6553 
4508 1292 1292 
4509 2041 2041 
4510 1166 1166 
4511 9225 9225 
4512 2128 2128 
4513 9935 9935 
4514 5213 5213 
4515 4823 4823 
4516 6808 6808 
4517 6802 6802 
4518 2841 2841 
4519 256 256 
4520 1790 1790 
4521 211 211 
4522 5746 5746 
4523 4928 4928 
4524 963 963 
4525 7417 7417 
4526 8932 8932 
4527 6028 6028 
4528 7713 7713 
4529 5710 5710 
4530 4013 4013 
4531 3856 3856 
4532 2604 2604 
4533 8185 8185 
4534 4837 4837 
4535 7840 7840 
4536 8582 8582 
4537 2696 2696 
4538 2540 2540 
4539 7117 7117 
4540 2402 2402 
4541 9402 9402 
4542 7555 7555 
4543 6135 6135 
4544 241 241 
4545 3175 3175 
4546 9344 9344 
4547 3705 3705 
4548 7640 7640 
4549 8237 8237 
4550 3860 3860 
4551 1014 1014 
4552 8531 8531 
4553 1688 1688 
4554 6249 6249 
4555 909 909 
4556 6738 6738 
4557 5532 5532 
4558 3221 3221 
4559 5323 5323 
4560 6993 6993 
4561 530 530 
4562 1036 1036 
4563 1198 1198 
4564 1846 1846 
4565 5133 5133 
4566 1634 1634 
4567 3874 3874 
4568 1764 1764 
4569 2584 2584 
4570 3117 3117 
4571 506 506 
4572 7148 7148 
4573 8462 8462 
4574 1432 1432 
4575 6972 6972 
4576 5603 5603 
4577 9957 9957 
4578 6532 6532 
4579 1017 1017 
4580 8094 8094 
4581 8567 8567 
4582 6122 6122 
4583 9511 9511 
4584 4058 4058 
4585 8879 8879 
4586 6284 6284 
4587 445 445 
4588 7608 7608 
4589 3501 3501 
4590 953 953 
4591 939 939 
4592 8261 8261 
4593 9558 9558 
4594 1871 1871 
4595 308 308 
4596 3064 3064 
4597 9211 9211 
4598 3914 3914 
4599 9337 9337 
4600 7413 7413 
4601 7955 7955 
4602 8411 8411 
4603 8211 8211 
4604 286 286 
4605 8936 8936 
4606 68 68 
4607 1116 1116 
4608 3865 3865 
4609 5163 5163 
4610 5807 5807 
4611 8874 8874 
4612 8877 8877 
4613 1461 1461 
4614 126 126 
4615 5321 5321 
4616 1254 1254 
4617 9724 9724 
4618 1438 1438 
4619 9780 9780 
4620 7016 7016 
4621 4334 4334 
4622 1413 1413 
4623 1152 1152 
4624 2080 2080 
4625 940 940 
4626 906 906 
4627 9445 9445 
4628 725 725 
4629 4678 4678 
4630 8243 8243 
4631 5194 5194 
4632 174 174 
4633 9727 9727 
4634 5449 5449 
4635 5308 5308 
4636 2013 2013 
4637 4573 4573 
4638 4073 4073 
4639 1354 1354 
4640 9753 9753 
4641 6319 6319 
4642 9140 9140 
4643 7648 7648 
4644 7033 7033 
4645 5083 5083 
4646 5109 5109 
4647 1134 1134 
4648 7628 7628 
4649 3523 3523 
4650 9650 9650 
4651 1269 1269 
4652 534 534 
4653 1907 1907 
4654 7260 7260 
4655 9838 9838 
4656 1157 1157 
4657 3770 3770 
4658 6689 6689 
4659 3654 3654 
4660 6498 6498 
4661 6419 6419 
4662 1665 1665 
4663 5705 5705 
4664 4274 4274 
4665 6607 6607 
4666 8301 8301 
4667 522 522 
4668 4092 4092 
4669 8592 8592 
4670 5403 5403 
4671 9100 9100 
4672 4053 4053 
4673 5828 5828 
4674 838 838 
4675 2352 2352 
4676 231 231 
4677 2300 2300 
4678 2947 2947 
4679 2796 2796 
4680 6768 6768 
4681 9321 9321 
4682 9150 9150 
4683 3988 3988 
4684 8871 8871 
4685 8530 8530 
4686 9715 9715 
4687 1992 1992 
4688 1353 1353 
4689 6771 6771 
4690 2904 2904 
4691 3034 3034 
4692 849 849 
4693 9222 9222 
4694 583 583 
4695 9162 9162 
4696 7543 7543 
4697 4039 4039 
4698 5386 5386 
4699 1008 1008 
4700 6143 6143 
4701 662 662 
4702 2479 2479 
4703 9252 9252 
4704 9506 9506 
4705 9054 9054 
4706 2731 2731 
4707 77 77 
4708 4778 4778 
4709 9837 9837 
4710 3003 3003 
4711 4373 4373 
4712 7670 7670 
4713 7280 7280 
4714 5061 5061 
4715 5382 5382 
4716 8429 8429 
4717 6029 6029 
4718 3661 3661 
4719 7924 7924 
4720 6016 6016 
4721 2924 2924 
4722 7811 7811 
4723 149 149 
4724 4008 4008 
4725 8674 8674 
4726 554 554 
4727 6465 6465 
4728 2447 2447 
4729 9883 9883 
4730 6244 6244 
4731 850 850 
4732 7690 7690 
4733 9379 9379 
4734 3432 3432 
4735 5592 5592 
4736 4579 4579 
4737 6290 6290 
4738 3446 3446 
4739 1948 1948 
4740 8502 8502 
4741 8322 8322 
4742 7729 7729 
4743 3871 3871 
4744 3761 3761 
4745 414 414 
4746 27 27 
4747 5646 5646 
4748 2878 2878 
4749 3944 3944 
4750 31 31 
4751 9828 9828 
4752 2893 2893 
4753 1591 1591 
4754 5175 5175 
4755 1228 1228 
4756 6090 6090 
4757 1980 1980 
4758 1517 1517 
4759 177 177 
4760 4095 4095 
4761 9471 9471 
4762 2415 2415 
4763 5093 5093 
4764 4834 4834 
4765 747 747 
4766 3084 3084 
4767 2170 2170 
4768 3438 3438 
4769 1378 1378 
4770 3610 3610 
4771 2608 2608 
4772 5599 5599 
4773 9262 9262 
4774 1098 1098 
4775 1148 1148 
4776 4519 4519 
4777 7542 7542 
4778 9860 9860 
4779 7745 7745 
4780 510 510 
4781 2185 2185 
4782 9052 9052 
4783 8925 8925 
4784 2486 2486 
4785 1866 1866 
4786 5542 5542 
4787 9203 9203 
4788 8476 8476 
4789 4039 4039 
4790 8405 8405 
4791 6960 6960 
4792 3498 3498 
4793 6456 6456 
4794 5071 5071 
4795 5596 5596 
4796 2682 2682 
4797 5809 5809 
4798 5212 5212 
4799 8879 8879 
4800 8261 8261 
4801 6244 6244 
4802 6909 6909 
4803 2334 2334 
4804 2570 2570 
4805 3862 3862 
4806 2378 2378 
4807 4721 4721 
4808 2186 2186 
4809 8364 8364 
4810 2260 2260 
4811 7458 7458 
4812 8015 8015 
4813 2546 2546 
4814 3481 3481 
4815 3091 3091 
4816 9917 9917 
4817 9895 9895 
4818 7941 7941 
4819 6892 6892 
4820 5297 5297 
4821 9801 9801 
4822 7189 7189 
4823 8593 8593 
4824 2390 2390 
4825 2088 2088 
4826 5815 5815 
4827 3500 3500 
4828 6054 6054 
4829 9818 9818 
4830 4910 4910 
4831 3020 3020 
4832 6813 6813 
4833 6411 6411 
4834 578 578 
4835 8441 8441 
4836 4362 4362 
4837 2542 2542 
4838 3556 3556 
4839 8066 8066 
4840 4607 4607 
4841 3412 3412 
4842 5151 5151 
4843 3525 3525 
4844 6407 6407 
4845 8343 8343 
4846 9993 9993 
4847 2346 2346 
4848 951 951 
4849 3780 3780 
4850 4760 4760 
4851 7437 7437 
4852 5101 5101 
4853 4580 4580 
4854 1842 1842 
4855 5431 5431 
4856 3173 3173 
4857 4885 4885 
4858 6125 6125 
4859 5272 5272 
4860 3243 3243 
4861 425 425 
4862 822 822 
4863 1395 1395 
4864 730 730 
4865 5259 5259 
4866 3773 3773 
4867 3093 3093 
4868 6195 6195 
4869 7929 7929 
4870 6700 6700 
4871 9267 9267 
4872 585 585 
4873 4226 4226 
4874 1736 1736 
4875 6063 6063 
4876 7945 7945 
4877 7502 7502 
4878 8673 8673 
4879 2134 2134 
4880 584 584 
4881 1508 1508 
4882 4340 4340 
4883 4058 4058 
4884 8292 8292 
4885 8892 8892 
4886 9439 9439 
4887 9527 9527 
4888 556 556 
4889 6018 6018 
4890 3476 3476 
4891 8884 8884 
4892 4396 4396 
4893 7539 7539 
4894 9223 9223 
4895 1113 1113 
4896 2576 2576 
4897 1160 1160 
4898 2546 2546 
4899 4871 4871 
4900 1945 1945 
4901 8684 8684 
4902 2264 2264 
4903 9351 9351 
4904 3118 3118 
4905 2187 2187 
4906 2341 2341 
4907 7779 7779 
4908 3322 3322 
4909 1865 1865 
4910 7140 7140 
4911 8923 8923 
4912 8611 8611 
4913 3755 3755 
4914 1211 1211 
4915 7062 7062 
4916 5563 5563 
4917 9366 9366 
4918 7937 7937 
4919 8166 8166 
4920 2783 2783 
4921 4147 4147 
4922 6240 6240 
4923 8293 8293 
4924 7421 7421 
4925 8428 8428 
4926 8934 8934 
4927 6449 6449 
4928 7138 7138 
4929 7686 7686 
4930 805 805 
4931 3090 3090 
4932 6321 6321 
4933 8554 8554 
4934 1785 1785 
4935 2084 2084 
4936 7856 7856 
4937 9330 9330 
4938 3098 3098 
4939 9814 9814 
4940 9037 9037 
4941 8204 8204 
4942 9943 9943 
4943 77 77 
4944 2237 2237 
4945 2430 2430 
4946 4051 4051 
4947 3701 3701 
4948 5621 5621 
4949 1462 1462 
4950 9388 9388 
4951 7190 7190 
4952 1842 1842 
4953 1388 1388 
4954 3381 3381 
4955 8863 8863 
4956 5938 5938 
4957 4616 4616 
4958 6310 6310 
4959 6177 6177 
4960 7157 7157 
4961 6009 6009 
4962 8954 8954 
4963 4122 4122 
4964 1838 1838 
4965 7209 7209 
4966 726 726 
4967 7037 7037 
4968 4036 4036 
4969 7690 7690 
4970 1417 1417 
4971 5915 5915 
4972 6790 6790 
4973 860 860 
4974 2590 2590 
4975 7808 7808 
4976 2011 2011 
4977 8671 8671 
4978 7758 7758 
4979 812 812 
4980 2278 2278 
4981 9216 9216 
4982 6771 6771 
4983 156 156 
4984 3272 3272 
4985 4258 4258 
4986 9271 9271 
4987 148 148 
4988 9216 9216 
4989 3082 3082 
4990 8236 8236 
4991 8716 8716 
4992 461 461 
4993 246 246 
4994 2037 2037 
4995 1284 1284 
4996 5941 5941 
4997 5354 5354 
4998 8400 8400 
4999 3173 3173 
5000 2398 2398 
