npieces: 5000
capacity: 763076
1 501 192 
2 809 185 
3 663 443 
4 375 976 
5 32 461 
6 836 694 
7 280 22 
8 22 144 
9 589 574 
10 589 863 
11 982 724 
12 566 952 
13 434 669 
14 949 121 
15 422 469 
16 687 905 
17 221 262 
18 909 317 
19 545 986 
20 988 163 
21 856 398 
22 626 340 
23 459 229 
24 339 307 
25 448 925 
26 273 269 
27 311 195 
28 26 452 
29 489 782 
30 819 116 
31 244 858 
32 603 968 
33 531 724 
34 330 970 
35 338 981 
36 288 902 
37 320 989 
38 514 433 
39 397 789 
40 230 355 
41 427 8 
42 272 526 
43 304 431 
44 590 362 
45 569 840 
46 662 815 
47 403 154 
48 511 662 
49 851 496 
50 460 805 
51 750 463 
52 461 989 
53 842 734 
54 536 289 
55 771 545 
56 509 828 
57 641 338 
58 767 959 
59 471 413 
60 318 911 
61 551 165 
62 529 199 
63 808 152 
64 424 95 
65 569 652 
66 792 593 
67 576 941 
68 672 787 
69 851 621 
70 856 246 
71 824 782 
72 282 954 
73 808 223 
74 904 844 
75 269 192 
76 349 781 
77 77 907 
78 928 40 
79 31 25 
80 82 423 
81 746 646 
82 337 882 
83 748 275 
84 61 990 
85 992 158 
86 215 158 
87 121 880 
88 650 145 
89 971 643 
90 561 512 
91 57 989 
92 384 129 
93 288 773 
94 231 116 
95 915 9 
96 81 482 
97 912 74 
98 131 5 
99 95 605 
100 791 297 
101 179 94 
102 568 685 
103 113 907 
104 480 341 
105 590 354 
106 158 303 
107 229 840 
108 587 743 
109 717 439 
110 299 690 
111 136 587 
112 305 68 
113 904 266 
114 2 198 
115 621 238 
116 284 615 
117 146 904 
118 224 854 
119 797 546 
120 770 801 
121 220 376 
122 369 485 
123 333 692 
124 290 971 
125 230 454 
126 511 907 
127 835 628 
128 357 40 
129 550 491 
130 19 824 
131 905 530 
132 70 422 
133 831 279 
134 153 133 
135 776 961 
136 674 155 
137 851 114 
138 120 543 
139 270 534 
140 64 849 
141 849 756 
142 127 45 
143 792 776 
144 426 724 
145 519 626 
146 145 895 
147 912 895 
148 482 456 
149 375 369 
150 337 711 
151 655 646 
152 941 189 
153 294 986 
154 470 841 
155 811 378 
156 411 941 
157 496 159 
158 56 236 
159 82 330 
160 796 594 
161 541 82 
162 336 751 
163 325 743 
164 796 874 
165 551 74 
166 172 583 
167 766 963 
168 495 308 
169 825 454 
170 560 782 
171 321 219 
172 997 434 
173 33 329 
174 133 66 
175 926 383 
176 663 559 
177 742 559 
178 141 502 
179 349 151 
180 727 680 
181 90 756 
182 724 553 
183 704 565 
184 532 973 
185 824 313 
186 728 810 
187 220 319 
188 35 246 
189 574 32 
190 682 206 
191 367 259 
192 726 415 
193 932 461 
194 683 45 
195 923 162 
196 624 670 
197 915 588 
198 55 858 
199 441 671 
200 231 450 
201 367 623 
202 580 849 
203 223 231 
204 985 323 
205 501 39 
206 123 137 
207 498 985 
208 550 414 
209 125 616 
210 670 786 
211 756 221 
212 772 896 
213 808 663 
214 920 13 
215 174 998 
216 349 72 
217 874 501 
218 520 48 
219 918 738 
220 802 719 
221 176 186 
222 861 793 
223 754 886 
224 179 136 
225 251 180 
226 562 408 
227 827 428 
228 516 810 
229 323 920 
230 299 271 
231 875 310 
232 298 227 
233 357 5 
234 526 147 
235 6 410 
236 331 564 
237 877 102 
238 331 778 
239 108 669 
240 745 585 
241 508 86 
242 820 636 
243 301 90 
244 735 464 
245 498 307 
246 365 595 
247 339 26 
248 754 22 
249 316 541 
250 924 93 
251 395 315 
252 72 295 
253 543 725 
254 865 894 
255 147 892 
256 332 349 
257 202 25 
258 423 985 
259 725 636 
260 415 685 
261 920 700 
262 753 726 
263 586 455 
264 992 575 
265 939 648 
266 517 562 
267 88 587 
268 93 300 
269 698 557 
270 68 268 
271 940 604 
272 199 816 
273 579 976 
274 767 275 
275 120 934 
276 706 127 
277 417 351 
278 203 579 
279 998 561 
280 273 729 
281 62 305 
282 478 95 
283 154 548 
284 782 407 
285 529 49 
286 767 821 
287 971 732 
288 895 453 
289 90 921 
290 369 783 
291 761 803 
292 10 176 
293 464 153 
294 928 86 
295 728 227 
296 25 399 
297 913 279 
298 657 599 
299 668 578 
300 630 444 
301 730 965 
302 774 535 
303 139 646 
304 376 962 
305 50 504 
306 56 672 
307 853 808 
308 435 502 
309 323 484 
310 754 316 
311 879 650 
312 948 943 
313 673 379 
314 540 230 
315 739 74 
316 858 47 
317 384 589 
318 813 526 
319 72 103 
320 846 729 
321 689 119 
322 24 195 
323 8 424 
324 587 939 
325 837 766 
326 167 568 
327 52 170 
328 510 147 
329 984 362 
330 970 769 
331 562 496 
332 774 76 
333 79 661 
334 257 253 
335 687 914 
336 364 160 
337 282 307 
338 213 339 
339 389 193 
340 116 884 
341 202 538 
342 139 791 
343 838 46 
344 714 953 
345 707 449 
346 224 483 
347 502 568 
348 30 38 
349 955 50 
350 549 32 
351 932 685 
352 528 953 
353 32 625 
354 68 485 
355 129 5 
356 915 29 
357 918 172 
358 136 228 
359 510 803 
360 613 907 
361 382 178 
362 617 545 
363 666 861 
364 205 179 
365 736 94 
366 565 900 
367 610 633 
368 268 961 
369 281 116 
370 448 803 
371 167 856 
372 716 322 
373 893 888 
374 812 555 
375 899 37 
376 627 126 
377 750 427 
378 233 118 
379 339 532 
380 529 109 
381 346 911 
382 366 20 
383 853 725 
384 613 52 
385 568 208 
386 333 484 
387 139 256 
388 35 607 
389 83 50 
390 810 417 
391 695 31 
392 128 806 
393 349 223 
394 356 871 
395 612 441 
396 500 514 
397 101 848 
398 994 740 
399 619 291 
400 678 30 
401 265 673 
402 87 938 
403 562 278 
404 819 80 
405 692 935 
406 719 465 
407 870 838 
408 72 183 
409 48 315 
410 319 287 
411 338 71 
412 426 396 
413 245 253 
414 856 193 
415 477 312 
416 621 491 
417 120 251 
418 51 721 
419 192 393 
420 497 200 
421 500 722 
422 733 967 
423 725 518 
424 190 396 
425 764 297 
426 349 754 
427 817 891 
428 977 344 
429 62 451 
430 897 302 
431 489 191 
432 60 806 
433 73 338 
434 100 957 
435 256 227 
436 81 997 
437 159 198 
438 114 328 
439 855 898 
440 695 859 
441 67 734 
442 242 677 
443 100 456 
444 643 98 
445 868 676 
446 723 984 
447 259 429 
448 520 861 
449 816 691 
450 535 475 
451 751 105 
452 799 122 
453 153 337 
454 650 64 
455 401 327 
456 375 63 
457 619 135 
458 978 491 
459 199 364 
460 870 374 
461 691 574 
462 105 586 
463 590 198 
464 693 619 
465 201 193 
466 470 574 
467 792 119 
468 7 834 
469 542 159 
470 431 930 
471 807 169 
472 665 3 
473 134 735 
474 458 352 
475 799 128 
476 36 400 
477 943 947 
478 423 745 
479 159 461 
480 14 979 
481 576 696 
482 543 83 
483 608 784 
484 684 554 
485 610 242 
486 119 490 
487 324 123 
488 355 341 
489 418 674 
490 589 785 
491 168 379 
492 809 300 
493 500 73 
494 913 368 
495 434 759 
496 120 875 
497 505 756 
498 781 173 
499 826 121 
500 227 639 
501 57 231 
502 573 797 
503 157 938 
504 671 823 
505 929 92 
506 552 170 
507 333 31 
508 467 597 
509 942 563 
510 196 35 
511 185 16 
512 559 5 
513 808 665 
514 197 281 
515 995 317 
516 400 259 
517 576 339 
518 326 790 
519 221 521 
520 354 446 
521 769 801 
522 837 205 
523 754 905 
524 708 569 
525 258 957 
526 443 527 
527 971 771 
528 679 758 
529 649 563 
530 769 82 
531 807 225 
532 991 379 
533 489 841 
534 420 697 
535 488 813 
536 296 990 
537 309 990 
538 394 737 
539 261 140 
540 257 602 
541 890 404 
542 234 175 
543 18 253 
544 588 770 
545 888 199 
546 167 164 
547 905 737 
548 347 75 
549 129 981 
550 37 691 
551 836 578 
552 332 124 
553 368 205 
554 490 311 
555 479 54 
556 662 518 
557 419 602 
558 630 583 
559 674 890 
560 473 781 
561 577 471 
562 435 572 
563 45 289 
564 434 487 
565 700 403 
566 541 583 
567 346 492 
568 900 881 
569 560 500 
570 810 821 
571 127 384 
572 7 895 
573 361 469 
574 186 468 
575 376 237 
576 348 19 
577 921 921 
578 303 525 
579 136 596 
580 582 394 
581 807 751 
582 14 682 
583 841 966 
584 378 644 
585 712 486 
586 604 455 
587 958 689 
588 935 250 
589 825 896 
590 466 442 
591 712 51 
592 615 472 
593 954 56 
594 121 124 
595 630 574 
596 187 906 
597 652 389 
598 814 967 
599 490 213 
600 467 800 
601 163 679 
602 150 319 
603 819 827 
604 51 740 
605 877 175 
606 795 932 
607 61 496 
608 598 560 
609 985 512 
610 460 228 
611 498 85 
612 455 10 
613 17 346 
614 904 666 
615 492 932 
616 250 833 
617 255 347 
618 316 28 
619 943 539 
620 815 895 
621 307 278 
622 335 862 
623 443 775 
624 839 286 
625 698 278 
626 397 25 
627 616 267 
628 12 813 
629 440 81 
630 377 392 
631 121 704 
632 421 986 
633 463 926 
634 840 247 
635 473 524 
636 111 832 
637 317 801 
638 988 932 
639 608 437 
640 924 680 
641 834 468 
642 303 16 
643 269 237 
644 944 592 
645 886 13 
646 235 308 
647 365 301 
648 710 297 
649 599 69 
650 376 974 
651 163 795 
652 775 362 
653 801 764 
654 798 27 
655 477 806 
656 866 824 
657 955 928 
658 366 628 
659 765 190 
660 453 952 
661 784 396 
662 772 171 
663 13 111 
664 834 72 
665 251 611 
666 479 477 
667 9 644 
668 34 171 
669 897 316 
670 583 799 
671 744 437 
672 365 476 
673 314 900 
674 494 474 
675 931 867 
676 703 71 
677 616 722 
678 967 568 
679 596 257 
680 181 517 
681 231 227 
682 122 30 
683 720 938 
684 613 782 
685 483 52 
686 269 378 
687 341 887 
688 433 678 
689 100 654 
690 315 773 
691 612 552 
692 532 362 
693 4 289 
694 665 88 
695 215 759 
696 770 914 
697 671 955 
698 155 960 
699 747 274 
700 804 646 
701 353 296 
702 307 339 
703 167 432 
704 442 795 
705 131 177 
706 82 305 
707 451 304 
708 686 45 
709 391 366 
710 125 926 
711 34 927 
712 255 604 
713 127 103 
714 592 356 
715 871 456 
716 683 81 
717 817 828 
718 334 467 
719 67 579 
720 587 359 
721 885 234 
722 558 755 
723 973 728 
724 882 300 
725 220 990 
726 815 422 
727 8 731 
728 134 871 
729 627 729 
730 781 992 
731 288 831 
732 517 377 
733 445 980 
734 272 216 
735 636 181 
736 17 982 
737 556 547 
738 572 766 
739 893 508 
740 556 579 
741 961 468 
742 467 333 
743 709 880 
744 532 919 
745 23 406 
746 564 840 
747 601 12 
748 559 891 
749 347 292 
750 79 670 
751 927 505 
752 840 28 
753 326 530 
754 606 95 
755 896 239 
756 968 846 
757 561 228 
758 22 958 
759 774 225 
760 21 464 
761 751 659 
762 875 503 
763 135 99 
764 269 420 
765 670 369 
766 823 296 
767 520 389 
768 147 53 
769 605 897 
770 426 121 
771 825 270 
772 593 384 
773 679 258 
774 595 317 
775 111 643 
776 596 5 
777 487 627 
778 901 721 
779 517 879 
780 739 14 
781 738 350 
782 458 106 
783 249 458 
784 696 948 
785 967 830 
786 780 864 
787 989 357 
788 740 831 
789 185 650 
790 926 295 
791 843 770 
792 38 180 
793 99 706 
794 319 842 
795 807 293 
796 197 102 
797 178 638 
798 590 248 
799 657 735 
800 121 615 
801 575 964 
802 614 601 
803 400 511 
804 933 253 
805 314 89 
806 203 704 
807 127 617 
808 87 680 
809 71 876 
810 763 960 
811 899 225 
812 894 736 
813 980 895 
814 686 823 
815 682 654 
816 867 984 
817 944 687 
818 318 336 
819 549 905 
820 336 88 
821 614 921 
822 367 386 
823 830 469 
824 355 252 
825 647 893 
826 479 660 
827 698 742 
828 595 975 
829 723 877 
830 759 19 
831 840 820 
832 129 165 
833 152 508 
834 935 983 
835 344 247 
836 832 10 
837 200 752 
838 549 300 
839 901 474 
840 38 437 
841 912 465 
842 374 740 
843 531 481 
844 336 937 
845 259 594 
846 667 711 
847 480 68 
848 977 288 
849 74 781 
850 702 836 
851 710 692 
852 203 552 
853 38 561 
854 121 151 
855 895 571 
856 379 400 
857 644 757 
858 29 755 
859 543 774 
860 489 201 
861 104 675 
862 592 607 
863 446 780 
864 781 534 
865 666 104 
866 853 75 
867 163 877 
868 251 414 
869 531 824 
870 696 441 
871 897 301 
872 287 775 
873 592 524 
874 815 310 
875 517 160 
876 97 474 
877 742 989 
878 793 40 
879 597 277 
880 770 916 
881 443 527 
882 50 871 
883 50 838 
884 381 576 
885 307 625 
886 733 117 
887 78 356 
888 926 615 
889 392 410 
890 488 184 
891 567 812 
892 814 914 
893 529 227 
894 283 357 
895 442 702 
896 4 12 
897 131 32 
898 184 468 
899 952 514 
900 532 346 
901 442 640 
902 396 800 
903 227 363 
904 588 420 
905 385 395 
906 964 310 
907 233 878 
908 570 755 
909 157 345 
910 25 202 
911 440 153 
912 415 339 
913 621 119 
914 156 447 
915 616 30 
916 398 912 
917 228 370 
918 666 397 
919 916 415 
920 892 842 
921 837 51 
922 384 586 
923 424 145 
924 274 786 
925 590 203 
926 359 916 
927 195 11 
928 974 316 
929 213 358 
930 161 203 
931 478 149 
932 813 125 
933 309 522 
934 105 753 
935 652 123 
936 84 421 
937 826 838 
938 63 139 
939 375 514 
940 113 59 
941 576 693 
942 161 246 
943 841 935 
944 54 701 
945 183 66 
946 115 428 
947 648 973 
948 374 551 
949 25 995 
950 127 391 
951 7 421 
952 134 640 
953 354 617 
954 213 762 
955 59 252 
956 589 571 
957 207 379 
958 892 53 
959 251 818 
960 251 841 
961 911 640 
962 294 639 
963 711 807 
964 229 633 
965 180 739 
966 560 771 
967 618 943 
968 703 609 
969 834 846 
970 478 462 
971 440 708 
972 224 531 
973 999 498 
974 971 268 
975 344 752 
976 881 931 
977 281 954 
978 591 632 
979 842 226 
980 93 830 
981 650 246 
982 582 810 
983 809 341 
984 610 874 
985 919 411 
986 367 584 
987 697 990 
988 879 426 
989 316 173 
990 82 88 
991 721 20 
992 531 449 
993 585 78 
994 857 649 
995 890 888 
996 444 339 
997 136 694 
998 743 559 
999 439 460 
1000 109 161 
1001 579 19 
1002 851 694 
1003 243 30 
1004 853 731 
1005 666 176 
1006 765 532 
1007 941 867 
1008 807 637 
1009 51 807 
1010 104 705 
1011 542 422 
1012 988 500 
1013 640 680 
1014 102 95 
1015 320 864 
1016 610 72 
1017 484 930 
1018 327 987 
1019 57 391 
1020 200 402 
1021 341 959 
1022 753 532 
1023 182 937 
1024 959 5 
1025 171 458 
1026 384 313 
1027 176 199 
1028 146 366 
1029 487 113 
1030 399 917 
1031 617 525 
1032 270 236 
1033 197 612 
1034 981 740 
1035 111 870 
1036 162 746 
1037 930 582 
1038 353 37 
1039 536 434 
1040 824 747 
1041 765 777 
1042 638 455 
1043 716 633 
1044 682 603 
1045 489 988 
1046 463 262 
1047 110 846 
1048 549 122 
1049 449 726 
1050 819 764 
1051 466 134 
1052 528 529 
1053 819 25 
1054 706 994 
1055 592 177 
1056 293 180 
1057 85 169 
1058 221 934 
1059 431 661 
1060 287 688 
1061 187 165 
1062 233 164 
1063 738 456 
1064 882 68 
1065 294 34 
1066 148 248 
1067 454 972 
1068 422 865 
1069 629 765 
1070 254 55 
1071 209 746 
1072 388 172 
1073 8 335 
1074 345 443 
1075 900 58 
1076 798 360 
1077 223 840 
1078 265 198 
1079 66 966 
1080 371 807 
1081 327 942 
1082 77 379 
1083 126 764 
1084 640 832 
1085 580 12 
1086 35 49 
1087 16 395 
1088 159 863 
1089 208 278 
1090 199 321 
1091 216 330 
1092 51 257 
1093 626 369 
1094 76 661 
1095 673 685 
1096 410 311 
1097 199 13 
1098 472 521 
1099 311 154 
1100 425 328 
1101 437 164 
1102 772 988 
1103 505 638 
1104 659 977 
1105 946 322 
1106 330 541 
1107 479 978 
1108 330 990 
1109 169 380 
1110 149 983 
1111 412 297 
1112 988 495 
1113 444 59 
1114 171 231 
1115 468 929 
1116 918 598 
1117 554 800 
1118 958 27 
1119 959 503 
1120 332 605 
1121 314 959 
1122 414 866 
1123 284 869 
1124 31 738 
1125 686 238 
1126 80 576 
1127 646 958 
1128 740 477 
1129 233 324 
1130 58 360 
1131 746 118 
1132 619 414 
1133 521 300 
1134 628 370 
1135 518 147 
1136 765 809 
1137 93 481 
1138 527 348 
1139 804 504 
1140 269 307 
1141 886 498 
1142 145 363 
1143 116 135 
1144 744 684 
1145 266 365 
1146 799 353 
1147 709 644 
1148 300 156 
1149 180 364 
1150 362 533 
1151 76 734 
1152 516 631 
1153 533 261 
1154 266 648 
1155 802 695 
1156 73 859 
1157 358 67 
1158 5 468 
1159 561 441 
1160 698 55 
1161 131 488 
1162 936 685 
1163 39 480 
1164 101 964 
1165 600 501 
1166 908 793 
1167 362 796 
1168 459 709 
1169 695 573 
1170 610 281 
1171 58 5 
1172 855 768 
1173 416 951 
1174 423 240 
1175 490 687 
1176 327 859 
1177 87 707 
1178 792 144 
1179 439 486 
1180 17 26 
1181 738 898 
1182 806 882 
1183 574 728 
1184 103 573 
1185 360 199 
1186 931 100 
1187 970 32 
1188 763 676 
1189 858 402 
1190 531 178 
1191 299 398 
1192 875 653 
1193 492 265 
1194 980 607 
1195 735 929 
1196 165 401 
1197 789 598 
1198 285 794 
1199 428 783 
1200 611 548 
1201 674 382 
1202 154 108 
1203 851 201 
1204 384 252 
1205 142 6 
1206 54 974 
1207 183 786 
1208 465 983 
1209 477 550 
1210 78 893 
1211 187 382 
1212 957 575 
1213 772 783 
1214 436 88 
1215 103 829 
1216 69 63 
1217 475 750 
1218 410 286 
1219 771 175 
1220 908 284 
1221 538 240 
1222 778 105 
1223 162 182 
1224 967 758 
1225 30 174 
1226 316 879 
1227 64 73 
1228 829 430 
1229 933 1000 
1230 680 413 
1231 324 677 
1232 991 776 
1233 893 115 
1234 551 212 
1235 550 948 
1236 225 872 
1237 105 437 
1238 989 351 
1239 433 399 
1240 15 62 
1241 387 901 
1242 314 392 
1243 298 501 
1244 344 236 
1245 354 485 
1246 324 767 
1247 326 644 
1248 374 476 
1249 750 826 
1250 229 573 
1251 768 20 
1252 196 964 
1253 118 736 
1254 91 50 
1255 648 377 
1256 430 59 
1257 896 224 
1258 178 844 
1259 228 903 
1260 203 475 
1261 521 803 
1262 356 386 
1263 314 142 
1264 286 31 
1265 456 181 
1266 761 362 
1267 699 157 
1268 152 635 
1269 447 45 
1270 302 400 
1271 706 168 
1272 367 217 
1273 529 489 
1274 370 520 
1275 315 291 
1276 866 744 
1277 93 220 
1278 444 721 
1279 988 518 
1280 867 108 
1281 129 978 
1282 318 257 
1283 966 913 
1284 451 475 
1285 423 632 
1286 732 77 
1287 532 263 
1288 640 620 
1289 346 198 
1290 29 600 
1291 938 396 
1292 489 903 
1293 497 982 
1294 760 584 
1295 430 505 
1296 408 953 
1297 971 356 
1298 808 38 
1299 291 812 
1300 191 487 
1301 201 429 
1302 633 252 
1303 65 146 
1304 531 783 
1305 312 922 
1306 792 206 
1307 277 303 
1308 124 828 
1309 755 204 
1310 901 835 
1311 311 210 
1312 322 393 
1313 460 15 
1314 828 60 
1315 846 940 
1316 465 322 
1317 435 321 
1318 87 585 
1319 941 895 
1320 781 376 
1321 653 265 
1322 293 880 
1323 170 336 
1324 230 643 
1325 398 146 
1326 798 199 
1327 89 662 
1328 229 735 
1329 615 143 
1330 189 79 
1331 540 67 
1332 477 329 
1333 208 734 
1334 12 721 
1335 278 56 
1336 658 385 
1337 334 279 
1338 458 314 
1339 690 818 
1340 396 624 
1341 158 92 
1342 376 312 
1343 888 897 
1344 413 601 
1345 311 120 
1346 999 700 
1347 1 309 
1348 134 169 
1349 564 218 
1350 347 239 
1351 85 577 
1352 422 192 
1353 535 89 
1354 66 47 
1355 532 90 
1356 130 639 
1357 695 734 
1358 789 785 
1359 25 7 
1360 581 49 
1361 922 471 
1362 950 542 
1363 392 671 
1364 273 300 
1365 131 840 
1366 80 280 
1367 721 256 
1368 892 383 
1369 204 505 
1370 218 539 
1371 641 324 
1372 860 483 
1373 613 221 
1374 467 38 
1375 608 675 
1376 571 236 
1377 515 294 
1378 287 497 
1379 685 765 
1380 763 335 
1381 225 292 
1382 480 215 
1383 796 583 
1384 281 179 
1385 602 909 
1386 557 147 
1387 952 315 
1388 486 178 
1389 348 707 
1390 622 724 
1391 384 322 
1392 297 422 
1393 622 59 
1394 981 818 
1395 469 307 
1396 309 374 
1397 738 690 
1398 382 288 
1399 10 874 
1400 777 8 
1401 155 472 
1402 671 178 
1403 890 484 
1404 123 918 
1405 695 166 
1406 432 638 
1407 14 439 
1408 243 155 
1409 862 705 
1410 108 12 
1411 340 844 
1412 22 37 
1413 522 262 
1414 630 712 
1415 24 94 
1416 336 226 
1417 660 886 
1418 28 964 
1419 462 850 
1420 472 580 
1421 324 569 
1422 239 448 
1423 885 183 
1424 847 399 
1425 249 164 
1426 208 612 
1427 53 485 
1428 617 944 
1429 613 605 
1430 516 26 
1431 729 551 
1432 577 693 
1433 34 899 
1434 385 734 
1435 518 35 
1436 729 641 
1437 166 752 
1438 294 615 
1439 761 510 
1440 175 598 
1441 530 249 
1442 254 413 
1443 557 170 
1444 81 946 
1445 711 306 
1446 429 323 
1447 322 993 
1448 298 845 
1449 871 595 
1450 657 668 
1451 654 305 
1452 697 703 
1453 90 471 
1454 153 87 
1455 328 271 
1456 153 36 
1457 325 954 
1458 361 700 
1459 615 406 
1460 987 825 
1461 796 784 
1462 852 158 
1463 127 39 
1464 269 30 
1465 801 187 
1466 96 568 
1467 187 168 
1468 814 571 
1469 562 787 
1470 701 634 
1471 99 687 
1472 783 20 
1473 246 724 
1474 702 348 
1475 480 70 
1476 443 71 
1477 56 725 
1478 165 311 
1479 755 790 
1480 63 523 
1481 346 901 
1482 466 88 
1483 457 365 
1484 130 97 
1485 187 526 
1486 573 446 
1487 641 650 
1488 45 124 
1489 569 132 
1490 399 265 
1491 155 389 
1492 804 490 
1493 375 797 
1494 501 827 
1495 834 882 
1496 923 218 
1497 640 919 
1498 452 736 
1499 619 476 
1500 26 461 
1501 585 302 
1502 917 895 
1503 203 348 
1504 665 950 
1505 778 277 
1506 146 488 
1507 949 808 
1508 547 492 
1509 765 186 
1510 511 269 
1511 609 126 
1512 551 45 
1513 773 980 
1514 249 83 
1515 709 321 
1516 362 395 
1517 848 30 
1518 442 488 
1519 264 960 
1520 957 736 
1521 13 843 
1522 394 484 
1523 321 739 
1524 565 602 
1525 950 553 
1526 615 2 
1527 276 135 
1528 581 609 
1529 279 168 
1530 742 757 
1531 380 991 
1532 117 318 
1533 580 466 
1534 559 125 
1535 130 730 
1536 214 756 
1537 446 338 
1538 452 521 
1539 372 730 
1540 731 249 
1541 726 263 
1542 681 165 
1543 726 232 
1544 34 371 
1545 784 368 
1546 917 339 
1547 300 139 
1548 416 532 
1549 921 246 
1550 224 595 
1551 909 816 
1552 152 159 
1553 153 415 
1554 434 204 
1555 273 224 
1556 772 891 
1557 698 679 
1558 130 210 
1559 620 111 
1560 162 925 
1561 334 414 
1562 756 576 
1563 480 952 
1564 391 263 
1565 804 239 
1566 649 133 
1567 30 508 
1568 135 677 
1569 27 300 
1570 250 873 
1571 693 554 
1572 115 661 
1573 268 741 
1574 877 766 
1575 441 309 
1576 504 484 
1577 460 752 
1578 470 265 
1579 733 867 
1580 190 421 
1581 191 103 
1582 231 112 
1583 232 826 
1584 350 858 
1585 366 495 
1586 440 187 
1587 868 3 
1588 507 986 
1589 121 253 
1590 886 484 
1591 361 793 
1592 753 972 
1593 101 488 
1594 104 209 
1595 278 488 
1596 9 424 
1597 255 108 
1598 940 734 
1599 872 192 
1600 634 602 
1601 679 931 
1602 214 278 
1603 497 104 
1604 921 504 
1605 662 395 
1606 618 329 
1607 442 461 
1608 418 745 
1609 575 604 
1610 652 972 
1611 440 835 
1612 27 645 
1613 777 209 
1614 287 438 
1615 66 816 
1616 375 105 
1617 346 508 
1618 186 958 
1619 456 525 
1620 329 234 
1621 773 763 
1622 900 88 
1623 693 294 
1624 756 38 
1625 613 615 
1626 432 527 
1627 70 447 
1628 666 968 
1629 887 34 
1630 89 722 
1631 481 582 
1632 825 683 
1633 843 870 
1634 943 568 
1635 742 726 
1636 302 283 
1637 59 466 
1638 120 437 
1639 481 839 
1640 350 505 
1641 523 390 
1642 856 637 
1643 709 872 
1644 96 197 
1645 39 779 
1646 120 446 
1647 154 776 
1648 604 300 
1649 999 429 
1650 538 344 
1651 247 798 
1652 430 705 
1653 941 267 
1654 658 877 
1655 24 37 
1656 699 845 
1657 476 67 
1658 30 491 
1659 712 604 
1660 73 528 
1661 963 952 
1662 855 614 
1663 544 704 
1664 683 751 
1665 584 574 
1666 246 777 
1667 694 537 
1668 427 694 
1669 285 561 
1670 639 164 
1671 702 220 
1672 158 397 
1673 438 371 
1674 952 364 
1675 228 453 
1676 27 461 
1677 448 957 
1678 554 455 
1679 23 98 
1680 491 778 
1681 403 715 
1682 703 87 
1683 464 349 
1684 658 832 
1685 545 218 
1686 218 260 
1687 760 912 
1688 148 943 
1689 996 195 
1690 169 588 
1691 381 672 
1692 112 1000 
1693 979 839 
1694 46 861 
1695 12 723 
1696 624 183 
1697 309 930 
1698 609 742 
1699 592 28 
1700 183 425 
1701 483 658 
1702 487 843 
1703 993 860 
1704 457 125 
1705 594 462 
1706 206 904 
1707 950 920 
1708 877 773 
1709 319 33 
1710 78 363 
1711 491 815 
1712 846 715 
1713 472 790 
1714 48 443 
1715 643 971 
1716 789 190 
1717 297 163 
1718 322 733 
1719 710 109 
1720 352 660 
1721 428 912 
1722 233 355 
1723 723 922 
1724 542 847 
1725 959 743 
1726 894 61 
1727 695 954 
1728 288 658 
1729 938 731 
1730 657 746 
1731 940 373 
1732 89 683 
1733 86 474 
1734 496 653 
1735 323 246 
1736 311 816 
1737 758 981 
1738 856 218 
1739 641 562 
1740 887 468 
1741 441 693 
1742 914 847 
1743 357 303 
1744 532 1000 
1745 149 261 
1746 71 502 
1747 24 207 
1748 543 716 
1749 421 332 
1750 676 199 
1751 691 156 
1752 736 269 
1753 36 785 
1754 831 992 
1755 796 835 
1756 867 726 
1757 199 79 
1758 287 934 
1759 128 467 
1760 996 497 
1761 151 464 
1762 743 643 
1763 114 373 
1764 771 933 
1765 396 708 
1766 451 208 
1767 322 243 
1768 944 991 
1769 354 497 
1770 392 609 
1771 335 74 
1772 968 26 
1773 103 841 
1774 8 326 
1775 789 938 
1776 860 17 
1777 538 937 
1778 388 486 
1779 207 682 
1780 217 313 
1781 989 158 
1782 183 851 
1783 806 694 
1784 306 50 
1785 524 695 
1786 801 2 
1787 686 491 
1788 688 612 
1789 980 80 
1790 153 482 
1791 288 455 
1792 650 484 
1793 436 315 
1794 633 914 
1795 122 131 
1796 508 838 
1797 566 230 
1798 190 372 
1799 856 146 
1800 492 202 
1801 294 1 
1802 549 702 
1803 758 289 
1804 583 649 
1805 553 143 
1806 975 38 
1807 84 791 
1808 176 46 
1809 927 402 
1810 581 547 
1811 128 300 
1812 225 487 
1813 170 160 
1814 155 904 
1815 414 163 
1816 624 746 
1817 564 218 
1818 561 986 
1819 923 689 
1820 627 955 
1821 596 265 
1822 573 774 
1823 749 21 
1824 371 546 
1825 457 18 
1826 225 30 
1827 332 224 
1828 68 583 
1829 765 33 
1830 163 627 
1831 20 172 
1832 539 416 
1833 370 630 
1834 575 865 
1835 88 927 
1836 766 166 
1837 80 420 
1838 263 120 
1839 40 350 
1840 71 518 
1841 797 615 
1842 371 6 
1843 835 804 
1844 265 235 
1845 331 467 
1846 617 303 
1847 405 218 
1848 145 638 
1849 349 49 
1850 117 104 
1851 34 518 
1852 862 272 
1853 841 476 
1854 689 477 
1855 464 830 
1856 280 588 
1857 871 797 
1858 54 624 
1859 113 500 
1860 788 880 
1861 383 716 
1862 593 459 
1863 182 281 
1864 806 778 
1865 967 664 
1866 350 953 
1867 484 443 
1868 524 92 
1869 3 563 
1870 224 163 
1871 82 41 
1872 90 890 
1873 554 369 
1874 287 559 
1875 345 451 
1876 976 104 
1877 519 991 
1878 743 984 
1879 930 892 
1880 957 990 
1881 349 101 
1882 407 747 
1883 667 650 
1884 631 134 
1885 506 406 
1886 351 981 
1887 98 554 
1888 544 698 
1889 276 341 
1890 832 735 
1891 439 774 
1892 690 224 
1893 622 960 
1894 672 148 
1895 918 432 
1896 451 927 
1897 811 718 
1898 771 263 
1899 146 14 
1900 978 521 
1901 689 802 
1902 154 816 
1903 219 766 
1904 231 73 
1905 888 655 
1906 247 749 
1907 593 392 
1908 686 252 
1909 744 67 
1910 990 755 
1911 445 425 
1912 892 537 
1913 990 974 
1914 726 420 
1915 734 140 
1916 480 931 
1917 742 170 
1918 789 695 
1919 682 104 
1920 395 267 
1921 858 914 
1922 543 805 
1923 600 159 
1924 576 672 
1925 169 20 
1926 200 983 
1927 820 346 
1928 940 176 
1929 624 977 
1930 748 803 
1931 83 503 
1932 998 134 
1933 908 498 
1934 541 574 
1935 282 13 
1936 15 244 
1937 566 594 
1938 525 945 
1939 706 636 
1940 195 736 
1941 869 752 
1942 303 326 
1943 439 360 
1944 254 408 
1945 990 411 
1946 834 698 
1947 356 437 
1948 408 735 
1949 391 358 
1950 733 298 
1951 72 961 
1952 1 264 
1953 511 859 
1954 748 391 
1955 387 878 
1956 20 623 
1957 664 898 
1958 841 684 
1959 609 583 
1960 168 61 
1961 693 97 
1962 363 660 
1963 341 215 
1964 409 738 
1965 779 482 
1966 874 447 
1967 359 871 
1968 515 282 
1969 907 738 
1970 448 987 
1971 542 31 
1972 935 291 
1973 774 749 
1974 473 428 
1975 830 850 
1976 644 843 
1977 751 301 
1978 83 822 
1979 771 116 
1980 119 547 
1981 517 130 
1982 78 615 
1983 131 524 
1984 602 768 
1985 605 129 
1986 149 344 
1987 568 420 
1988 992 70 
1989 259 839 
1990 403 274 
1991 467 14 
1992 502 341 
1993 290 725 
1994 798 803 
1995 546 150 
1996 508 446 
1997 599 483 
1998 415 920 
1999 674 548 
2000 354 165 
2001 169 710 
2002 480 746 
2003 76 569 
2004 43 550 
2005 427 420 
2006 876 659 
2007 876 222 
2008 508 937 
2009 928 11 
2010 529 888 
2011 869 658 
2012 461 567 
2013 206 992 
2014 657 934 
2015 14 267 
2016 966 588 
2017 283 372 
2018 780 46 
2019 903 585 
2020 83 909 
2021 203 390 
2022 510 739 
2023 220 544 
2024 793 265 
2025 831 877 
2026 263 680 
2027 472 524 
2028 846 930 
2029 262 533 
2030 598 268 
2031 323 676 
2032 804 931 
2033 543 447 
2034 157 487 
2035 468 897 
2036 341 1000 
2037 925 234 
2038 600 428 
2039 151 165 
2040 256 483 
2041 345 751 
2042 237 615 
2043 216 7 
2044 498 379 
2045 635 166 
2046 492 462 
2047 870 555 
2048 590 916 
2049 457 931 
2050 743 58 
2051 608 108 
2052 485 67 
2053 518 477 
2054 355 476 
2055 362 52 
2056 118 265 
2057 708 283 
2058 101 138 
2059 481 200 
2060 814 885 
2061 617 215 
2062 158 465 
2063 146 894 
2064 961 140 
2065 606 604 
2066 991 10 
2067 279 335 
2068 887 266 
2069 626 18 
2070 357 631 
2071 577 415 
2072 518 888 
2073 987 950 
2074 325 956 
2075 414 634 
2076 663 750 
2077 989 844 
2078 744 472 
2079 252 743 
2080 88 655 
2081 824 463 
2082 872 835 
2083 676 126 
2084 398 825 
2085 469 525 
2086 305 23 
2087 543 883 
2088 734 284 
2089 737 877 
2090 536 498 
2091 788 34 
2092 902 112 
2093 657 306 
2094 463 840 
2095 935 34 
2096 425 129 
2097 492 327 
2098 526 186 
2099 707 213 
2100 368 300 
2101 724 522 
2102 139 763 
2103 521 412 
2104 792 953 
2105 548 987 
2106 283 151 
2107 6 108 
2108 170 528 
2109 402 331 
2110 86 876 
2111 648 53 
2112 518 366 
2113 142 55 
2114 646 306 
2115 217 87 
2116 351 935 
2117 121 69 
2118 127 36 
2119 178 669 
2120 353 243 
2121 703 27 
2122 256 999 
2123 721 483 
2124 918 395 
2125 565 493 
2126 769 56 
2127 667 586 
2128 836 586 
2129 634 181 
2130 123 168 
2131 282 169 
2132 287 542 
2133 961 138 
2134 602 776 
2135 111 922 
2136 581 150 
2137 85 332 
2138 357 751 
2139 952 741 
2140 885 27 
2141 412 875 
2142 172 601 
2143 115 197 
2144 183 769 
2145 77 965 
2146 25 303 
2147 369 38 
2148 262 60 
2149 865 694 
2150 311 483 
2151 107 993 
2152 96 5 
2153 332 503 
2154 446 754 
2155 760 475 
2156 308 109 
2157 804 193 
2158 20 290 
2159 53 236 
2160 194 574 
2161 297 345 
2162 188 507 
2163 922 963 
2164 134 879 
2165 619 356 
2166 251 312 
2167 51 820 
2168 805 278 
2169 151 321 
2170 581 556 
2171 420 980 
2172 910 389 
2173 314 283 
2174 548 935 
2175 580 145 
2176 298 103 
2177 187 726 
2178 489 369 
2179 402 604 
2180 941 73 
2181 565 175 
2182 928 211 
2183 683 40 
2184 114 259 
2185 426 279 
2186 80 258 
2187 617 786 
2188 505 687 
2189 160 742 
2190 392 93 
2191 892 680 
2192 460 342 
2193 896 121 
2194 379 540 
2195 213 844 
2196 684 279 
2197 705 589 
2198 644 785 
2199 110 472 
2200 177 626 
2201 377 611 
2202 986 56 
2203 27 881 
2204 391 502 
2205 492 580 
2206 885 432 
2207 411 559 
2208 514 513 
2209 706 957 
2210 750 369 
2211 510 504 
2212 434 262 
2213 909 242 
2214 779 557 
2215 304 377 
2216 662 661 
2217 840 275 
2218 488 577 
2219 508 143 
2220 237 992 
2221 1000 387 
2222 454 987 
2223 98 879 
2224 752 578 
2225 358 246 
2226 415 979 
2227 178 940 
2228 810 632 
2229 875 224 
2230 759 443 
2231 518 807 
2232 79 41 
2233 267 530 
2234 916 649 
2235 859 382 
2236 111 840 
2237 658 94 
2238 415 426 
2239 727 279 
2240 748 230 
2241 57 232 
2242 969 766 
2243 628 763 
2244 239 506 
2245 673 244 
2246 966 792 
2247 275 542 
2248 790 242 
2249 606 580 
2250 172 29 
2251 58 75 
2252 233 553 
2253 437 9 
2254 292 553 
2255 166 41 
2256 128 225 
2257 213 935 
2258 808 823 
2259 841 802 
2260 790 256 
2261 746 211 
2262 963 928 
2263 932 417 
2264 713 28 
2265 13 710 
2266 604 856 
2267 837 185 
2268 582 840 
2269 540 696 
2270 402 117 
2271 555 402 
2272 241 135 
2273 344 175 
2274 640 705 
2275 860 237 
2276 531 14 
2277 249 688 
2278 738 909 
2279 221 532 
2280 993 323 
2281 36 530 
2282 846 198 
2283 634 133 
2284 764 874 
2285 117 584 
2286 148 506 
2287 432 462 
2288 603 972 
2289 532 957 
2290 94 17 
2291 122 567 
2292 58 511 
2293 284 879 
2294 608 445 
2295 953 501 
2296 261 939 
2297 871 558 
2298 64 308 
2299 914 211 
2300 413 337 
2301 411 955 
2302 286 211 
2303 68 936 
2304 865 116 
2305 807 163 
2306 877 874 
2307 126 461 
2308 254 321 
2309 438 724 
2310 16 780 
2311 413 334 
2312 80 152 
2313 906 940 
2314 725 445 
2315 243 678 
2316 174 194 
2317 449 727 
2318 13 308 
2319 73 573 
2320 753 354 
2321 140 319 
2322 33 648 
2323 109 83 
2324 628 134 
2325 650 523 
2326 534 269 
2327 260 907 
2328 157 838 
2329 689 770 
2330 498 654 
2331 665 419 
2332 274 705 
2333 301 607 
2334 92 522 
2335 403 592 
2336 53 100 
2337 838 828 
2338 231 352 
2339 947 300 
2340 768 796 
2341 150 321 
2342 871 988 
2343 715 530 
2344 353 992 
2345 904 771 
2346 849 34 
2347 583 222 
2348 543 162 
2349 386 39 
2350 143 8 
2351 479 662 
2352 506 252 
2353 731 54 
2354 778 77 
2355 3 837 
2356 670 373 
2357 61 280 
2358 429 382 
2359 661 29 
2360 16 924 
2361 811 924 
2362 8 149 
2363 554 674 
2364 447 465 
2365 244 883 
2366 690 850 
2367 432 379 
2368 579 592 
2369 446 290 
2370 502 948 
2371 729 322 
2372 761 871 
2373 27 414 
2374 878 646 
2375 31 944 
2376 893 828 
2377 175 591 
2378 90 228 
2379 517 980 
2380 95 177 
2381 415 471 
2382 834 93 
2383 84 747 
2384 438 170 
2385 610 378 
2386 599 608 
2387 98 262 
2388 519 148 
2389 860 542 
2390 510 745 
2391 52 185 
2392 486 925 
2393 542 866 
2394 476 203 
2395 405 39 
2396 498 960 
2397 71 456 
2398 682 596 
2399 212 809 
2400 261 879 
2401 909 244 
2402 570 334 
2403 378 862 
2404 186 721 
2405 260 364 
2406 15 458 
2407 481 546 
2408 917 91 
2409 941 895 
2410 297 892 
2411 189 801 
2412 390 593 
2413 815 88 
2414 54 500 
2415 910 818 
2416 813 20 
2417 578 411 
2418 362 441 
2419 556 542 
2420 607 66 
2421 151 412 
2422 407 525 
2423 993 343 
2424 951 346 
2425 760 780 
2426 101 437 
2427 842 580 
2428 173 431 
2429 125 885 
2430 243 272 
2431 822 425 
2432 730 395 
2433 773 259 
2434 195 93 
2435 700 929 
2436 585 267 
2437 736 226 
2438 945 63 
2439 673 502 
2440 584 134 
2441 340 508 
2442 292 58 
2443 439 892 
2444 556 527 
2445 476 18 
2446 396 884 
2447 223 539 
2448 576 113 
2449 546 160 
2450 945 871 
2451 264 684 
2452 118 351 
2453 341 187 
2454 322 779 
2455 140 865 
2456 611 923 
2457 211 755 
2458 563 62 
2459 937 366 
2460 783 166 
2461 240 147 
2462 421 293 
2463 934 428 
2464 138 449 
2465 805 686 
2466 321 90 
2467 785 554 
2468 856 84 
2469 98 330 
2470 37 814 
2471 943 204 
2472 237 77 
2473 51 430 
2474 621 701 
2475 388 462 
2476 842 190 
2477 381 388 
2478 938 863 
2479 310 616 
2480 157 177 
2481 954 9 
2482 838 122 
2483 726 209 
2484 36 37 
2485 417 690 
2486 790 915 
2487 590 860 
2488 11 808 
2489 758 671 
2490 278 812 
2491 771 216 
2492 272 156 
2493 271 258 
2494 216 148 
2495 236 82 
2496 461 716 
2497 37 246 
2498 941 284 
2499 400 354 
2500 398 173 
2501 591 889 
2502 769 110 
2503 268 613 
2504 686 807 
2505 66 4 
2506 890 190 
2507 266 439 
2508 894 572 
2509 547 399 
2510 562 458 
2511 547 366 
2512 238 525 
2513 154 584 
2514 624 260 
2515 158 340 
2516 865 714 
2517 544 931 
2518 602 252 
2519 893 59 
2520 181 200 
2521 33 944 
2522 382 680 
2523 606 816 
2524 192 666 
2525 547 513 
2526 644 237 
2527 528 162 
2528 548 138 
2529 789 355 
2530 37 36 
2531 137 521 
2532 107 102 
2533 64 834 
2534 686 648 
2535 622 49 
2536 506 413 
2537 497 351 
2538 341 828 
2539 347 878 
2540 26 297 
2541 332 787 
2542 450 816 
2543 710 568 
2544 842 133 
2545 354 3 
2546 863 602 
2547 792 278 
2548 670 662 
2549 115 963 
2550 104 143 
2551 635 340 
2552 163 948 
2553 572 589 
2554 572 553 
2555 980 935 
2556 831 471 
2557 690 49 
2558 697 103 
2559 506 484 
2560 965 643 
2561 237 180 
2562 515 338 
2563 229 799 
2564 999 302 
2565 293 763 
2566 221 116 
2567 959 8 
2568 610 599 
2569 760 246 
2570 901 833 
2571 726 748 
2572 965 735 
2573 961 15 
2574 228 823 
2575 919 908 
2576 809 449 
2577 530 34 
2578 51 463 
2579 556 807 
2580 913 314 
2581 643 317 
2582 991 523 
2583 103 72 
2584 563 115 
2585 343 791 
2586 206 304 
2587 996 132 
2588 70 196 
2589 78 258 
2590 287 747 
2591 146 234 
2592 98 417 
2593 909 850 
2594 22 941 
2595 274 650 
2596 322 870 
2597 743 893 
2598 468 729 
2599 910 833 
2600 724 236 
2601 911 490 
2602 690 50 
2603 595 329 
2604 407 780 
2605 195 324 
2606 119 944 
2607 367 299 
2608 179 536 
2609 786 766 
2610 325 737 
2611 146 742 
2612 212 206 
2613 270 383 
2614 24 209 
2615 801 470 
2616 847 646 
2617 299 437 
2618 326 308 
2619 942 736 
2620 387 673 
2621 893 467 
2622 215 793 
2623 313 370 
2624 761 954 
2625 725 36 
2626 701 526 
2627 881 765 
2628 60 558 
2629 829 487 
2630 653 104 
2631 475 356 
2632 377 69 
2633 62 611 
2634 900 58 
2635 442 820 
2636 480 384 
2637 785 690 
2638 835 778 
2639 140 452 
2640 728 411 
2641 907 879 
2642 187 113 
2643 587 772 
2644 166 434 
2645 494 665 
2646 57 457 
2647 649 871 
2648 182 165 
2649 134 864 
2650 578 710 
2651 58 378 
2652 80 213 
2653 169 533 
2654 104 160 
2655 909 20 
2656 68 398 
2657 782 579 
2658 490 893 
2659 275 398 
2660 870 45 
2661 446 738 
2662 207 264 
2663 902 747 
2664 554 681 
2665 838 944 
2666 772 519 
2667 795 750 
2668 528 220 
2669 970 696 
2670 448 662 
2671 480 776 
2672 233 417 
2673 427 309 
2674 799 486 
2675 422 672 
2676 583 613 
2677 146 996 
2678 580 898 
2679 263 451 
2680 200 463 
2681 610 975 
2682 412 710 
2683 680 500 
2684 908 849 
2685 849 639 
2686 137 872 
2687 720 770 
2688 738 70 
2689 454 951 
2690 453 305 
2691 647 998 
2692 110 940 
2693 764 853 
2694 522 635 
2695 959 915 
2696 910 434 
2697 910 386 
2698 296 233 
2699 358 871 
2700 47 328 
2701 704 22 
2702 695 995 
2703 721 718 
2704 828 979 
2705 660 823 
2706 584 697 
2707 154 676 
2708 727 159 
2709 642 720 
2710 159 277 
2711 387 729 
2712 262 773 
2713 894 404 
2714 475 116 
2715 184 411 
2716 134 909 
2717 413 826 
2718 820 795 
2719 329 226 
2720 211 330 
2721 711 759 
2722 140 267 
2723 348 429 
2724 902 395 
2725 222 874 
2726 854 574 
2727 175 951 
2728 900 197 
2729 37 480 
2730 74 138 
2731 171 798 
2732 646 11 
2733 82 902 
2734 838 483 
2735 25 192 
2736 803 504 
2737 813 325 
2738 525 826 
2739 913 805 
2740 774 594 
2741 790 269 
2742 620 154 
2743 237 522 
2744 502 134 
2745 705 396 
2746 39 343 
2747 603 218 
2748 888 192 
2749 469 614 
2750 944 967 
2751 544 132 
2752 599 690 
2753 336 628 
2754 160 282 
2755 68 418 
2756 333 577 
2757 500 342 
2758 844 956 
2759 44 701 
2760 470 117 
2761 725 292 
2762 488 231 
2763 627 563 
2764 507 958 
2765 689 262 
2766 391 579 
2767 311 443 
2768 724 906 
2769 910 257 
2770 360 640 
2771 66 534 
2772 533 124 
2773 214 226 
2774 906 760 
2775 870 805 
2776 865 140 
2777 373 970 
2778 521 551 
2779 391 111 
2780 194 835 
2781 849 538 
2782 61 924 
2783 437 817 
2784 678 93 
2785 825 582 
2786 658 103 
2787 495 197 
2788 987 998 
2789 751 484 
2790 706 763 
2791 152 918 
2792 355 575 
2793 789 539 
2794 36 235 
2795 44 896 
2796 472 905 
2797 443 766 
2798 448 502 
2799 587 250 
2800 465 847 
2801 903 664 
2802 457 828 
2803 61 829 
2804 426 181 
2805 634 432 
2806 433 640 
2807 997 251 
2808 568 124 
2809 617 916 
2810 23 118 
2811 222 523 
2812 42 437 
2813 26 471 
2814 92 44 
2815 888 17 
2816 497 795 
2817 82 748 
2818 760 482 
2819 75 944 
2820 440 628 
2821 629 402 
2822 114 843 
2823 385 129 
2824 300 430 
2825 134 128 
2826 733 156 
2827 272 539 
2828 28 43 
2829 233 543 
2830 995 498 
2831 174 19 
2832 153 919 
2833 768 485 
2834 366 566 
2835 163 282 
2836 391 294 
2837 171 166 
2838 777 329 
2839 825 972 
2840 178 89 
2841 78 667 
2842 795 538 
2843 335 77 
2844 601 215 
2845 30 924 
2846 859 501 
2847 561 611 
2848 414 638 
2849 788 215 
2850 884 75 
2851 393 481 
2852 500 337 
2853 704 841 
2854 266 686 
2855 345 903 
2856 183 504 
2857 494 105 
2858 563 771 
2859 790 60 
2860 863 101 
2861 588 585 
2862 711 496 
2863 318 399 
2864 964 419 
2865 977 382 
2866 288 573 
2867 874 503 
2868 274 575 
2869 447 189 
2870 554 469 
2871 52 415 
2872 383 713 
2873 162 942 
2874 243 187 
2875 42 382 
2876 576 305 
2877 399 786 
2878 876 679 
2879 865 216 
2880 71 340 
2881 917 318 
2882 357 424 
2883 162 192 
2884 527 781 
2885 422 744 
2886 412 754 
2887 679 544 
2888 709 886 
2889 446 478 
2890 62 311 
2891 374 349 
2892 385 279 
2893 371 764 
2894 692 143 
2895 317 965 
2896 362 515 
2897 939 612 
2898 40 266 
2899 92 602 
2900 317 232 
2901 664 637 
2902 284 601 
2903 229 101 
2904 655 804 
2905 567 734 
2906 161 994 
2907 903 749 
2908 125 34 
2909 211 913 
2910 813 715 
2911 454 800 
2912 251 245 
2913 342 267 
2914 787 100 
2915 420 606 
2916 961 138 
2917 937 8 
2918 167 623 
2919 19 883 
2920 63 360 
2921 919 649 
2922 239 121 
2923 432 836 
2924 154 800 
2925 37 943 
2926 546 816 
2927 529 6 
2928 900 622 
2929 884 390 
2930 804 876 
2931 55 707 
2932 79 880 
2933 637 589 
2934 688 816 
2935 229 582 
2936 842 140 
2937 539 74 
2938 916 23 
2939 518 867 
2940 698 403 
2941 268 281 
2942 944 377 
2943 370 394 
2944 786 146 
2945 472 547 
2946 678 389 
2947 409 891 
2948 355 694 
2949 896 104 
2950 379 902 
2951 141 801 
2952 716 229 
2953 375 935 
2954 388 873 
2955 140 985 
2956 762 81 
2957 508 931 
2958 882 2 
2959 564 273 
2960 96 213 
2961 782 469 
2962 574 780 
2963 29 795 
2964 632 527 
2965 286 494 
2966 133 832 
2967 786 353 
2968 952 734 
2969 168 660 
2970 612 322 
2971 823 696 
2972 590 532 
2973 305 457 
2974 308 80 
2975 716 239 
2976 836 259 
2977 674 489 
2978 215 372 
2979 536 95 
2980 780 169 
2981 499 306 
2982 272 895 
2983 374 842 
2984 19 757 
2985 208 299 
2986 487 342 
2987 11 877 
2988 554 345 
2989 895 711 
2990 874 487 
2991 765 352 
2992 64 368 
2993 400 681 
2994 613 498 
2995 429 914 
2996 777 7 
2997 851 263 
2998 458 297 
2999 493 343 
3000 385 861 
3001 933 273 
3002 49 34 
3003 3 852 
3004 545 316 
3005 882 577 
3006 865 297 
3007 268 319 
3008 25 55 
3009 92 83 
3010 996 89 
3011 721 929 
3012 387 484 
3013 58 947 
3014 375 938 
3015 988 205 
3016 782 986 
3017 337 691 
3018 774 153 
3019 91 224 
3020 680 729 
3021 495 220 
3022 44 740 
3023 332 880 
3024 394 646 
3025 98 153 
3026 537 253 
3027 919 839 
3028 648 246 
3029 964 465 
3030 841 108 
3031 407 648 
3032 22 87 
3033 114 996 
3034 651 15 
3035 608 494 
3036 27 348 
3037 536 643 
3038 431 44 
3039 274 681 
3040 137 583 
3041 598 481 
3042 463 731 
3043 948 834 
3044 586 143 
3045 229 14 
3046 950 942 
3047 673 947 
3048 628 290 
3049 130 544 
3050 787 785 
3051 414 833 
3052 534 17 
3053 802 161 
3054 183 692 
3055 873 452 
3056 480 280 
3057 68 270 
3058 194 630 
3059 419 827 
3060 110 468 
3061 282 596 
3062 89 881 
3063 678 899 
3064 446 229 
3065 167 155 
3066 11 179 
3067 56 126 
3068 868 451 
3069 193 21 
3070 230 168 
3071 54 446 
3072 780 363 
3073 432 533 
3074 638 338 
3075 433 529 
3076 832 937 
3077 453 633 
3078 991 203 
3079 508 683 
3080 157 965 
3081 587 1 
3082 301 31 
3083 75 745 
3084 739 864 
3085 865 792 
3086 10 701 
3087 108 306 
3088 169 405 
3089 542 304 
3090 624 68 
3091 433 446 
3092 300 530 
3093 27 208 
3094 146 152 
3095 580 8 
3096 800 214 
3097 252 655 
3098 695 284 
3099 866 14 
3100 605 723 
3101 743 807 
3102 783 310 
3103 808 653 
3104 963 882 
3105 570 508 
3106 491 872 
3107 648 663 
3108 926 803 
3109 656 133 
3110 528 531 
3111 612 782 
3112 186 724 
3113 29 583 
3114 244 883 
3115 97 576 
3116 111 175 
3117 533 23 
3118 983 392 
3119 190 51 
3120 149 838 
3121 264 14 
3122 115 48 
3123 826 207 
3124 673 816 
3125 561 836 
3126 804 264 
3127 312 585 
3128 134 803 
3129 249 807 
3130 449 698 
3131 982 100 
3132 188 889 
3133 920 618 
3134 336 14 
3135 97 447 
3136 581 373 
3137 709 521 
3138 501 27 
3139 610 483 
3140 330 645 
3141 872 65 
3142 211 763 
3143 891 428 
3144 617 47 
3145 694 594 
3146 872 164 
3147 450 773 
3148 362 685 
3149 37 382 
3150 421 748 
3151 933 886 
3152 949 483 
3153 171 697 
3154 636 58 
3155 916 111 
3156 893 638 
3157 690 416 
3158 680 450 
3159 554 388 
3160 191 276 
3161 647 76 
3162 991 774 
3163 188 952 
3164 19 584 
3165 870 478 
3166 987 159 
3167 527 44 
3168 465 724 
3169 639 906 
3170 788 427 
3171 837 663 
3172 645 422 
3173 412 86 
3174 623 486 
3175 857 988 
3176 212 854 
3177 72 201 
3178 394 299 
3179 269 137 
3180 292 516 
3181 304 590 
3182 789 234 
3183 611 148 
3184 31 876 
3185 389 312 
3186 657 250 
3187 897 862 
3188 944 251 
3189 416 389 
3190 804 189 
3191 42 865 
3192 875 384 
3193 732 846 
3194 43 728 
3195 252 563 
3196 17 174 
3197 744 266 
3198 231 361 
3199 4 499 
3200 697 190 
3201 410 688 
3202 912 729 
3203 707 88 
3204 696 447 
3205 956 451 
3206 388 722 
3207 604 719 
3208 393 32 
3209 321 77 
3210 784 64 
3211 515 307 
3212 725 689 
3213 720 583 
3214 997 713 
3215 415 652 
3216 972 824 
3217 744 708 
3218 228 231 
3219 48 587 
3220 490 839 
3221 770 179 
3222 74 818 
3223 57 250 
3224 162 864 
3225 474 580 
3226 836 191 
3227 870 413 
3228 534 803 
3229 734 247 
3230 611 118 
3231 295 389 
3232 476 372 
3233 988 378 
3234 177 581 
3235 995 977 
3236 233 296 
3237 664 482 
3238 482 712 
3239 405 141 
3240 82 581 
3241 963 358 
3242 124 770 
3243 610 645 
3244 414 103 
3245 20 728 
3246 862 987 
3247 368 528 
3248 85 71 
3249 875 869 
3250 564 305 
3251 865 175 
3252 627 652 
3253 976 938 
3254 17 416 
3255 413 508 
3256 797 860 
3257 312 119 
3258 426 621 
3259 931 742 
3260 954 456 
3261 960 989 
3262 42 732 
3263 104 161 
3264 666 861 
3265 487 561 
3266 552 495 
3267 405 376 
3268 202 632 
3269 736 120 
3270 345 191 
3271 565 269 
3272 30 79 
3273 941 347 
3274 588 10 
3275 628 4 
3276 557 220 
3277 469 378 
3278 289 237 
3279 616 269 
3280 769 466 
3281 974 18 
3282 889 386 
3283 620 873 
3284 251 864 
3285 226 441 
3286 121 481 
3287 480 562 
3288 730 315 
3289 382 422 
3290 30 967 
3291 337 493 
3292 373 877 
3293 566 419 
3294 681 283 
3295 111 992 
3296 492 634 
3297 2 869 
3298 443 742 
3299 769 454 
3300 210 591 
3301 236 224 
3302 722 48 
3303 130 928 
3304 773 828 
3305 431 5 
3306 778 904 
3307 751 795 
3308 828 920 
3309 929 389 
3310 845 450 
3311 511 750 
3312 311 449 
3313 81 396 
3314 315 999 
3315 609 42 
3316 395 483 
3317 961 601 
3318 721 747 
3319 344 170 
3320 827 461 
3321 724 522 
3322 454 616 
3323 802 762 
3324 79 50 
3325 785 514 
3326 729 789 
3327 220 610 
3328 792 579 
3329 661 149 
3330 556 698 
3331 327 642 
3332 673 783 
3333 645 760 
3334 947 315 
3335 926 397 
3336 255 612 
3337 729 939 
3338 661 75 
3339 637 816 
3340 770 965 
3341 273 664 
3342 361 328 
3343 75 561 
3344 305 340 
3345 236 427 
3346 394 435 
3347 776 690 
3348 417 94 
3349 819 649 
3350 452 630 
3351 303 917 
3352 999 444 
3353 34 907 
3354 204 229 
3355 381 863 
3356 704 590 
3357 911 826 
3358 186 640 
3359 479 975 
3360 64 711 
3361 401 562 
3362 138 861 
3363 639 877 
3364 815 142 
3365 97 513 
3366 22 407 
3367 792 197 
3368 845 968 
3369 940 198 
3370 485 20 
3371 405 195 
3372 943 721 
3373 870 204 
3374 855 184 
3375 973 679 
3376 87 114 
3377 303 78 
3378 287 332 
3379 897 48 
3380 519 937 
3381 746 178 
3382 711 931 
3383 204 626 
3384 974 742 
3385 401 648 
3386 902 161 
3387 850 946 
3388 585 161 
3389 898 514 
3390 709 476 
3391 97 926 
3392 426 471 
3393 76 811 
3394 845 421 
3395 930 735 
3396 525 516 
3397 114 698 
3398 962 589 
3399 792 616 
3400 133 408 
3401 926 550 
3402 306 850 
3403 63 110 
3404 499 748 
3405 871 8 
3406 191 33 
3407 686 799 
3408 919 108 
3409 707 502 
3410 376 779 
3411 973 525 
3412 756 716 
3413 61 980 
3414 587 450 
3415 815 170 
3416 904 452 
3417 119 498 
3418 166 474 
3419 121 947 
3420 33 341 
3421 688 531 
3422 304 674 
3423 240 743 
3424 192 931 
3425 360 937 
3426 741 402 
3427 398 847 
3428 345 939 
3429 718 308 
3430 399 685 
3431 926 669 
3432 833 980 
3433 585 746 
3434 261 654 
3435 435 190 
3436 558 759 
3437 227 357 
3438 471 716 
3439 60 418 
3440 906 561 
3441 318 922 
3442 615 599 
3443 699 808 
3444 672 670 
3445 203 22 
3446 153 810 
3447 936 709 
3448 365 589 
3449 718 601 
3450 147 881 
3451 330 331 
3452 519 800 
3453 451 828 
3454 661 578 
3455 230 267 
3456 361 98 
3457 491 908 
3458 522 118 
3459 869 342 
3460 397 736 
3461 879 142 
3462 221 126 
3463 106 157 
3464 343 795 
3465 971 979 
3466 28 303 
3467 57 366 
3468 848 26 
3469 396 947 
3470 584 112 
3471 369 288 
3472 761 314 
3473 426 395 
3474 778 569 
3475 218 699 
3476 547 151 
3477 814 225 
3478 207 844 
3479 647 674 
3480 493 954 
3481 245 764 
3482 285 885 
3483 189 562 
3484 533 402 
3485 386 182 
3486 259 459 
3487 402 282 
3488 309 5 
3489 295 587 
3490 636 70 
3491 982 659 
3492 895 982 
3493 972 682 
3494 124 81 
3495 860 687 
3496 585 285 
3497 398 320 
3498 225 639 
3499 986 852 
3500 962 405 
3501 233 585 
3502 474 679 
3503 572 784 
3504 426 62 
3505 742 521 
3506 115 417 
3507 772 739 
3508 853 465 
3509 61 740 
3510 103 112 
3511 541 186 
3512 696 554 
3513 707 348 
3514 676 599 
3515 898 672 
3516 826 213 
3517 373 113 
3518 42 390 
3519 588 812 
3520 868 243 
3521 995 559 
3522 796 589 
3523 425 759 
3524 601 723 
3525 230 997 
3526 892 733 
3527 669 317 
3528 278 796 
3529 977 298 
3530 42 156 
3531 404 705 
3532 522 383 
3533 578 504 
3534 750 654 
3535 605 187 
3536 431 231 
3537 194 843 
3538 537 382 
3539 736 763 
3540 975 321 
3541 545 16 
3542 664 645 
3543 848 860 
3544 23 590 
3545 594 600 
3546 592 359 
3547 562 852 
3548 446 710 
3549 717 180 
3550 186 563 
3551 452 32 
3552 22 469 
3553 223 216 
3554 864 665 
3555 190 650 
3556 50 16 
3557 435 986 
3558 126 827 
3559 547 44 
3560 6 606 
3561 948 217 
3562 169 718 
3563 313 100 
3564 914 520 
3565 568 936 
3566 131 16 
3567 524 56 
3568 391 459 
3569 222 514 
3570 92 281 
3571 334 753 
3572 487 210 
3573 800 901 
3574 778 588 
3575 146 345 
3576 808 110 
3577 842 481 
3578 842 12 
3579 388 902 
3580 626 384 
3581 208 896 
3582 356 745 
3583 90 687 
3584 684 467 
3585 251 757 
3586 194 651 
3587 389 235 
3588 50 628 
3589 604 919 
3590 936 827 
3591 264 279 
3592 25 219 
3593 807 557 
3594 493 958 
3595 71 62 
3596 921 673 
3597 97 192 
3598 49 803 
3599 209 152 
3600 74 946 
3601 226 630 
3602 276 890 
3603 207 621 
3604 759 26 
3605 675 827 
3606 197 636 
3607 658 417 
3608 349 465 
3609 825 175 
3610 648 415 
3611 576 704 
3612 468 361 
3613 512 381 
3614 998 73 
3615 598 176 
3616 100 828 
3617 415 103 
3618 41 570 
3619 223 315 
3620 217 192 
3621 690 797 
3622 260 44 
3623 691 860 
3624 744 397 
3625 994 765 
3626 366 572 
3627 504 103 
3628 687 666 
3629 959 825 
3630 48 8 
3631 685 43 
3632 136 413 
3633 799 830 
3634 498 592 
3635 593 137 
3636 405 506 
3637 659 145 
3638 657 982 
3639 136 227 
3640 837 792 
3641 152 329 
3642 188 896 
3643 285 784 
3644 717 530 
3645 531 746 
3646 665 331 
3647 441 148 
3648 808 545 
3649 44 718 
3650 76 751 
3651 730 202 
3652 55 380 
3653 251 723 
3654 25 807 
3655 196 699 
3656 761 617 
3657 550 833 
3658 964 951 
3659 859 886 
3660 124 227 
3661 480 122 
3662 320 670 
3663 54 272 
3664 9 972 
3665 347 995 
3666 988 827 
3667 430 875 
3668 955 145 
3669 135 727 
3670 447 986 
3671 636 632 
3672 504 643 
3673 776 96 
3674 756 222 
3675 109 854 
3676 30 402 
3677 83 447 
3678 894 918 
3679 841 467 
3680 215 106 
3681 240 105 
3682 573 257 
3683 640 951 
3684 21 695 
3685 577 82 
3686 231 524 
3687 819 574 
3688 822 698 
3689 33 322 
3690 136 784 
3691 256 692 
3692 400 595 
3693 134 149 
3694 985 942 
3695 942 72 
3696 165 206 
3697 800 316 
3698 260 325 
3699 764 731 
3700 592 753 
3701 831 886 
3702 53 295 
3703 278 208 
3704 790 641 
3705 367 604 
3706 610 242 
3707 808 427 
3708 806 594 
3709 439 622 
3710 700 955 
3711 440 220 
3712 81 966 
3713 341 344 
3714 500 346 
3715 127 155 
3716 665 362 
3717 179 793 
3718 702 26 
3719 248 643 
3720 733 670 
3721 301 352 
3722 640 87 
3723 712 256 
3724 579 931 
3725 408 63 
3726 691 711 
3727 900 891 
3728 829 276 
3729 404 634 
3730 137 20 
3731 213 290 
3732 588 839 
3733 659 798 
3734 965 46 
3735 790 514 
3736 199 939 
3737 607 764 
3738 477 323 
3739 12 7 
3740 397 34 
3741 119 669 
3742 931 481 
3743 749 864 
3744 926 230 
3745 874 469 
3746 823 72 
3747 953 237 
3748 637 996 
3749 145 257 
3750 990 697 
3751 764 418 
3752 440 278 
3753 953 155 
3754 710 163 
3755 57 707 
3756 470 394 
3757 830 987 
3758 127 787 
3759 431 576 
3760 303 822 
3761 849 277 
3762 682 57 
3763 960 216 
3764 520 702 
3765 171 135 
3766 29 455 
3767 501 231 
3768 700 49 
3769 975 569 
3770 165 522 
3771 378 585 
3772 3 97 
3773 611 229 
3774 531 625 
3775 928 166 
3776 630 481 
3777 839 878 
3778 79 867 
3779 693 886 
3780 296 23 
3781 403 490 
3782 599 107 
3783 981 108 
3784 62 681 
3785 229 538 
3786 224 757 
3787 548 229 
3788 199 785 
3789 16 847 
3790 91 47 
3791 169 192 
3792 677 539 
3793 406 868 
3794 169 995 
3795 389 796 
3796 986 283 
3797 743 480 
3798 487 489 
3799 1 838 
3800 755 474 
3801 215 130 
3802 547 199 
3803 523 419 
3804 704 752 
3805 635 365 
3806 180 331 
3807 881 415 
3808 425 992 
3809 196 187 
3810 613 436 
3811 699 766 
3812 538 408 
3813 602 244 
3814 66 550 
3815 85 409 
3816 903 128 
3817 985 670 
3818 96 356 
3819 906 526 
3820 536 336 
3821 631 363 
3822 185 454 
3823 722 618 
3824 918 204 
3825 411 696 
3826 718 875 
3827 556 399 
3828 187 193 
3829 95 786 
3830 506 693 
3831 316 41 
3832 550 311 
3833 415 392 
3834 693 305 
3835 702 530 
3836 348 870 
3837 799 830 
3838 326 110 
3839 448 891 
3840 559 139 
3841 265 766 
3842 856 43 
3843 155 420 
3844 883 314 
3845 900 558 
3846 653 915 
3847 690 321 
3848 315 130 
3849 117 366 
3850 509 706 
3851 746 309 
3852 640 990 
3853 793 776 
3854 112 78 
3855 728 543 
3856 698 536 
3857 584 992 
3858 495 304 
3859 997 305 
3860 228 926 
3861 596 444 
3862 38 275 
3863 445 565 
3864 196 111 
3865 127 107 
3866 333 585 
3867 458 481 
3868 944 140 
3869 280 183 
3870 298 835 
3871 973 194 
3872 873 729 
3873 742 460 
3874 151 935 
3875 862 273 
3876 475 59 
3877 618 520 
3878 314 345 
3879 550 523 
3880 123 313 
3881 657 995 
3882 239 636 
3883 92 290 
3884 911 964 
3885 328 950 
3886 728 176 
3887 828 183 
3888 425 992 
3889 94 182 
3890 477 403 
3891 25 985 
3892 164 763 
3893 476 87 
3894 180 810 
3895 300 765 
3896 724 659 
3897 735 258 
3898 921 279 
3899 593 285 
3900 722 314 
3901 597 9 
3902 918 665 
3903 729 3 
3904 934 891 
3905 627 960 
3906 508 865 
3907 874 245 
3908 106 187 
3909 557 532 
3910 560 929 
3911 944 607 
3912 309 114 
3913 374 237 
3914 774 405 
3915 800 438 
3916 453 850 
3917 586 685 
3918 929 155 
3919 303 561 
3920 75 748 
3921 939 687 
3922 233 252 
3923 62 704 
3924 131 223 
3925 441 835 
3926 850 210 
3927 425 535 
3928 232 307 
3929 752 270 
3930 107 554 
3931 578 9 
3932 708 775 
3933 581 324 
3934 684 777 
3935 306 822 
3936 437 576 
3937 9 344 
3938 542 577 
3939 1 631 
3940 225 260 
3941 876 592 
3942 895 594 
3943 560 335 
3944 787 760 
3945 42 571 
3946 291 403 
3947 374 849 
3948 210 351 
3949 521 884 
3950 579 120 
3951 751 350 
3952 864 76 
3953 953 190 
3954 97 475 
3955 358 974 
3956 921 27 
3957 58 103 
3958 33 197 
3959 516 147 
3960 640 870 
3961 897 663 
3962 386 627 
3963 54 211 
3964 12 484 
3965 922 320 
3966 666 355 
3967 162 861 
3968 168 682 
3969 222 677 
3970 517 614 
3971 25 192 
3972 190 443 
3973 831 92 
3974 103 565 
3975 7 984 
3976 739 489 
3977 575 214 
3978 764 318 
3979 622 179 
3980 606 860 
3981 148 44 
3982 110 607 
3983 966 214 
3984 257 447 
3985 246 425 
3986 487 807 
3987 960 34 
3988 934 135 
3989 359 140 
3990 578 89 
3991 853 642 
3992 10 901 
3993 385 676 
3994 150 425 
3995 419 68 
3996 172 257 
3997 251 188 
3998 402 790 
3999 536 61 
4000 982 614 
4001 404 270 
4002 298 521 
4003 28 967 
4004 219 483 
4005 478 985 
4006 24 730 
4007 923 845 
4008 919 54 
4009 412 21 
4010 419 615 
4011 352 339 
4012 450 480 
4013 571 60 
4014 91 415 
4015 843 936 
4016 701 733 
4017 92 265 
4018 250 448 
4019 491 781 
4020 578 882 
4021 944 9 
4022 908 806 
4023 348 484 
4024 487 999 
4025 18 694 
4026 999 589 
4027 450 235 
4028 915 941 
4029 328 744 
4030 675 963 
4031 524 49 
4032 775 295 
4033 178 860 
4034 379 529 
4035 729 726 
4036 943 818 
4037 289 583 
4038 554 737 
4039 613 388 
4040 222 70 
4041 473 250 
4042 550 926 
4043 149 346 
4044 45 260 
4045 142 21 
4046 184 57 
4047 614 237 
4048 515 487 
4049 250 581 
4050 154 271 
4051 306 422 
4052 693 381 
4053 405 543 
4054 759 541 
4055 210 777 
4056 440 965 
4057 755 508 
4058 725 143 
4059 68 905 
4060 137 817 
4061 490 430 
4062 638 562 
4063 470 391 
4064 108 955 
4065 792 343 
4066 906 639 
4067 688 10 
4068 642 969 
4069 736 718 
4070 597 721 
4071 630 470 
4072 104 690 
4073 134 98 
4074 319 707 
4075 299 7 
4076 678 504 
4077 846 302 
4078 303 468 
4079 991 20 
4080 805 725 
4081 616 910 
4082 63 532 
4083 490 878 
4084 184 296 
4085 958 206 
4086 307 822 
4087 166 152 
4088 571 287 
4089 980 215 
4090 153 486 
4091 184 790 
4092 679 596 
4093 359 755 
4094 657 778 
4095 158 16 
4096 643 202 
4097 166 182 
4098 525 723 
4099 122 470 
4100 684 887 
4101 620 309 
4102 946 634 
4103 397 202 
4104 37 777 
4105 595 832 
4106 637 397 
4107 580 835 
4108 559 475 
4109 41 537 
4110 799 985 
4111 278 422 
4112 170 567 
4113 374 787 
4114 193 959 
4115 380 965 
4116 617 770 
4117 748 630 
4118 80 769 
4119 191 50 
4120 890 5 
4121 85 247 
4122 537 187 
4123 589 593 
4124 475 55 
4125 528 778 
4126 613 564 
4127 492 299 
4128 542 998 
4129 557 506 
4130 638 892 
4131 629 616 
4132 117 165 
4133 883 348 
4134 1000 446 
4135 394 865 
4136 286 461 
4137 32 850 
4138 136 309 
4139 879 558 
4140 719 830 
4141 377 419 
4142 568 232 
4143 340 531 
4144 442 900 
4145 229 589 
4146 576 695 
4147 912 322 
4148 218 564 
4149 894 134 
4150 966 333 
4151 263 190 
4152 348 542 
4153 727 444 
4154 287 742 
4155 925 987 
4156 327 154 
4157 38 425 
4158 35 800 
4159 401 305 
4160 131 301 
4161 539 154 
4162 76 611 
4163 482 440 
4164 45 859 
4165 527 997 
4166 583 643 
4167 69 603 
4168 409 779 
4169 846 392 
4170 936 906 
4171 396 615 
4172 238 256 
4173 836 671 
4174 938 216 
4175 775 906 
4176 981 605 
4177 971 692 
4178 733 509 
4179 199 366 
4180 106 861 
4181 323 198 
4182 893 563 
4183 669 677 
4184 929 338 
4185 880 964 
4186 241 302 
4187 151 500 
4188 705 492 
4189 288 737 
4190 457 21 
4191 691 402 
4192 772 167 
4193 441 895 
4194 823 1000 
4195 882 295 
4196 693 224 
4197 375 38 
4198 22 961 
4199 606 567 
4200 400 6 
4201 579 676 
4202 678 517 
4203 35 679 
4204 564 970 
4205 756 555 
4206 245 986 
4207 121 828 
4208 420 281 
4209 538 488 
4210 662 504 
4211 999 40 
4212 817 990 
4213 757 863 
4214 718 242 
4215 530 590 
4216 817 747 
4217 570 538 
4218 809 204 
4219 635 611 
4220 459 958 
4221 286 425 
4222 977 764 
4223 948 29 
4224 56 517 
4225 96 537 
4226 815 122 
4227 12 685 
4228 955 365 
4229 35 207 
4230 551 361 
4231 493 734 
4232 305 932 
4233 105 124 
4234 224 902 
4235 540 197 
4236 858 884 
4237 528 424 
4238 489 70 
4239 961 345 
4240 245 649 
4241 864 368 
4242 341 561 
4243 938 58 
4244 847 647 
4245 195 617 
4246 375 515 
4247 228 267 
4248 308 654 
4249 44 492 
4250 422 815 
4251 154 225 
4252 92 360 
4253 384 938 
4254 10 524 
4255 691 787 
4256 143 463 
4257 559 544 
4258 948 58 
4259 583 914 
4260 937 145 
4261 83 657 
4262 618 227 
4263 226 872 
4264 710 958 
4265 255 680 
4266 168 620 
4267 8 922 
4268 950 334 
4269 144 653 
4270 87 843 
4271 431 288 
4272 666 860 
4273 655 916 
4274 537 576 
4275 39 713 
4276 868 143 
4277 133 324 
4278 650 350 
4279 220 770 
4280 803 798 
4281 85 179 
4282 552 56 
4283 98 589 
4284 940 489 
4285 758 492 
4286 796 518 
4287 800 971 
4288 785 549 
4289 278 746 
4290 295 775 
4291 957 461 
4292 678 309 
4293 143 332 
4294 645 222 
4295 406 236 
4296 70 91 
4297 884 273 
4298 708 184 
4299 197 982 
4300 458 663 
4301 132 771 
4302 701 146 
4303 971 850 
4304 721 964 
4305 414 718 
4306 186 20 
4307 822 896 
4308 41 807 
4309 339 935 
4310 446 98 
4311 883 995 
4312 652 209 
4313 367 479 
4314 992 255 
4315 653 536 
4316 331 746 
4317 968 310 
4318 743 466 
4319 315 895 
4320 838 902 
4321 989 546 
4322 286 266 
4323 861 102 
4324 569 625 
4325 655 144 
4326 577 371 
4327 559 715 
4328 313 380 
4329 738 487 
4330 574 953 
4331 165 640 
4332 860 127 
4333 869 162 
4334 933 178 
4335 301 478 
4336 324 151 
4337 797 724 
4338 976 710 
4339 607 301 
4340 52 647 
4341 430 947 
4342 379 672 
4343 143 263 
4344 809 704 
4345 122 807 
4346 340 899 
4347 585 986 
4348 233 211 
4349 854 833 
4350 515 583 
4351 220 948 
4352 519 354 
4353 764 206 
4354 459 299 
4355 744 815 
4356 852 69 
4357 723 820 
4358 519 218 
4359 359 588 
4360 111 737 
4361 577 961 
4362 189 464 
4363 511 785 
4364 494 360 
4365 337 73 
4366 454 588 
4367 293 221 
4368 786 933 
4369 60 238 
4370 251 134 
4371 843 688 
4372 255 94 
4373 116 583 
4374 929 983 
4375 914 950 
4376 904 210 
4377 188 739 
4378 814 21 
4379 488 954 
4380 591 795 
4381 385 429 
4382 329 542 
4383 123 45 
4384 978 715 
4385 379 767 
4386 53 433 
4387 204 310 
4388 559 200 
4389 412 960 
4390 990 658 
4391 325 608 
4392 656 377 
4393 623 240 
4394 65 741 
4395 426 569 
4396 159 743 
4397 322 145 
4398 688 248 
4399 531 799 
4400 795 975 
4401 940 53 
4402 124 803 
4403 880 35 
4404 176 677 
4405 423 428 
4406 504 1000 
4407 435 199 
4408 835 376 
4409 694 141 
4410 852 717 
4411 449 233 
4412 795 602 
4413 320 481 
4414 735 582 
4415 921 208 
4416 737 711 
4417 187 517 
4418 396 597 
4419 338 171 
4420 832 226 
4421 121 62 
4422 501 812 
4423 977 935 
4424 997 285 
4425 461 588 
4426 330 799 
4427 768 71 
4428 175 407 
4429 694 185 
4430 419 757 
4431 896 179 
4432 360 797 
4433 275 369 
4434 849 53 
4435 480 372 
4436 649 291 
4437 53 434 
4438 769 307 
4439 290 547 
4440 905 74 
4441 337 371 
4442 160 410 
4443 412 279 
4444 199 498 
4445 826 574 
4446 391 240 
4447 892 781 
4448 547 790 
4449 954 839 
4450 920 167 
4451 235 272 
4452 752 92 
4453 649 100 
4454 694 272 
4455 491 928 
4456 44 772 
4457 308 68 
4458 521 247 
4459 41 708 
4460 926 14 
4461 319 634 
4462 535 156 
4463 762 66 
4464 15 318 
4465 67 698 
4466 116 222 
4467 465 947 
4468 921 753 
4469 24 784 
4470 530 335 
4471 279 938 
4472 938 831 
4473 939 533 
4474 137 493 
4475 433 307 
4476 410 529 
4477 137 755 
4478 552 452 
4479 542 254 
4480 184 945 
4481 970 454 
4482 17 478 
4483 494 618 
4484 424 126 
4485 806 618 
4486 272 613 
4487 195 20 
4488 735 471 
4489 195 537 
4490 116 149 
4491 179 832 
4492 445 341 
4493 980 108 
4494 573 197 
4495 651 652 
4496 945 851 
4497 219 607 
4498 539 916 
4499 941 353 
4500 776 895 
4501 911 967 
4502 541 397 
4503 795 931 
4504 895 512 
4505 798 508 
4506 335 173 
4507 513 470 
4508 331 487 
4509 228 545 
4510 130 697 
4511 926 640 
4512 840 576 
4513 353 681 
4514 583 379 
4515 899 652 
4516 327 304 
4517 295 897 
4518 668 468 
4519 346 683 
4520 917 718 
4521 953 491 
4522 157 856 
4523 415 906 
4524 258 595 
4525 997 742 
4526 987 583 
4527 602 336 
4528 959 764 
4529 770 856 
4530 184 71 
4531 235 454 
4532 471 292 
4533 714 814 
4534 321 149 
4535 36 247 
4536 158 628 
4537 121 728 
4538 178 235 
4539 914 367 
4540 228 509 
4541 947 672 
4542 309 872 
4543 668 78 
4544 203 842 
4545 985 377 
4546 755 565 
4547 762 676 
4548 228 665 
4549 684 217 
4550 912 748 
4551 38 420 
4552 574 960 
4553 576 585 
4554 714 401 
4555 590 226 
4556 375 57 
4557 90 505 
4558 115 11 
4559 759 599 
4560 432 296 
4561 930 911 
4562 882 753 
4563 531 689 
4564 564 425 
4565 874 862 
4566 21 390 
4567 804 445 
4568 385 733 
4569 548 33 
4570 130 655 
4571 990 991 
4572 53 291 
4573 575 311 
4574 129 721 
4575 648 142 
4576 505 464 
4577 345 853 
4578 571 661 
4579 475 571 
4580 65 162 
4581 398 90 
4582 365 358 
4583 273 912 
4584 594 78 
4585 431 68 
4586 629 744 
4587 486 738 
4588 842 575 
4589 764 69 
4590 267 344 
4591 458 544 
4592 867 48 
4593 610 602 
4594 577 920 
4595 693 235 
4596 552 694 
4597 309 807 
4598 75 57 
4599 777 294 
4600 910 368 
4601 471 918 
4602 704 944 
4603 563 934 
4604 868 681 
4605 830 943 
4606 222 179 
4607 362 153 
4608 187 434 
4609 561 343 
4610 889 323 
4611 326 696 
4612 325 490 
4613 635 811 
4614 820 482 
4615 633 478 
4616 577 672 
4617 391 11 
4618 749 44 
4619 673 112 
4620 557 140 
4621 345 353 
4622 277 775 
4623 635 652 
4624 666 675 
4625 395 465 
4626 118 516 
4627 425 20 
4628 708 50 
4629 260 929 
4630 994 549 
4631 5 922 
4632 367 232 
4633 618 623 
4634 42 647 
4635 283 635 
4636 706 366 
4637 497 767 
4638 924 871 
4639 322 726 
4640 471 695 
4641 74 909 
4642 868 607 
4643 819 540 
4644 104 818 
4645 245 164 
4646 699 175 
4647 232 455 
4648 963 389 
4649 926 271 
4650 954 789 
4651 254 148 
4652 407 857 
4653 603 110 
4654 712 120 
4655 555 739 
4656 397 498 
4657 955 877 
4658 423 710 
4659 160 819 
4660 239 190 
4661 152 891 
4662 435 139 
4663 599 121 
4664 675 595 
4665 253 854 
4666 106 339 
4667 533 527 
4668 632 235 
4669 369 441 
4670 540 37 
4671 945 902 
4672 207 440 
4673 970 511 
4674 707 79 
4675 75 334 
4676 315 442 
4677 170 391 
4678 284 534 
4679 157 483 
4680 777 94 
4681 709 952 
4682 460 837 
4683 997 976 
4684 792 878 
4685 792 699 
4686 244 266 
4687 576 644 
4688 850 373 
4689 83 974 
4690 213 750 
4691 152 97 
4692 9 305 
4693 16 285 
4694 172 587 
4695 991 561 
4696 834 641 
4697 641 281 
4698 134 118 
4699 553 458 
4700 900 999 
4701 285 906 
4702 221 612 
4703 477 225 
4704 801 501 
4705 11 910 
4706 16 478 
4707 324 992 
4708 268 337 
4709 500 474 
4710 846 647 
4711 240 649 
4712 169 834 
4713 237 133 
4714 20 658 
4715 502 626 
4716 704 362 
4717 970 258 
4718 41 126 
4719 468 960 
4720 194 532 
4721 340 259 
4722 241 139 
4723 491 518 
4724 170 396 
4725 772 200 
4726 47 612 
4727 509 629 
4728 36 476 
4729 309 200 
4730 952 69 
4731 583 547 
4732 664 619 
4733 901 309 
4734 758 165 
4735 360 990 
4736 55 173 
4737 139 498 
4738 667 938 
4739 432 488 
4740 709 696 
4741 386 637 
4742 641 401 
4743 441 658 
4744 749 666 
4745 548 863 
4746 160 372 
4747 153 114 
4748 720 238 
4749 104 480 
4750 960 724 
4751 942 895 
4752 334 166 
4753 909 237 
4754 842 910 
4755 368 73 
4756 58 367 
4757 475 644 
4758 706 39 
4759 865 163 
4760 633 874 
4761 800 212 
4762 607 531 
4763 752 307 
4764 899 806 
4765 17 408 
4766 345 151 
4767 385 854 
4768 568 193 
4769 500 730 
4770 690 828 
4771 862 270 
4772 164 246 
4773 212 697 
4774 517 205 
4775 33 149 
4776 300 558 
4777 380 357 
4778 450 709 
4779 223 137 
4780 254 873 
4781 506 672 
4782 815 971 
4783 846 176 
4784 52 499 
4785 717 12 
4786 455 975 
4787 910 307 
4788 1 697 
4789 480 937 
4790 431 444 
4791 500 764 
4792 721 763 
4793 356 293 
4794 851 438 
4795 450 505 
4796 285 626 
4797 761 260 
4798 133 843 
4799 416 905 
4800 637 624 
4801 605 839 
4802 958 508 
4803 430 523 
4804 915 668 
4805 858 86 
4806 139 674 
4807 862 988 
4808 470 685 
4809 764 520 
4810 560 507 
4811 534 623 
4812 972 476 
4813 880 112 
4814 696 228 
4815 580 388 
4816 494 252 
4817 174 743 
4818 890 629 
4819 631 379 
4820 335 363 
4821 504 606 
4822 53 826 
4823 540 64 
4824 693 264 
4825 840 59 
4826 605 111 
4827 47 462 
4828 662 820 
4829 37 808 
4830 522 297 
4831 837 742 
4832 652 419 
4833 526 569 
4834 256 873 
4835 96 103 
4836 465 34 
4837 820 788 
4838 65 121 
4839 306 164 
4840 779 456 
4841 892 672 
4842 116 670 
4843 152 11 
4844 976 183 
4845 875 576 
4846 57 198 
4847 944 810 
4848 835 833 
4849 407 255 
4850 667 25 
4851 83 762 
4852 741 445 
4853 972 660 
4854 196 730 
4855 675 150 
4856 940 881 
4857 948 253 
4858 611 725 
4859 381 906 
4860 326 239 
4861 941 93 
4862 897 752 
4863 96 485 
4864 654 722 
4865 703 991 
4866 727 811 
4867 836 217 
4868 630 455 
4869 707 778 
4870 801 770 
4871 764 504 
4872 835 391 
4873 356 837 
4874 229 327 
4875 163 926 
4876 396 281 
4877 953 65 
4878 916 666 
4879 250 115 
4880 235 922 
4881 529 484 
4882 568 795 
4883 832 16 
4884 137 462 
4885 205 362 
4886 132 36 
4887 992 366 
4888 525 69 
4889 256 244 
4890 431 921 
4891 6 868 
4892 478 689 
4893 738 258 
4894 32 833 
4895 921 864 
4896 724 604 
4897 200 250 
4898 882 108 
4899 18 242 
4900 298 588 
4901 941 136 
4902 401 68 
4903 435 94 
4904 54 913 
4905 429 998 
4906 411 366 
4907 841 224 
4908 639 531 
4909 124 19 
4910 712 32 
4911 938 735 
4912 278 542 
4913 50 909 
4914 754 458 
4915 943 532 
4916 141 159 
4917 633 865 
4918 493 311 
4919 323 266 
4920 770 365 
4921 13 335 
4922 511 154 
4923 857 533 
4924 876 187 
4925 42 992 
4926 417 123 
4927 449 213 
4928 300 658 
4929 634 849 
4930 875 74 
4931 635 282 
4932 230 921 
4933 732 720 
4934 643 784 
4935 585 518 
4936 813 463 
4937 773 915 
4938 454 770 
4939 713 656 
4940 209 508 
4941 986 814 
4942 437 703 
4943 457 493 
4944 564 526 
4945 267 363 
4946 82 815 
4947 369 23 
4948 80 15 
4949 818 217 
4950 599 427 
4951 852 176 
4952 450 665 
4953 305 31 
4954 117 778 
4955 22 309 
4956 466 876 
4957 623 471 
4958 426 839 
4959 854 276 
4960 992 92 
4961 67 686 
4962 865 981 
4963 669 48 
4964 344 693 
4965 839 336 
4966 510 141 
4967 254 58 
4968 638 704 
4969 14 798 
4970 351 276 
4971 83 927 
4972 138 806 
4973 581 689 
4974 563 216 
4975 813 742 
4976 565 1 
4977 557 157 
4978 798 825 
4979 68 736 
4980 682 615 
4981 135 577 
4982 995 90 
4983 747 32 
4984 853 176 
4985 622 339 
4986 464 566 
4987 773 35 
4988 911 973 
4989 168 399 
4990 469 877 
4991 658 439 
4992 239 201 
4993 653 398 
4994 636 870 
4995 746 301 
4996 402 657 
4997 126 944 
4998 186 629 
4999 936 504 
5000 779 221 
