npieces: 5000
capacity: 27095230
1 94563 68486 
2 73039 84847 
3 97165 73313 
4 70021 61606 
5 72326 20035 
6 18986 94428 
7 3398 1036 
8 94316 75062 
9 91043 34044 
10 95027 83789 
11 3188 33698 
12 45428 4134 
13 9040 78755 
14 44931 82671 
15 4596 33315 
16 25925 58135 
17 51395 12564 
18 76931 14027 
19 77511 44024 
20 95258 38377 
21 45590 41332 
22 48080 17186 
23 66673 47315 
24 53697 3601 
25 16678 51891 
26 55223 83731 
27 63701 91537 
28 26072 85698 
29 39791 36140 
30 96953 69842 
31 23962 24536 
32 38161 20390 
33 63665 51522 
34 90920 42352 
35 95368 12155 
36 16142 74372 
37 17582 82627 
38 70792 63191 
39 71851 65779 
40 9284 88185 
41 74441 53766 
42 12334 99020 
43 81038 79557 
44 94492 99168 
45 43111 82990 
46 35972 15437 
47 32193 17376 
48 5645 69836 
49 17649 12518 
50 77346 45619 
51 90452 79965 
52 37699 57483 
53 63408 54340 
54 97174 59343 
55 24505 26655 
56 33499 48194 
57 23375 37672 
58 59805 69901 
59 83845 55859 
60 19364 63061 
61 36285 82331 
62 79719 79509 
63 462 61966 
64 68958 11613 
65 57383 97362 
66 66390 45767 
67 78414 21811 
68 85374 49553 
69 71329 17355 
70 64734 17948 
71 45566 88460 
72 64680 35488 
73 96510 85197 
74 93894 29770 
75 22747 83182 
76 19123 45139 
77 34451 17865 
78 30118 14046 
79 90693 42199 
80 56904 18349 
81 43960 36220 
82 56839 17952 
83 13370 31601 
84 93379 33900 
85 27910 67276 
86 6053 88916 
87 72319 21134 
88 54064 87495 
89 24345 97225 
90 40975 41462 
91 66007 75339 
92 29262 77967 
93 28686 27179 
94 87045 65722 
95 16521 26415 
96 35823 36144 
97 678 76952 
98 1593 29555 
99 68477 83851 
100 4629 76175 
101 10017 86332 
102 42254 73995 
103 65727 63449 
104 79926 48907 
105 53476 17968 
106 87644 34501 
107 18715 64638 
108 3065 5885 
109 7251 65973 
110 18601 58784 
111 97854 94345 
112 5783 35738 
113 67638 26776 
114 52432 52948 
115 31099 30036 
116 56794 34733 
117 70776 53806 
118 69310 68148 
119 47683 78528 
120 95872 42175 
121 76386 98582 
122 8303 17835 
123 27499 39034 
124 51128 88881 
125 29124 38204 
126 82549 94209 
127 36393 14842 
128 38307 61374 
129 80556 11345 
130 7761 8310 
131 50615 88416 
132 28980 37180 
133 83309 85749 
134 80887 99459 
135 97422 82007 
136 95344 24857 
137 72729 83696 
138 84878 46365 
139 25132 60020 
140 47022 58015 
141 22471 61010 
142 38861 51027 
143 97326 48918 
144 33944 57554 
145 22541 33304 
146 85023 45613 
147 66230 3749 
148 7240 4526 
149 31269 36999 
150 71455 63469 
151 92325 95348 
152 79467 12107 
153 45420 1040 
154 69276 30255 
155 44289 41440 
156 73633 40315 
157 17150 59085 
158 93302 18378 
159 48464 1680 
160 70426 29960 
161 83739 37568 
162 14334 74893 
163 56603 49525 
164 28954 90584 
165 18789 14232 
166 59578 34021 
167 91532 75561 
168 20981 35082 
169 68223 10476 
170 56222 12500 
171 85679 88913 
172 15507 2520 
173 36751 44767 
174 1299 95128 
175 54612 85117 
176 68781 64149 
177 95836 19485 
178 22195 52044 
179 299 69285 
180 78733 5454 
181 14640 378 
182 87690 92447 
183 98534 86443 
184 690 15435 
185 62742 35991 
186 51670 91168 
187 24506 80061 
188 44713 17132 
189 61148 43934 
190 86504 73076 
191 45725 78833 
192 980 96653 
193 37938 10787 
194 69121 80187 
195 90761 40328 
196 79558 1412 
197 81225 26562 
198 29493 27600 
199 31991 44333 
200 23653 75712 
201 50421 11813 
202 11338 58951 
203 71301 29237 
204 85415 10825 
205 93867 42205 
206 34105 34863 
207 23952 1631 
208 64596 43844 
209 21091 92070 
210 62892 99280 
211 49530 11091 
212 86378 61134 
213 35894 35269 
214 55582 39755 
215 26468 7268 
216 4115 14910 
217 70432 24075 
218 15070 69150 
219 18260 87408 
220 71952 2469 
221 83614 93296 
222 84363 21023 
223 77168 82940 
224 2769 99566 
225 7697 44698 
226 23832 89406 
227 39265 13754 
228 40346 64672 
229 84505 60214 
230 4809 33605 
231 6801 22308 
232 84896 87225 
233 88923 33883 
234 25780 90041 
235 76428 61120 
236 18345 92690 
237 88987 94860 
238 33601 77144 
239 67874 57659 
240 85519 8767 
241 27810 18548 
242 93002 66074 
243 27843 79440 
244 41885 40526 
245 67192 95561 
246 84955 94993 
247 43329 14368 
248 74576 80548 
249 21322 81483 
250 31410 30955 
251 63793 19449 
252 97654 6565 
253 91685 46595 
254 84479 70156 
255 39273 30034 
256 40146 6123 
257 79384 69991 
258 8773 87319 
259 68611 14186 
260 86261 97355 
261 10966 65490 
262 40759 58628 
263 48056 525 
264 80774 45333 
265 31537 18990 
266 42523 9576 
267 84230 65329 
268 34651 87858 
269 22080 59499 
270 20074 2994 
271 67786 62834 
272 26621 50790 
273 92697 64774 
274 9965 34569 
275 13478 44796 
276 1640 90733 
277 59927 52293 
278 55041 10481 
279 66140 80415 
280 52423 25087 
281 13396 11639 
282 52788 90949 
283 90064 98618 
284 90108 82861 
285 65999 43607 
286 47365 45531 
287 83689 99090 
288 25589 58851 
289 29672 85735 
290 41959 58149 
291 94991 7225 
292 62232 17702 
293 97854 71991 
294 66238 95628 
295 26542 33865 
296 12471 71829 
297 76023 94653 
298 24287 63925 
299 53714 8968 
300 9340 22954 
301 34808 67003 
302 44404 33085 
303 67113 76420 
304 24190 64600 
305 29128 87166 
306 20182 61950 
307 37475 72150 
308 7689 97324 
309 48401 57530 
310 49840 46314 
311 89909 45568 
312 17818 59405 
313 66175 20625 
314 1122 45932 
315 72017 93136 
316 60480 31357 
317 350 75083 
318 9595 64844 
319 83246 24861 
320 63548 95863 
321 3295 41437 
322 80222 34505 
323 40934 47654 
324 4897 46321 
325 63891 44228 
326 87325 97214 
327 84530 53336 
328 11572 18233 
329 78158 95240 
330 96896 19519 
331 45040 85734 
332 6188 61306 
333 89413 97435 
334 2079 15131 
335 72765 73648 
336 84082 61814 
337 82128 77561 
338 89091 23001 
339 8475 49919 
340 12226 58954 
341 30088 24424 
342 62505 4573 
343 41420 90692 
344 47816 84271 
345 64233 67031 
346 28734 82753 
347 40404 16318 
348 46852 7476 
349 65073 51456 
350 96803 68510 
351 67002 57843 
352 48838 89415 
353 74302 46599 
354 37450 17219 
355 46503 85619 
356 6321 10923 
357 55796 57210 
358 45366 3482 
359 53956 83865 
360 30715 51169 
361 18132 9232 
362 76127 15047 
363 62912 43435 
364 64523 52609 
365 31078 11564 
366 99883 45706 
367 41992 17559 
368 82874 70463 
369 8719 48186 
370 96758 92761 
371 59373 71510 
372 25810 71272 
373 96667 63726 
374 5226 83497 
375 65569 14187 
376 40593 71236 
377 40820 51913 
378 66183 22244 
379 11577 65954 
380 54695 83603 
381 23112 62581 
382 60412 4306 
383 77131 80691 
384 70547 40914 
385 45510 96486 
386 41035 17042 
387 16817 60062 
388 12137 54677 
389 14785 42936 
390 44072 55231 
391 49285 47469 
392 72462 43244 
393 32203 93621 
394 69242 15373 
395 7362 31479 
396 91514 8224 
397 74043 18702 
398 77144 99466 
399 23785 52697 
400 72628 89044 
401 63783 34687 
402 97069 45376 
403 97592 40636 
404 67321 28902 
405 3274 74861 
406 57333 17039 
407 68148 47028 
408 98006 30797 
409 95902 10473 
410 22781 66773 
411 57376 16381 
412 82728 14234 
413 33347 6507 
414 50694 15623 
415 60259 77310 
416 66723 77657 
417 4406 3385 
418 12065 81719 
419 91430 28487 
420 57895 66414 
421 15866 91456 
422 16723 12685 
423 9267 4628 
424 21772 18490 
425 53618 44759 
426 94611 69072 
427 93559 55753 
428 39831 90774 
429 7684 33697 
430 30599 94684 
431 22143 84181 
432 72930 11476 
433 56823 22920 
434 47850 27627 
435 26270 94705 
436 3063 81987 
437 92309 22372 
438 15112 72750 
439 80485 20480 
440 77173 33225 
441 56201 76532 
442 27200 69651 
443 9450 46862 
444 5225 8520 
445 92130 70914 
446 9793 16990 
447 51713 7443 
448 70102 38715 
449 64430 49729 
450 78061 46801 
451 35557 69519 
452 92685 81752 
453 8863 88239 
454 46040 96070 
455 15279 1165 
456 341 17773 
457 4329 21877 
458 39528 57009 
459 58877 66050 
460 43652 31268 
461 55265 19300 
462 77463 62400 
463 77420 78636 
464 66531 41217 
465 45055 10167 
466 9996 68796 
467 36350 50069 
468 5837 14592 
469 4508 36117 
470 65381 16808 
471 25813 90255 
472 94735 53145 
473 84116 83341 
474 88048 75454 
475 1781 93718 
476 57930 86302 
477 45733 89241 
478 88493 24151 
479 41381 1235 
480 90156 15385 
481 77166 93886 
482 44045 55489 
483 14798 3542 
484 8250 53232 
485 83184 40712 
486 4021 44264 
487 9498 67801 
488 89961 18755 
489 92208 8816 
490 39899 57103 
491 59126 85473 
492 3551 13354 
493 72786 17687 
494 89415 86486 
495 89648 70621 
496 51446 72505 
497 82943 22794 
498 88595 10483 
499 69592 85479 
500 52217 59421 
501 77279 29533 
502 44427 2779 
503 74787 29696 
504 22149 64893 
505 12287 69874 
506 72526 63960 
507 69667 69589 
508 9353 41531 
509 22764 13009 
510 46474 71409 
511 97903 41054 
512 80517 44307 
513 99094 97807 
514 32643 82087 
515 13729 55323 
516 37134 44217 
517 67022 24745 
518 31884 97204 
519 2227 39671 
520 28680 92188 
521 79175 97607 
522 63531 32843 
523 84736 90631 
524 13386 44839 
525 16856 69243 
526 79257 49213 
527 90761 87145 
528 94781 95356 
529 6167 53889 
530 39295 41936 
531 52493 10919 
532 23453 83449 
533 97599 90719 
534 67866 11175 
535 71918 42931 
536 80822 27028 
537 28939 56164 
538 78008 14047 
539 66771 91978 
540 55815 23776 
541 88440 26122 
542 10904 34477 
543 29184 97875 
544 64738 55144 
545 80198 41941 
546 95085 60962 
547 1503 65535 
548 56329 57201 
549 66647 34771 
550 54427 80009 
551 82842 83240 
552 94226 49242 
553 69294 6491 
554 46104 76357 
555 78685 99220 
556 37956 34716 
557 50769 368 
558 44012 13141 
559 26104 28624 
560 41111 38763 
561 72039 71805 
562 16657 22642 
563 66523 27479 
564 77272 79061 
565 9466 93465 
566 595 80045 
567 14680 52714 
568 62882 88703 
569 52374 24130 
570 52528 74995 
571 71333 42454 
572 69157 59821 
573 18823 9955 
574 34872 55050 
575 46518 5875 
576 29186 40121 
577 21599 27407 
578 60429 86419 
579 24966 9666 
580 10892 51288 
581 91085 23045 
582 18148 59912 
583 36239 41292 
584 89160 37722 
585 2374 56268 
586 67234 53213 
587 30988 92039 
588 14413 92040 
589 70559 85974 
590 93408 6624 
591 35774 53457 
592 26373 97382 
593 19888 32318 
594 7879 6650 
595 58468 70708 
596 90601 24208 
597 57682 11915 
598 26580 37293 
599 21760 88099 
600 84489 65054 
601 76385 2029 
602 38996 37621 
603 77753 53369 
604 48065 11586 
605 29627 97597 
606 81449 70890 
607 32339 73342 
608 5092 27174 
609 71391 65438 
610 37442 81594 
611 50680 4195 
612 92117 65168 
613 65935 91584 
614 31078 72208 
615 95602 48834 
616 17064 47583 
617 83885 13785 
618 11914 36370 
619 87501 7809 
620 55397 59245 
621 20193 28172 
622 18453 14812 
623 92409 98925 
624 28069 67500 
625 69648 96292 
626 21091 92519 
627 68838 94081 
628 89554 15371 
629 69830 40727 
630 76991 38502 
631 4935 95870 
632 81131 34448 
633 51981 3460 
634 39398 29157 
635 46511 78066 
636 42205 3070 
637 59571 31703 
638 56650 84106 
639 48054 15443 
640 21514 5774 
641 42344 21378 
642 72941 7446 
643 63379 32739 
644 70278 7222 
645 67164 4067 
646 59073 86306 
647 66083 54507 
648 44116 16263 
649 85797 40931 
650 53806 11044 
651 84353 41601 
652 41325 50952 
653 75799 58706 
654 43500 41577 
655 77195 7588 
656 86392 15550 
657 40425 67310 
658 93604 73114 
659 65795 23356 
660 68563 18598 
661 41878 35194 
662 92754 41081 
663 77259 37341 
664 86408 39350 
665 7321 69993 
666 17189 28099 
667 2983 66594 
668 61720 21985 
669 41007 76914 
670 35325 65773 
671 76318 56019 
672 61907 60146 
673 98616 80538 
674 95500 89832 
675 53593 10401 
676 80029 36685 
677 93110 72432 
678 72885 22558 
679 52098 12903 
680 31563 92371 
681 36557 73 
682 93104 66836 
683 67750 30536 
684 99939 32892 
685 51745 95946 
686 36643 56808 
687 57587 91893 
688 63551 72252 
689 56314 32924 
690 23913 74547 
691 49978 12678 
692 9354 44288 
693 80226 5943 
694 59919 67558 
695 85005 41597 
696 85504 74448 
697 22213 84697 
698 52369 910 
699 78241 61384 
700 59538 6764 
701 39567 19534 
702 3233 98737 
703 52461 53118 
704 7968 85969 
705 15281 48487 
706 13728 53967 
707 88745 798 
708 29564 13811 
709 5501 43300 
710 4515 25540 
711 57424 62261 
712 55469 82850 
713 45509 92045 
714 47054 9826 
715 1053 10390 
716 71241 16999 
717 77631 19954 
718 21852 67449 
719 37841 49569 
720 90361 42949 
721 41379 27760 
722 3540 49681 
723 46603 91710 
724 27448 91002 
725 27242 17228 
726 32277 37900 
727 90382 44129 
728 86740 31229 
729 6225 91191 
730 69355 73158 
731 638 98437 
732 15403 18943 
733 52147 38122 
734 39222 24054 
735 50466 26259 
736 21679 49068 
737 55922 76969 
738 87338 42380 
739 58947 73178 
740 76898 4617 
741 94223 40866 
742 85161 8243 
743 37963 58614 
744 66554 7541 
745 34701 19756 
746 45994 31118 
747 44647 10410 
748 47101 31209 
749 62545 38602 
750 12949 6620 
751 45861 20999 
752 81862 92634 
753 83652 67528 
754 23556 75253 
755 1174 79909 
756 65662 78420 
757 77839 39802 
758 39364 23692 
759 10700 14599 
760 64035 9694 
761 98653 14401 
762 66577 42637 
763 94781 12121 
764 92707 57530 
765 21084 94055 
766 17373 91038 
767 5278 54611 
768 65569 43939 
769 8571 87775 
770 32648 7551 
771 57223 28564 
772 29903 56526 
773 76525 13384 
774 59753 32587 
775 90837 13545 
776 33522 71819 
777 56069 37193 
778 49347 42519 
779 53891 17157 
780 61665 90980 
781 62936 20820 
782 67568 30128 
783 25551 13736 
784 11270 16346 
785 37341 19364 
786 66490 19902 
787 64347 91835 
788 96890 31085 
789 32367 91040 
790 85500 56869 
791 26569 70000 
792 55820 86514 
793 2921 70488 
794 37125 75968 
795 98589 92643 
796 66235 7804 
797 39368 78532 
798 14644 31046 
799 6015 98909 
800 41047 76021 
801 70541 24138 
802 84540 22631 
803 83478 13165 
804 99011 28579 
805 3608 34231 
806 66721 28142 
807 34509 975 
808 26485 30278 
809 46829 18370 
810 50777 19614 
811 17169 45735 
812 38196 27254 
813 72338 20877 
814 79308 29173 
815 65488 83460 
816 32825 80486 
817 63246 26725 
818 52788 15822 
819 94875 76895 
820 95918 20486 
821 18540 64223 
822 99613 7480 
823 97476 95195 
824 82033 21402 
825 62965 47675 
826 5573 61666 
827 18560 34564 
828 86225 44677 
829 57593 94019 
830 36605 31121 
831 11046 72274 
832 1423 63939 
833 26182 51018 
834 62021 32261 
835 50190 53637 
836 4478 74312 
837 50702 22926 
838 10707 30810 
839 56051 54984 
840 54948 82947 
841 39430 82743 
842 17772 99394 
843 12017 27215 
844 54006 81567 
845 63777 53464 
846 57161 3277 
847 82150 51258 
848 13919 69630 
849 54552 39787 
850 58196 35906 
851 86292 15538 
852 82137 76158 
853 55332 57655 
854 41511 85189 
855 93565 81545 
856 17553 32502 
857 6754 74347 
858 6803 66801 
859 90533 17852 
860 80647 90615 
861 96398 75777 
862 99606 82301 
863 66676 54898 
864 81131 45356 
865 24488 11838 
866 37411 86873 
867 93617 95963 
868 21857 81084 
869 65489 4366 
870 84158 61615 
871 98503 18419 
872 23869 64453 
873 24174 5994 
874 22269 94084 
875 35939 88990 
876 63719 94080 
877 55908 76147 
878 59495 47510 
879 90419 75467 
880 99768 2370 
881 53657 82165 
882 20280 74525 
883 46280 68116 
884 65883 49462 
885 14841 80359 
886 95419 7915 
887 53044 3738 
888 18316 42693 
889 29902 23464 
890 99246 97294 
891 76781 65514 
892 77436 95408 
893 13479 17025 
894 83873 46027 
895 45800 90332 
896 1514 21042 
897 13137 23430 
898 76438 69922 
899 4958 82544 
900 80138 94784 
901 34592 6262 
902 81858 5326 
903 33609 80657 
904 13474 33002 
905 51943 52665 
906 5706 48836 
907 53415 84020 
908 38728 56857 
909 62651 57215 
910 80711 49008 
911 44982 78071 
912 71013 52657 
913 68851 21253 
914 61154 80957 
915 63286 78308 
916 32980 33806 
917 11658 73968 
918 65240 28811 
919 72138 67533 
920 34690 15048 
921 81019 89777 
922 50934 80056 
923 66710 66479 
924 32240 34032 
925 72324 12161 
926 71965 93338 
927 43009 56465 
928 90924 86194 
929 76163 72708 
930 83839 74017 
931 67028 81955 
932 65403 66387 
933 71931 58312 
934 47999 14711 
935 74650 18977 
936 62674 99475 
937 71344 63364 
938 67829 48321 
939 17597 78416 
940 81335 41833 
941 66566 81723 
942 77991 52508 
943 87247 91069 
944 66564 58411 
945 32965 44056 
946 37713 32930 
947 95006 98403 
948 196 88485 
949 57495 74705 
950 44509 63077 
951 71613 63011 
952 97652 24606 
953 3496 19719 
954 10923 48752 
955 99425 56810 
956 27075 11897 
957 52933 92929 
958 10986 96747 
959 20481 40112 
960 81393 32687 
961 58877 37078 
962 67036 84437 
963 43605 7861 
964 60787 53079 
965 94338 98753 
966 46998 30985 
967 7352 61797 
968 70573 9183 
969 89608 61932 
970 6268 63420 
971 44678 57106 
972 73334 81457 
973 63141 61160 
974 99785 62202 
975 26686 41054 
976 48439 33745 
977 61871 85712 
978 22533 11886 
979 9536 50896 
980 25259 15196 
981 23200 95340 
982 4428 56760 
983 44911 52251 
984 73984 1064 
985 62677 79497 
986 37165 33174 
987 8143 86300 
988 87061 55464 
989 60490 29827 
990 9224 43966 
991 28551 29690 
992 7033 54919 
993 31007 22940 
994 7215 49919 
995 90624 90598 
996 42898 39337 
997 84438 64420 
998 21573 46245 
999 26309 4570 
1000 23603 96431 
1001 35217 33521 
1002 47169 68820 
1003 40929 85948 
1004 48323 69297 
1005 39512 81318 
1006 3435 32746 
1007 13219 53753 
1008 84669 35747 
1009 20369 14445 
1010 61342 18335 
1011 66620 10060 
1012 2250 41938 
1013 53446 43454 
1014 36452 55397 
1015 48254 48054 
1016 8744 75078 
1017 29474 77752 
1018 44349 3177 
1019 31743 55973 
1020 39142 90144 
1021 77907 24549 
1022 40183 22546 
1023 77076 82575 
1024 87813 44827 
1025 53449 44280 
1026 66710 38815 
1027 20054 37909 
1028 61720 12588 
1029 75381 41007 
1030 19853 33035 
1031 93247 47555 
1032 55204 22562 
1033 9675 57234 
1034 42947 96938 
1035 4429 91916 
1036 65760 84392 
1037 78816 4724 
1038 41839 47531 
1039 94974 47728 
1040 21366 85825 
1041 57099 18255 
1042 46684 21653 
1043 66034 58199 
1044 80736 39465 
1045 70567 47114 
1046 16741 12748 
1047 76140 94388 
1048 7819 81016 
1049 303 73588 
1050 20761 85418 
1051 51952 28388 
1052 86998 41919 
1053 18209 38759 
1054 13752 73544 
1055 79590 77839 
1056 38963 88618 
1057 97691 2983 
1058 14483 18996 
1059 71157 15651 
1060 46149 26110 
1061 88257 9411 
1062 62575 46714 
1063 97032 69886 
1064 80192 90586 
1065 59252 93328 
1066 79330 13694 
1067 42988 83394 
1068 90508 66391 
1069 97083 58451 
1070 22900 16925 
1071 63311 80736 
1072 7458 43722 
1073 28606 13461 
1074 49919 49969 
1075 3362 23504 
1076 2988 14302 
1077 80133 47662 
1078 90575 54092 
1079 91384 85044 
1080 87625 43197 
1081 69693 91996 
1082 87139 96281 
1083 30372 72378 
1084 76998 22470 
1085 82418 10122 
1086 89353 68927 
1087 68382 72601 
1088 63877 52661 
1089 90870 91020 
1090 77221 23135 
1091 65246 97520 
1092 9369 16511 
1093 91352 54175 
1094 79306 31443 
1095 70111 27403 
1096 14504 25045 
1097 1293 6731 
1098 29406 46959 
1099 83101 23136 
1100 92359 47134 
1101 71179 45666 
1102 72602 98370 
1103 3351 67020 
1104 24929 21631 
1105 92424 91456 
1106 20360 32723 
1107 62093 10840 
1108 64944 1620 
1109 255 32618 
1110 27683 24901 
1111 58786 53207 
1112 32194 71413 
1113 26634 41009 
1114 53465 84085 
1115 69242 96935 
1116 33172 70740 
1117 22952 22894 
1118 5292 90713 
1119 78589 31181 
1120 52506 56635 
1121 7832 49061 
1122 24876 84896 
1123 67826 40411 
1124 45269 8464 
1125 30332 4484 
1126 82878 64374 
1127 57636 33964 
1128 49498 93875 
1129 21431 28770 
1130 69784 38750 
1131 47936 23076 
1132 51057 51260 
1133 3055 26210 
1134 18050 85496 
1135 48116 32785 
1136 22675 16383 
1137 38379 18127 
1138 8149 97786 
1139 9330 17902 
1140 95243 63593 
1141 41684 4896 
1142 32127 28665 
1143 35242 31933 
1144 68342 5346 
1145 19960 67059 
1146 35997 89375 
1147 59475 74250 
1148 30402 16362 
1149 41442 33074 
1150 15488 48307 
1151 21442 23276 
1152 17970 17597 
1153 58019 90355 
1154 27112 31574 
1155 85168 41381 
1156 42935 74001 
1157 94732 13361 
1158 63787 52514 
1159 92087 99199 
1160 48120 81045 
1161 90769 57110 
1162 11054 48203 
1163 8117 8174 
1164 97643 20562 
1165 3974 787 
1166 41418 55583 
1167 69000 42610 
1168 4921 14443 
1169 74437 55139 
1170 88872 57735 
1171 97008 4051 
1172 39773 9630 
1173 11654 22925 
1174 23109 84678 
1175 43344 85541 
1176 48229 961 
1177 61925 64897 
1178 41422 25174 
1179 63117 46244 
1180 71215 93864 
1181 93952 97176 
1182 62532 1360 
1183 12076 11286 
1184 53133 14011 
1185 21238 68469 
1186 31609 27522 
1187 19224 36590 
1188 6657 44482 
1189 40904 93320 
1190 90097 35096 
1191 53273 88132 
1192 10081 48347 
1193 72218 57415 
1194 2946 60053 
1195 15997 20351 
1196 59411 21823 
1197 84243 35252 
1198 6707 14968 
1199 57266 62157 
1200 72305 49570 
1201 83480 68476 
1202 28256 12314 
1203 48489 99239 
1204 84422 85618 
1205 37684 95348 
1206 68436 24044 
1207 70613 60976 
1208 66351 51349 
1209 68115 7484 
1210 72876 80987 
1211 21449 5780 
1212 33499 31565 
1213 97922 37309 
1214 5306 686 
1215 66365 6667 
1216 90795 71637 
1217 39889 28524 
1218 13280 57668 
1219 38729 52917 
1220 46834 62658 
1221 65744 86438 
1222 27312 22263 
1223 68424 31580 
1224 58901 68100 
1225 12212 39700 
1226 24850 65917 
1227 81910 24151 
1228 28619 45700 
1229 13843 52038 
1230 4574 21027 
1231 87154 42755 
1232 52125 65990 
1233 35 58841 
1234 64957 94770 
1235 85244 81962 
1236 46855 19622 
1237 95007 62963 
1238 74443 72941 
1239 1271 44669 
1240 82037 96700 
1241 86497 97731 
1242 55928 79470 
1243 46568 63259 
1244 56422 74906 
1245 28264 80963 
1246 82914 36589 
1247 35956 64490 
1248 36684 36682 
1249 31156 12984 
1250 76155 14651 
1251 24998 12250 
1252 25450 36466 
1253 55108 74542 
1254 96457 90208 
1255 64966 78535 
1256 34452 10417 
1257 72510 18174 
1258 49152 96354 
1259 3106 1557 
1260 63729 58273 
1261 35751 12617 
1262 86314 38592 
1263 90152 60532 
1264 83132 85173 
1265 41574 42843 
1266 66143 83440 
1267 38921 62715 
1268 6494 18361 
1269 37605 67947 
1270 79532 23142 
1271 57304 23022 
1272 96501 54263 
1273 46447 7511 
1274 88304 18478 
1275 69417 84121 
1276 97264 15278 
1277 17075 82378 
1278 51418 21615 
1279 99762 99860 
1280 87825 52570 
1281 88351 56600 
1282 44428 54983 
1283 35788 59519 
1284 19625 14673 
1285 83013 42046 
1286 17530 10739 
1287 26898 81093 
1288 52638 64898 
1289 80088 94820 
1290 57227 25734 
1291 10752 66778 
1292 18183 56213 
1293 33807 52636 
1294 1462 83630 
1295 43572 40927 
1296 2062 76239 
1297 94369 59810 
1298 3046 4372 
1299 36209 36474 
1300 23661 22029 
1301 85703 12219 
1302 82135 6170 
1303 88407 62848 
1304 33521 19205 
1305 27742 52984 
1306 56758 55100 
1307 56843 31853 
1308 89978 57066 
1309 40609 71442 
1310 56899 13393 
1311 4341 24296 
1312 40056 58567 
1313 51282 34029 
1314 57106 62602 
1315 58332 59746 
1316 27151 736 
1317 67281 42423 
1318 27653 37295 
1319 23979 21365 
1320 7059 71606 
1321 66179 95655 
1322 59059 64358 
1323 26224 2886 
1324 48876 43809 
1325 40684 69728 
1326 57252 7021 
1327 68407 74244 
1328 70259 31861 
1329 2965 29389 
1330 48371 86621 
1331 18130 75273 
1332 76787 9887 
1333 82278 15652 
1334 45258 56583 
1335 3924 97334 
1336 40072 54631 
1337 53292 59077 
1338 43080 73176 
1339 36048 30968 
1340 78434 21006 
1341 9876 84186 
1342 12126 22870 
1343 48158 18439 
1344 48227 73775 
1345 63885 29302 
1346 82637 46850 
1347 82327 15075 
1348 39164 2975 
1349 45162 88408 
1350 66345 27285 
1351 42643 89175 
1352 5108 68238 
1353 76221 77895 
1354 52952 5157 
1355 17234 16536 
1356 35808 13605 
1357 45693 18708 
1358 47091 80063 
1359 94319 31045 
1360 69323 13191 
1361 81504 80061 
1362 26372 37516 
1363 17678 38853 
1364 88783 11378 
1365 20481 1798 
1366 98982 95246 
1367 6511 31950 
1368 10714 32381 
1369 65370 43935 
1370 35624 74561 
1371 51575 66298 
1372 458 51161 
1373 34027 84323 
1374 95081 78972 
1375 14734 44849 
1376 75537 72178 
1377 4657 57972 
1378 22685 80559 
1379 94779 38243 
1380 1969 88365 
1381 52559 9346 
1382 82662 18981 
1383 40650 83501 
1384 42271 61033 
1385 16136 26275 
1386 86971 6689 
1387 43110 18321 
1388 52516 65248 
1389 93634 41209 
1390 900 67234 
1391 32030 3168 
1392 18615 292 
1393 10436 34097 
1394 17499 41664 
1395 20931 58129 
1396 7971 71780 
1397 41976 46976 
1398 3180 65262 
1399 64008 88584 
1400 28167 48518 
1401 9225 74278 
1402 58901 4824 
1403 47936 22386 
1404 28305 61996 
1405 69125 21100 
1406 2054 44068 
1407 80484 13477 
1408 44609 92113 
1409 53404 62055 
1410 68578 72562 
1411 43882 29666 
1412 15180 76427 
1413 8768 32276 
1414 15132 46622 
1415 68878 31988 
1416 30998 81064 
1417 71394 156 
1418 74938 14362 
1419 54636 35664 
1420 89174 77010 
1421 69018 68111 
1422 73653 90006 
1423 29187 93653 
1424 47317 80781 
1425 56959 77898 
1426 84886 61690 
1427 51923 22251 
1428 58031 37846 
1429 73483 40531 
1430 24538 91656 
1431 68575 69637 
1432 96815 89603 
1433 69368 8025 
1434 92335 19036 
1435 53964 24609 
1436 29111 19879 
1437 21476 25366 
1438 2452 71405 
1439 89695 83460 
1440 63253 83948 
1441 77968 41295 
1442 79612 14891 
1443 42979 72608 
1444 69967 51192 
1445 21181 97456 
1446 57067 24545 
1447 67808 15983 
1448 33176 96971 
1449 60525 55313 
1450 1591 68914 
1451 13860 65815 
1452 50391 33757 
1453 36744 25589 
1454 86599 72253 
1455 35518 32293 
1456 51879 72898 
1457 29907 70536 
1458 20823 26234 
1459 26525 34708 
1460 44401 97991 
1461 34234 10334 
1462 41106 42780 
1463 83093 93029 
1464 8755 39060 
1465 76775 58777 
1466 43574 2126 
1467 38073 69446 
1468 61660 13737 
1469 7400 41953 
1470 84659 46040 
1471 71489 5005 
1472 66413 12322 
1473 77388 88042 
1474 97676 13466 
1475 8966 53980 
1476 38073 29621 
1477 93606 99507 
1478 9139 87757 
1479 65729 33756 
1480 81765 13073 
1481 63304 67459 
1482 45808 20390 
1483 68463 67043 
1484 22024 89343 
1485 49897 61132 
1486 90331 13172 
1487 16879 92912 
1488 93547 39618 
1489 58367 6858 
1490 64125 74399 
1491 28193 78699 
1492 62410 77048 
1493 12453 55683 
1494 12083 97225 
1495 93064 16360 
1496 84529 52568 
1497 70646 12965 
1498 58122 56366 
1499 18089 91074 
1500 13248 63923 
1501 80143 16620 
1502 3619 14917 
1503 22025 46658 
1504 16455 63892 
1505 43152 94939 
1506 34672 9822 
1507 40787 34038 
1508 17289 48098 
1509 40091 93824 
1510 37461 17891 
1511 64207 83708 
1512 20509 40283 
1513 99731 10322 
1514 43943 43865 
1515 64331 84279 
1516 7016 20057 
1517 99550 42356 
1518 31472 25470 
1519 94934 30614 
1520 64931 55438 
1521 88387 16913 
1522 72072 18282 
1523 54623 62225 
1524 45499 50984 
1525 14636 83807 
1526 22301 14352 
1527 43898 79149 
1528 48299 55311 
1529 82021 52510 
1530 50828 47195 
1531 41978 49813 
1532 5571 49156 
1533 80538 88504 
1534 99333 55155 
1535 14232 95360 
1536 37892 22210 
1537 60540 47968 
1538 61674 4567 
1539 34250 25360 
1540 80545 72671 
1541 2364 61301 
1542 69871 91011 
1543 80012 67534 
1544 49152 52393 
1545 65454 71934 
1546 89467 60649 
1547 27162 49425 
1548 1334 12490 
1549 64391 73900 
1550 57574 97273 
1551 3027 42774 
1552 62062 25829 
1553 3423 70877 
1554 45016 61946 
1555 17079 8934 
1556 31522 99833 
1557 85744 82709 
1558 12080 75728 
1559 34634 68821 
1560 43104 10139 
1561 884 13796 
1562 73690 50774 
1563 39502 7838 
1564 4229 91805 
1565 56682 84293 
1566 53559 62307 
1567 54540 90954 
1568 24901 17291 
1569 11697 25018 
1570 54520 19047 
1571 67755 71656 
1572 44961 78315 
1573 54538 58451 
1574 43011 47276 
1575 56055 82547 
1576 57806 47866 
1577 68922 90886 
1578 36236 32311 
1579 507 16113 
1580 73524 24211 
1581 35045 21717 
1582 25629 24966 
1583 390 48112 
1584 9132 14088 
1585 79220 54893 
1586 58382 40369 
1587 12522 63273 
1588 52801 47880 
1589 63823 15843 
1590 45292 13834 
1591 97047 21119 
1592 47855 5690 
1593 87139 35798 
1594 89174 7039 
1595 77476 57566 
1596 84679 75710 
1597 72765 68850 
1598 1082 58580 
1599 83494 35358 
1600 1512 27856 
1601 18797 30761 
1602 24796 95212 
1603 42583 1278 
1604 97351 82758 
1605 27780 5721 
1606 40432 62335 
1607 75952 17611 
1608 95752 98895 
1609 43221 98090 
1610 90906 19938 
1611 1902 16313 
1612 31521 80755 
1613 56471 88143 
1614 14197 15044 
1615 71728 71270 
1616 5085 2615 
1617 11488 32290 
1618 78152 78348 
1619 32054 70331 
1620 44247 7480 
1621 27563 55017 
1622 81042 62622 
1623 63907 44268 
1624 34426 82732 
1625 28595 26293 
1626 96190 41781 
1627 53244 73781 
1628 99912 5990 
1629 54229 15808 
1630 60943 41160 
1631 76199 19836 
1632 38255 36241 
1633 72593 87980 
1634 23605 15462 
1635 75852 13268 
1636 70516 18513 
1637 58729 30376 
1638 99734 75163 
1639 51383 36341 
1640 63980 5959 
1641 41409 76620 
1642 74374 54571 
1643 70035 38790 
1644 42142 94475 
1645 59517 94361 
1646 24686 58772 
1647 63120 65590 
1648 41122 10642 
1649 65445 44891 
1650 104 54926 
1651 40285 24700 
1652 24292 12007 
1653 25443 31369 
1654 34496 44395 
1655 57198 28507 
1656 10113 80467 
1657 10114 86401 
1658 12532 12473 
1659 91766 194 
1660 20935 3286 
1661 3825 81774 
1662 54933 81308 
1663 99214 23174 
1664 52281 90701 
1665 82814 96036 
1666 65316 93399 
1667 876 23623 
1668 26921 73932 
1669 88699 62047 
1670 25205 1282 
1671 13068 80274 
1672 25820 35875 
1673 4636 12585 
1674 5070 56530 
1675 95402 60251 
1676 7017 19707 
1677 77846 48243 
1678 84360 75861 
1679 92613 70336 
1680 5465 80984 
1681 25185 34297 
1682 92653 55061 
1683 76542 8491 
1684 79432 17846 
1685 63223 44672 
1686 39448 11250 
1687 63606 28430 
1688 81954 55629 
1689 64370 84025 
1690 75383 4874 
1691 46323 92454 
1692 46278 70798 
1693 88593 51453 
1694 31596 63571 
1695 36474 82649 
1696 422 2149 
1697 64883 14960 
1698 3975 70076 
1699 34646 60474 
1700 27749 74359 
1701 68377 1088 
1702 34893 69713 
1703 3471 95778 
1704 6711 85475 
1705 17544 15044 
1706 53172 94838 
1707 25652 47382 
1708 9443 29795 
1709 55909 99455 
1710 24036 30953 
1711 60657 26245 
1712 75396 55945 
1713 19638 48540 
1714 76022 41281 
1715 41465 80137 
1716 1443 60932 
1717 60455 88849 
1718 83672 57427 
1719 31868 63395 
1720 8318 86970 
1721 80930 36574 
1722 14631 86089 
1723 39313 97472 
1724 644 97645 
1725 65045 55565 
1726 26548 95883 
1727 71661 34040 
1728 21142 46392 
1729 83088 98449 
1730 84415 61048 
1731 1770 33931 
1732 7463 15953 
1733 51684 39592 
1734 33310 10731 
1735 27841 44452 
1736 32189 47014 
1737 1860 88571 
1738 14774 15672 
1739 5359 48056 
1740 12013 65026 
1741 24039 34651 
1742 4672 2765 
1743 84275 25509 
1744 12898 38598 
1745 81059 58019 
1746 23269 63540 
1747 7342 88821 
1748 15637 35154 
1749 28851 35802 
1750 64258 2573 
1751 41025 58042 
1752 70454 34299 
1753 66130 44463 
1754 46149 28534 
1755 53842 3665 
1756 53537 16788 
1757 91613 39549 
1758 93709 37764 
1759 39590 73473 
1760 234 88231 
1761 30069 68838 
1762 93197 45385 
1763 78376 56731 
1764 1041 52187 
1765 24058 71578 
1766 16681 50990 
1767 72384 20921 
1768 51246 93549 
1769 79024 80527 
1770 91574 10903 
1771 88605 67904 
1772 63526 33240 
1773 46365 39815 
1774 53246 40516 
1775 67563 83616 
1776 49458 77807 
1777 27272 2095 
1778 32218 39980 
1779 79229 56048 
1780 8959 39775 
1781 19675 53692 
1782 13845 78625 
1783 3108 70068 
1784 84136 3024 
1785 44930 62829 
1786 3279 35632 
1787 30804 96697 
1788 92446 50210 
1789 42826 39662 
1790 42039 52256 
1791 15814 88309 
1792 58368 23634 
1793 8034 93809 
1794 49647 72784 
1795 74224 88617 
1796 27650 71380 
1797 87196 53940 
1798 3820 43098 
1799 95246 6944 
1800 16138 4408 
1801 5612 28159 
1802 90515 88372 
1803 87868 19695 
1804 71149 83239 
1805 23271 37285 
1806 82109 76780 
1807 59450 65749 
1808 74486 54980 
1809 31173 79552 
1810 1011 41321 
1811 63462 62714 
1812 32767 34253 
1813 27584 98006 
1814 65073 38542 
1815 75108 19729 
1816 45750 45016 
1817 77074 46040 
1818 37351 58552 
1819 55129 33303 
1820 48697 92313 
1821 16410 77151 
1822 90355 61468 
1823 9835 11763 
1824 54841 12952 
1825 35607 34000 
1826 519 90636 
1827 2082 33398 
1828 8762 25021 
1829 80107 25751 
1830 15913 35281 
1831 88394 61850 
1832 80273 92390 
1833 94136 13100 
1834 59757 96719 
1835 61134 58085 
1836 81860 63564 
1837 95590 89906 
1838 99389 74790 
1839 84254 452 
1840 92749 25380 
1841 91963 6197 
1842 74577 29804 
1843 21545 39794 
1844 56407 92889 
1845 63489 55305 
1846 407 35957 
1847 70787 75792 
1848 83871 79444 
1849 51715 42991 
1850 25579 98318 
1851 60096 71564 
1852 47060 29622 
1853 71055 76178 
1854 13183 87515 
1855 96534 30204 
1856 35190 97626 
1857 5461 96131 
1858 1908 62142 
1859 16127 90562 
1860 77306 63478 
1861 22021 96578 
1862 98271 26417 
1863 92180 20359 
1864 3492 36472 
1865 57589 35830 
1866 32036 6663 
1867 86258 3521 
1868 65610 88682 
1869 7129 28945 
1870 86526 32177 
1871 55736 62319 
1872 38264 64944 
1873 64712 43375 
1874 29301 19989 
1875 45895 48185 
1876 11814 99590 
1877 221 92469 
1878 9349 39254 
1879 96224 79698 
1880 16355 20996 
1881 96339 32499 
1882 46109 60593 
1883 88105 55736 
1884 73421 66012 
1885 75336 99812 
1886 37405 17179 
1887 18504 75824 
1888 60406 75224 
1889 29210 22443 
1890 72086 67909 
1891 25029 26860 
1892 37600 87902 
1893 75276 87478 
1894 78414 77530 
1895 82700 57542 
1896 75425 85421 
1897 4769 26460 
1898 18809 92125 
1899 89896 37060 
1900 51168 4991 
1901 99743 18304 
1902 66848 37390 
1903 84073 96660 
1904 75445 69767 
1905 73422 50221 
1906 10365 90339 
1907 22847 9326 
1908 21612 80818 
1909 85334 9561 
1910 80092 71281 
1911 36155 20503 
1912 58210 75239 
1913 76740 62308 
1914 44092 68802 
1915 53172 86458 
1916 47974 67881 
1917 70948 75192 
1918 62635 2909 
1919 75648 28590 
1920 10841 25265 
1921 6056 34696 
1922 98893 31299 
1923 21238 4341 
1924 81742 46006 
1925 79103 12082 
1926 25878 8653 
1927 44530 26584 
1928 11658 81382 
1929 43006 10079 
1930 60842 4273 
1931 45457 64205 
1932 85700 15180 
1933 66746 22368 
1934 59523 98908 
1935 31728 25779 
1936 85637 77450 
1937 13228 35760 
1938 41899 36791 
1939 31984 61458 
1940 85545 7582 
1941 63179 12662 
1942 63965 83492 
1943 98645 68158 
1944 20508 23134 
1945 596 8065 
1946 32200 11680 
1947 27170 29171 
1948 52958 96605 
1949 61573 22284 
1950 66987 32832 
1951 83806 16151 
1952 59135 24198 
1953 42205 65433 
1954 83450 47381 
1955 19537 42812 
1956 9602 25789 
1957 21630 26712 
1958 3063 1194 
1959 32615 51101 
1960 2558 70723 
1961 98955 95839 
1962 15129 10818 
1963 78443 51549 
1964 97975 53360 
1965 8041 95696 
1966 37128 92541 
1967 93069 31821 
1968 77385 24760 
1969 41761 85688 
1970 57086 44401 
1971 85564 32069 
1972 17693 51977 
1973 64124 43147 
1974 27143 1010 
1975 94188 6632 
1976 78322 11049 
1977 24677 54155 
1978 12993 10796 
1979 95089 11682 
1980 29429 30137 
1981 54411 53568 
1982 83740 59109 
1983 24417 73962 
1984 48648 31286 
1985 10395 43807 
1986 73019 13630 
1987 77206 55106 
1988 85150 40308 
1989 48201 18693 
1990 85105 36624 
1991 88713 70132 
1992 83964 38627 
1993 44904 14939 
1994 96356 60945 
1995 73528 50676 
1996 46938 300 
1997 56173 59985 
1998 6957 48814 
1999 95840 72162 
2000 82080 61747 
2001 53999 90884 
2002 97302 78960 
2003 69666 50439 
2004 56489 81940 
2005 81033 25050 
2006 38682 89529 
2007 20322 9012 
2008 25922 7911 
2009 49302 78145 
2010 57735 46406 
2011 81219 90760 
2012 46827 35389 
2013 87092 44630 
2014 1759 42476 
2015 63212 21609 
2016 73620 10818 
2017 45729 52314 
2018 97490 51644 
2019 58053 53255 
2020 49217 16059 
2021 75201 49244 
2022 99716 24321 
2023 92282 21342 
2024 95143 92583 
2025 14229 84243 
2026 38349 84670 
2027 1590 91090 
2028 59436 34976 
2029 42468 17347 
2030 75828 9394 
2031 2473 69490 
2032 87818 32985 
2033 82741 65077 
2034 2291 69653 
2035 90850 63799 
2036 27403 43262 
2037 36787 34272 
2038 13110 9498 
2039 49845 79747 
2040 21134 87993 
2041 1959 73445 
2042 85051 83149 
2043 62582 5989 
2044 8864 49897 
2045 12929 59308 
2046 98450 20532 
2047 37916 11921 
2048 34020 10762 
2049 61487 36201 
2050 58525 65200 
2051 78046 25578 
2052 33995 68625 
2053 23844 99963 
2054 7121 98426 
2055 69688 13370 
2056 56700 6095 
2057 49394 87977 
2058 79251 14056 
2059 5095 45942 
2060 6156 22443 
2061 30319 3685 
2062 56860 5351 
2063 20680 87260 
2064 44167 33514 
2065 15284 15178 
2066 18421 26144 
2067 59133 24405 
2068 62085 45224 
2069 2584 40608 
2070 9467 57557 
2071 89959 69685 
2072 15060 13534 
2073 39001 40980 
2074 97915 84898 
2075 55180 73720 
2076 81269 28732 
2077 69651 60226 
2078 14710 63294 
2079 37010 51013 
2080 90230 8557 
2081 21382 3917 
2082 75166 83673 
2083 9282 48204 
2084 33980 98295 
2085 41235 55651 
2086 98071 71165 
2087 54213 81673 
2088 21308 11290 
2089 10175 13979 
2090 46550 91696 
2091 99658 68672 
2092 13884 9102 
2093 88559 76504 
2094 92453 39054 
2095 64829 76064 
2096 21495 50151 
2097 52074 33477 
2098 61500 10224 
2099 60113 80227 
2100 19222 786 
2101 87162 84184 
2102 97481 11593 
2103 79607 78378 
2104 20022 57463 
2105 71082 53681 
2106 38729 51461 
2107 34660 80866 
2108 88552 49750 
2109 71880 94009 
2110 98892 48714 
2111 12910 5571 
2112 8780 82540 
2113 80836 76453 
2114 98452 45560 
2115 20271 89517 
2116 78645 42125 
2117 26927 10867 
2118 97365 69642 
2119 86144 86347 
2120 26151 98921 
2121 65373 79113 
2122 33142 1045 
2123 15711 31377 
2124 97724 85097 
2125 17507 59163 
2126 19247 4262 
2127 55529 92800 
2128 90266 90064 
2129 81560 93443 
2130 36041 80262 
2131 47072 87487 
2132 10909 37692 
2133 49751 57416 
2134 80192 64950 
2135 72197 9056 
2136 50291 46084 
2137 57627 24570 
2138 66243 91605 
2139 80734 87971 
2140 34523 20569 
2141 72642 27281 
2142 54386 41815 
2143 51601 97419 
2144 9797 48615 
2145 99179 96915 
2146 15199 52909 
2147 85255 30796 
2148 61556 44082 
2149 44855 78220 
2150 5581 32865 
2151 47305 60735 
2152 18174 21979 
2153 6378 40053 
2154 42420 33080 
2155 60134 54217 
2156 17066 37755 
2157 64170 5103 
2158 32922 9840 
2159 41067 3322 
2160 54896 82148 
2161 97023 67399 
2162 54362 53729 
2163 53032 92233 
2164 16284 47781 
2165 14769 8818 
2166 71137 62366 
2167 60305 47354 
2168 13611 56324 
2169 72205 45775 
2170 3403 83346 
2171 6970 15770 
2172 22636 58339 
2173 95776 20873 
2174 41770 13925 
2175 11290 36287 
2176 87264 73501 
2177 40985 21684 
2178 4447 76535 
2179 33608 76010 
2180 89467 30695 
2181 59019 34861 
2182 77118 39425 
2183 53921 83782 
2184 15648 51985 
2185 31656 9565 
2186 71566 72920 
2187 16095 1960 
2188 82343 88517 
2189 22822 65684 
2190 11334 39787 
2191 38818 10734 
2192 74874 63780 
2193 80542 29551 
2194 97681 42530 
2195 75627 52002 
2196 98770 54381 
2197 90119 32179 
2198 89610 75999 
2199 98332 41750 
2200 26463 65656 
2201 89759 96561 
2202 72448 88798 
2203 12441 53607 
2204 69277 54900 
2205 24802 76834 
2206 86451 12694 
2207 33865 5245 
2208 98304 55119 
2209 62800 69931 
2210 48468 54167 
2211 35572 50758 
2212 84072 41260 
2213 36299 7192 
2214 85513 95403 
2215 65670 35871 
2216 91596 8075 
2217 85782 25473 
2218 98470 93847 
2219 79210 71565 
2220 18227 88198 
2221 8374 79881 
2222 21140 37017 
2223 80272 34461 
2224 7734 22128 
2225 94356 82780 
2226 62573 8297 
2227 80040 10154 
2228 45184 21686 
2229 25593 28558 
2230 14269 17785 
2231 34436 54933 
2232 31053 9407 
2233 93809 9696 
2234 84578 7223 
2235 4281 73356 
2236 16877 98382 
2237 75272 3516 
2238 71693 55848 
2239 74429 51653 
2240 74306 90236 
2241 38063 76726 
2242 65631 53836 
2243 58890 84705 
2244 91165 12608 
2245 7607 40938 
2246 10604 38462 
2247 85785 63948 
2248 93540 38760 
2249 85748 59714 
2250 90490 85747 
2251 82856 14201 
2252 14095 30335 
2253 33371 18543 
2254 82754 56151 
2255 45204 94823 
2256 88358 57319 
2257 55715 36205 
2258 60110 23189 
2259 9343 39232 
2260 8452 80318 
2261 73000 20929 
2262 20217 4462 
2263 95146 87959 
2264 19703 21562 
2265 38211 19420 
2266 82290 31710 
2267 40219 46951 
2268 85244 29230 
2269 9106 53462 
2270 20792 77627 
2271 38233 32664 
2272 86631 65861 
2273 20246 64245 
2274 95934 11959 
2275 12714 19643 
2276 40569 81956 
2277 28879 45926 
2278 12968 32987 
2279 81115 30122 
2280 17799 92841 
2281 50882 45472 
2282 65900 21772 
2283 92504 97355 
2284 10810 35440 
2285 54003 30374 
2286 51506 85352 
2287 64878 68524 
2288 95529 16522 
2289 4650 57443 
2290 6036 81479 
2291 47504 9957 
2292 53952 92997 
2293 51794 74349 
2294 56190 29979 
2295 71695 6139 
2296 42715 66601 
2297 45237 36932 
2298 5454 25810 
2299 60256 82009 
2300 46635 54583 
2301 32417 30321 
2302 48276 95185 
2303 68378 29750 
2304 48623 68714 
2305 93253 36713 
2306 41107 7736 
2307 29716 17395 
2308 13468 97143 
2309 16756 89738 
2310 11966 66946 
2311 54859 14844 
2312 5654 8398 
2313 70976 77114 
2314 44475 30499 
2315 5561 52324 
2316 25716 75352 
2317 39871 28013 
2318 8067 93770 
2319 81695 80459 
2320 7647 97048 
2321 53354 8349 
2322 96319 20414 
2323 67771 25465 
2324 94994 25708 
2325 1976 36081 
2326 58060 39651 
2327 48338 37729 
2328 56347 89420 
2329 27399 23832 
2330 75480 22036 
2331 3719 50369 
2332 664 46119 
2333 723 3149 
2334 34850 98728 
2335 24577 36030 
2336 55835 67498 
2337 25436 62610 
2338 10205 73870 
2339 84521 75114 
2340 93222 79546 
2341 69636 51607 
2342 18349 70610 
2343 41161 27456 
2344 75823 76470 
2345 94382 62801 
2346 67111 37112 
2347 71181 43556 
2348 99485 64728 
2349 96416 10437 
2350 97781 11550 
2351 92325 84676 
2352 11112 54962 
2353 61185 88156 
2354 19024 89979 
2355 39393 81179 
2356 46396 51411 
2357 56955 95694 
2358 16899 75204 
2359 81459 8939 
2360 8982 38050 
2361 60057 74842 
2362 1326 91267 
2363 64528 49184 
2364 23909 10719 
2365 25898 4201 
2366 36768 59744 
2367 96334 45329 
2368 13513 13254 
2369 94524 58608 
2370 50588 31034 
2371 17639 93248 
2372 58167 41549 
2373 76001 90604 
2374 5076 38892 
2375 72501 83894 
2376 44211 37282 
2377 72557 66245 
2378 4592 26442 
2379 31923 8906 
2380 61045 8975 
2381 74613 39917 
2382 95624 17219 
2383 130 98009 
2384 46916 84600 
2385 44112 12928 
2386 73573 97342 
2387 85120 75468 
2388 85437 30330 
2389 89210 36196 
2390 34308 25343 
2391 49586 49847 
2392 45388 39051 
2393 43180 33064 
2394 72786 83073 
2395 2907 34805 
2396 37584 99326 
2397 4965 83174 
2398 68016 61082 
2399 72578 15919 
2400 85947 14397 
2401 83459 97250 
2402 35344 5820 
2403 79376 47124 
2404 25200 23983 
2405 11882 25002 
2406 47157 42832 
2407 46927 22592 
2408 32803 20337 
2409 4443 33845 
2410 69975 76922 
2411 18091 70807 
2412 50844 6751 
2413 51581 89894 
2414 38300 26810 
2415 2004 22856 
2416 60851 52650 
2417 56952 31337 
2418 24448 87623 
2419 78810 25804 
2420 98197 73728 
2421 74037 66770 
2422 32301 12627 
2423 27151 38533 
2424 125 29352 
2425 1310 81826 
2426 75619 35051 
2427 24232 11234 
2428 64379 1189 
2429 70755 32355 
2430 35153 30646 
2431 96668 50455 
2432 31184 46193 
2433 81747 34601 
2434 52441 23379 
2435 28290 47687 
2436 82511 71777 
2437 7358 58640 
2438 83343 59165 
2439 53623 27772 
2440 80286 98820 
2441 90138 61922 
2442 18234 81800 
2443 47573 67402 
2444 60306 5125 
2445 65754 61872 
2446 12786 90370 
2447 11549 55345 
2448 91926 33959 
2449 28280 96886 
2450 27679 77333 
2451 10158 23130 
2452 13156 47781 
2453 77035 99385 
2454 34112 85857 
2455 41738 16119 
2456 29161 55225 
2457 52561 1769 
2458 59361 22276 
2459 14327 89476 
2460 5253 27252 
2461 11590 99041 
2462 28611 47891 
2463 94204 34250 
2464 24904 82079 
2465 21227 6916 
2466 99383 1792 
2467 575 71256 
2468 93238 31458 
2469 85856 51168 
2470 83331 39988 
2471 83853 34346 
2472 76419 18683 
2473 68041 65676 
2474 65883 90323 
2475 80242 5540 
2476 11384 9316 
2477 73899 60650 
2478 48488 22909 
2479 24220 49942 
2480 80747 22031 
2481 33552 25511 
2482 10020 60616 
2483 75068 38903 
2484 74890 79179 
2485 59679 8888 
2486 14012 14185 
2487 38724 87178 
2488 94161 45950 
2489 66756 2621 
2490 10636 26698 
2491 78377 32286 
2492 54446 80810 
2493 45517 50624 
2494 32070 84754 
2495 4450 40680 
2496 38851 79562 
2497 19243 83764 
2498 99723 68290 
2499 15750 29384 
2500 84484 50387 
2501 37869 4471 
2502 33039 35092 
2503 45522 43979 
2504 98132 98645 
2505 8456 70002 
2506 67032 5372 
2507 6784 33733 
2508 41612 46970 
2509 58929 34805 
2510 62080 73544 
2511 47729 36724 
2512 16116 6659 
2513 22784 42334 
2514 4558 2754 
2515 49508 53986 
2516 1255 49872 
2517 92270 47665 
2518 21824 88618 
2519 82235 27553 
2520 1331 5558 
2521 76247 23998 
2522 79140 91934 
2523 34396 38990 
2524 18102 48136 
2525 57 63423 
2526 20986 70323 
2527 80782 11280 
2528 20994 86064 
2529 41779 8409 
2530 88595 62746 
2531 55159 5847 
2532 27385 16084 
2533 36678 5560 
2534 76340 1566 
2535 34180 55455 
2536 176 15571 
2537 27159 38517 
2538 42131 31874 
2539 63169 20620 
2540 56304 87015 
2541 63338 93745 
2542 9720 67462 
2543 25372 42286 
2544 19824 8003 
2545 51848 48377 
2546 37117 69984 
2547 36166 74812 
2548 15260 62740 
2549 83097 49441 
2550 7278 74309 
2551 92433 77530 
2552 62129 77378 
2553 75882 90763 
2554 92778 36383 
2555 26674 50293 
2556 52861 10957 
2557 60968 45951 
2558 15679 57237 
2559 82176 2978 
2560 66723 82993 
2561 84675 7218 
2562 1873 28424 
2563 60435 84677 
2564 67957 97284 
2565 2955 40353 
2566 60403 69842 
2567 56709 69734 
2568 62232 95349 
2569 2582 22548 
2570 26667 83559 
2571 77652 51514 
2572 4483 94829 
2573 55191 57309 
2574 22770 65941 
2575 91901 67074 
2576 82239 30639 
2577 33736 74552 
2578 3697 81189 
2579 65666 36805 
2580 62311 43576 
2581 67809 2123 
2582 84453 37529 
2583 22885 22294 
2584 90281 77601 
2585 59293 39301 
2586 25468 66190 
2587 61066 40338 
2588 44548 62554 
2589 93820 2272 
2590 19797 77241 
2591 48184 75424 
2592 40840 84367 
2593 80475 55520 
2594 40004 57291 
2595 84632 12624 
2596 98040 41444 
2597 45949 27443 
2598 33706 60527 
2599 7668 65919 
2600 3146 41978 
2601 49445 97392 
2602 59968 5896 
2603 59769 83279 
2604 74789 9258 
2605 36089 96410 
2606 34541 31894 
2607 4085 31761 
2608 74465 39462 
2609 13568 57500 
2610 65995 30479 
2611 99512 78716 
2612 65674 32220 
2613 13092 9773 
2614 67142 5191 
2615 39671 45172 
2616 2429 50708 
2617 42449 98347 
2618 54108 11946 
2619 76612 28742 
2620 72233 94767 
2621 99987 80737 
2622 82525 83999 
2623 64951 47336 
2624 72335 37160 
2625 5115 12482 
2626 64395 38948 
2627 67111 52667 
2628 27970 57620 
2629 18971 39117 
2630 507 41334 
2631 87633 78954 
2632 18919 68387 
2633 75876 36777 
2634 8434 24680 
2635 89168 66346 
2636 94998 39614 
2637 32623 91752 
2638 76073 17256 
2639 23938 94522 
2640 42102 20969 
2641 27089 68101 
2642 19721 46111 
2643 56777 55170 
2644 18244 59072 
2645 64228 7271 
2646 5935 33647 
2647 89639 33557 
2648 58860 46747 
2649 92708 6142 
2650 17256 69012 
2651 22656 65424 
2652 59566 39563 
2653 98287 28227 
2654 62518 83174 
2655 251 92954 
2656 52794 79996 
2657 24708 61497 
2658 1192 31411 
2659 26497 88292 
2660 66644 39443 
2661 86052 44240 
2662 11621 3974 
2663 86780 33769 
2664 57008 18287 
2665 66164 74590 
2666 45218 94437 
2667 46425 72236 
2668 69750 68170 
2669 78872 67238 
2670 59174 84812 
2671 21926 6526 
2672 90047 17335 
2673 66553 12787 
2674 31949 54900 
2675 9812 18230 
2676 47125 94403 
2677 6944 96826 
2678 2 79216 
2679 4981 4793 
2680 5974 16693 
2681 94200 16733 
2682 64866 6860 
2683 72286 35410 
2684 98898 30575 
2685 71855 31653 
2686 97343 15182 
2687 42150 5624 
2688 89352 68972 
2689 29588 86885 
2690 32315 51863 
2691 26437 33292 
2692 17772 38882 
2693 70202 38395 
2694 75176 11969 
2695 26805 32089 
2696 45188 87872 
2697 46996 70224 
2698 814 86943 
2699 43700 75637 
2700 56485 21678 
2701 16982 88628 
2702 64965 88353 
2703 2015 54684 
2704 3610 47761 
2705 99290 3877 
2706 51254 50255 
2707 85464 22714 
2708 30877 17637 
2709 40440 88102 
2710 75997 54091 
2711 62369 72159 
2712 73308 80611 
2713 51404 42602 
2714 7849 18514 
2715 41278 16297 
2716 77140 86491 
2717 73363 30376 
2718 92890 28985 
2719 59511 68768 
2720 61273 58040 
2721 70093 88805 
2722 88226 71025 
2723 44978 47059 
2724 52716 63745 
2725 92700 94000 
2726 91108 68420 
2727 22813 28413 
2728 56738 56787 
2729 77443 79422 
2730 15384 34296 
2731 30081 23748 
2732 75812 15689 
2733 54184 38772 
2734 68740 36329 
2735 81295 91670 
2736 58793 82486 
2737 8115 84475 
2738 86883 47472 
2739 84375 98635 
2740 54972 73896 
2741 64716 9259 
2742 23426 75168 
2743 63947 96232 
2744 92412 17668 
2745 12703 17250 
2746 42333 89957 
2747 8769 59480 
2748 58070 30766 
2749 99259 64940 
2750 67334 23013 
2751 84366 79538 
2752 80141 54080 
2753 50670 36378 
2754 99038 80320 
2755 12970 84312 
2756 48563 62447 
2757 97770 15916 
2758 52794 56594 
2759 30578 7699 
2760 83020 715 
2761 89731 61450 
2762 63870 22765 
2763 47713 9241 
2764 63857 604 
2765 54255 92676 
2766 19397 79233 
2767 73205 36841 
2768 32394 89608 
2769 17124 58871 
2770 9782 77238 
2771 42256 14700 
2772 54515 68746 
2773 42588 56200 
2774 66320 94478 
2775 87348 58099 
2776 35703 6938 
2777 15795 48840 
2778 26591 54917 
2779 45317 89437 
2780 17304 16841 
2781 2215 98608 
2782 16963 9842 
2783 12363 59727 
2784 6500 69923 
2785 23831 89828 
2786 61808 28069 
2787 27149 68571 
2788 68193 75916 
2789 997 66098 
2790 21480 49513 
2791 17558 3164 
2792 54945 64165 
2793 39283 6225 
2794 2978 12289 
2795 60722 65078 
2796 75406 98759 
2797 70953 49028 
2798 73414 66028 
2799 90737 48088 
2800 55999 34565 
2801 41229 91958 
2802 24527 99106 
2803 7363 10811 
2804 60576 99275 
2805 99912 94494 
2806 40423 55254 
2807 57563 52545 
2808 42574 75586 
2809 53063 90010 
2810 10637 24340 
2811 9996 75833 
2812 15480 40619 
2813 90840 7925 
2814 34674 98946 
2815 92366 39479 
2816 68223 37601 
2817 75144 44482 
2818 15222 93888 
2819 46713 69246 
2820 7478 17018 
2821 53931 44672 
2822 6224 90473 
2823 35623 66743 
2824 41026 49476 
2825 52724 36150 
2826 68931 55794 
2827 6006 28345 
2828 57946 57705 
2829 97655 48981 
2830 81513 89704 
2831 38788 48225 
2832 51559 85133 
2833 21070 30523 
2834 44876 69524 
2835 25361 50552 
2836 19333 74316 
2837 58353 50444 
2838 39399 31479 
2839 40671 35794 
2840 51008 16095 
2841 42460 31449 
2842 22281 50288 
2843 149 41931 
2844 75063 38325 
2845 49356 62426 
2846 32081 19539 
2847 21559 24489 
2848 33436 70492 
2849 9954 96629 
2850 1554 66705 
2851 46351 80447 
2852 17170 13335 
2853 1630 23703 
2854 10960 30004 
2855 33895 26821 
2856 61613 94950 
2857 52452 56823 
2858 66273 42273 
2859 94796 11490 
2860 16757 45475 
2861 57082 82199 
2862 82701 50934 
2863 42828 4069 
2864 7074 69089 
2865 45191 28132 
2866 23886 80779 
2867 60504 13765 
2868 61984 38285 
2869 12021 38483 
2870 66544 42131 
2871 72002 78757 
2872 49165 92623 
2873 83760 17316 
2874 40433 11705 
2875 43136 43924 
2876 44406 75399 
2877 62789 57024 
2878 69026 12453 
2879 74983 56134 
2880 88957 51090 
2881 45603 11100 
2882 30339 44630 
2883 40176 7198 
2884 8277 77475 
2885 56380 84566 
2886 72618 29960 
2887 22357 35110 
2888 26883 74860 
2889 64708 82452 
2890 42044 8877 
2891 37972 40691 
2892 61599 47573 
2893 45585 61930 
2894 98162 80053 
2895 32139 61955 
2896 41424 53729 
2897 79609 75538 
2898 87638 54504 
2899 20442 74496 
2900 82067 64046 
2901 3958 43123 
2902 90114 32551 
2903 91683 38363 
2904 95989 65458 
2905 3973 76860 
2906 37447 71088 
2907 53325 72115 
2908 18259 69824 
2909 62113 66247 
2910 82915 27513 
2911 91516 4142 
2912 5985 69571 
2913 7276 61657 
2914 33097 22098 
2915 91034 87964 
2916 81183 9920 
2917 78823 95422 
2918 51901 75013 
2919 10161 15257 
2920 94789 52118 
2921 437 13935 
2922 30869 58519 
2923 7694 83370 
2924 80920 51230 
2925 62811 42061 
2926 32536 58886 
2927 77599 19580 
2928 36338 12652 
2929 13570 49156 
2930 7170 71498 
2931 86517 66217 
2932 49085 2222 
2933 24467 39115 
2934 36862 46870 
2935 32867 52628 
2936 67448 55562 
2937 22713 65312 
2938 94250 18421 
2939 31068 88425 
2940 9072 88257 
2941 74914 51151 
2942 92758 73583 
2943 79832 99360 
2944 7528 84208 
2945 62046 58633 
2946 68836 46019 
2947 10863 37145 
2948 7441 74668 
2949 77150 88526 
2950 94985 36812 
2951 94715 51551 
2952 65330 69155 
2953 23413 55141 
2954 89194 64735 
2955 37242 64871 
2956 14016 35167 
2957 30522 83073 
2958 78816 82664 
2959 49450 50511 
2960 92102 47107 
2961 29060 34235 
2962 57684 7058 
2963 13099 54433 
2964 25758 17773 
2965 47660 80636 
2966 38243 51198 
2967 64512 37455 
2968 84374 12724 
2969 90382 6514 
2970 68154 20616 
2971 14349 85750 
2972 91084 62122 
2973 94119 89975 
2974 4922 74118 
2975 62554 37437 
2976 10514 52697 
2977 38296 80207 
2978 69653 79338 
2979 28174 25781 
2980 714 64039 
2981 13697 14120 
2982 15182 41757 
2983 39924 46648 
2984 98569 58771 
2985 87398 81881 
2986 31261 45572 
2987 57177 35915 
2988 32472 13911 
2989 65965 9029 
2990 75912 92861 
2991 29611 19742 
2992 52302 76358 
2993 24862 47863 
2994 65003 86272 
2995 34299 58184 
2996 39831 62893 
2997 71617 46917 
2998 49424 96927 
2999 37787 88941 
3000 49583 20051 
3001 9827 22799 
3002 82519 21736 
3003 99457 32698 
3004 15335 90970 
3005 54128 10527 
3006 57103 59039 
3007 89442 2469 
3008 18687 85341 
3009 36186 7273 
3010 39002 82663 
3011 95639 33167 
3012 5801 30610 
3013 29616 92265 
3014 31053 95224 
3015 76282 50211 
3016 48844 27784 
3017 31623 67305 
3018 88812 77575 
3019 37001 80150 
3020 21438 65607 
3021 73333 51834 
3022 22674 62690 
3023 62210 82726 
3024 85000 35444 
3025 26000 36663 
3026 6599 93875 
3027 19589 80829 
3028 77734 88108 
3029 29458 73255 
3030 20967 3994 
3031 87029 56590 
3032 68484 3941 
3033 83640 19450 
3034 54625 85205 
3035 85398 76660 
3036 11937 84050 
3037 92318 26185 
3038 16853 13050 
3039 74320 26967 
3040 88303 16317 
3041 5252 31127 
3042 37237 1401 
3043 66698 53032 
3044 27760 42893 
3045 7755 41268 
3046 89892 23868 
3047 68111 76705 
3048 59194 42400 
3049 25176 76342 
3050 54297 29735 
3051 63148 41671 
3052 19252 87343 
3053 93552 13567 
3054 9981 53530 
3055 40431 91818 
3056 98358 23726 
3057 65978 43516 
3058 16232 20428 
3059 89641 58913 
3060 79980 40650 
3061 4032 71170 
3062 57767 96815 
3063 34316 3793 
3064 77076 31339 
3065 44941 74641 
3066 57977 19505 
3067 38286 95780 
3068 28666 5489 
3069 48751 28339 
3070 83724 74742 
3071 50084 93812 
3072 97442 98681 
3073 29398 30171 
3074 7236 89216 
3075 44967 52383 
3076 64638 44631 
3077 57395 54983 
3078 13077 7081 
3079 90066 8561 
3080 53747 2747 
3081 20665 31039 
3082 33347 50117 
3083 55169 7103 
3084 24185 48430 
3085 37567 19862 
3086 76584 11427 
3087 64274 39016 
3088 29047 93523 
3089 70748 10598 
3090 26798 32234 
3091 48359 81940 
3092 76650 1032 
3093 99049 68534 
3094 50800 31262 
3095 50498 88278 
3096 38974 92356 
3097 44610 47477 
3098 59293 43962 
3099 57448 76556 
3100 42355 90393 
3101 85861 66109 
3102 78677 8500 
3103 96510 19803 
3104 2585 2992 
3105 29968 33874 
3106 67177 87934 
3107 86318 70453 
3108 92884 66769 
3109 18950 89411 
3110 94078 63009 
3111 19842 37556 
3112 23032 4666 
3113 56779 97765 
3114 13450 92577 
3115 36487 56702 
3116 57645 67429 
3117 59715 58653 
3118 66677 14398 
3119 71116 35041 
3120 85227 7780 
3121 1014 89812 
3122 49497 75694 
3123 71360 66709 
3124 59199 72294 
3125 93711 20610 
3126 61538 5126 
3127 83350 48063 
3128 13348 92177 
3129 42135 9765 
3130 89935 74512 
3131 16228 74922 
3132 6602 99143 
3133 48222 44136 
3134 22638 98260 
3135 69791 13901 
3136 49747 50371 
3137 41619 10495 
3138 76099 76465 
3139 88224 68425 
3140 74608 79515 
3141 88646 65479 
3142 71169 52641 
3143 38273 95338 
3144 25479 5117 
3145 53772 45320 
3146 72718 61562 
3147 41472 6499 
3148 63696 27379 
3149 51067 73492 
3150 60259 92522 
3151 699 77556 
3152 42195 3233 
3153 27081 20359 
3154 9450 87160 
3155 98066 37157 
3156 39531 42052 
3157 72016 92006 
3158 42686 92328 
3159 25832 7370 
3160 93765 89970 
3161 77 95874 
3162 6477 96724 
3163 88162 52030 
3164 70401 75326 
3165 89468 60468 
3166 84089 42997 
3167 90405 39082 
3168 72879 38482 
3169 24509 54624 
3170 37682 56057 
3171 84603 19261 
3172 54003 78836 
3173 50578 46516 
3174 49021 25900 
3175 14799 18386 
3176 79970 74852 
3177 25150 88423 
3178 24976 13361 
3179 60715 33935 
3180 97730 76410 
3181 20038 11420 
3182 56179 68008 
3183 225 90306 
3184 76237 89898 
3185 94739 30046 
3186 32095 90056 
3187 43775 22276 
3188 63630 97217 
3189 37454 9539 
3190 49954 29795 
3191 71608 20759 
3192 52545 99910 
3193 67682 92684 
3194 89497 26086 
3195 76770 60809 
3196 375 39964 
3197 22942 99008 
3198 30261 41367 
3199 79890 94161 
3200 79535 16412 
3201 14704 49430 
3202 40342 93879 
3203 27937 17486 
3204 20894 63997 
3205 57674 66505 
3206 94994 67552 
3207 82090 36717 
3208 11047 56590 
3209 64031 54947 
3210 37646 77318 
3211 73577 10881 
3212 33219 1143 
3213 27558 74453 
3214 26083 759 
3215 31165 14922 
3216 36698 56062 
3217 27478 56570 
3218 4282 30205 
3219 35462 77777 
3220 12456 93277 
3221 65896 69657 
3222 20976 58904 
3223 74183 37224 
3224 19544 88270 
3225 82584 82210 
3226 93138 41093 
3227 50852 54379 
3228 26764 25857 
3229 92324 56397 
3230 69377 63612 
3231 23237 33827 
3232 58386 50594 
3233 29130 63328 
3234 17295 31851 
3235 56753 43551 
3236 48975 98582 
3237 89230 82088 
3238 71744 99582 
3239 79699 47963 
3240 97752 10459 
3241 80305 38524 
3242 16778 64312 
3243 18936 89339 
3244 75860 34541 
3245 93146 41982 
3246 41172 19321 
3247 34414 40942 
3248 54363 25949 
3249 15953 5115 
3250 86138 47479 
3251 80135 42189 
3252 57401 94490 
3253 13054 98536 
3254 10663 21478 
3255 93299 18842 
3256 70219 81674 
3257 28942 38789 
3258 36664 67123 
3259 67049 34564 
3260 38304 29998 
3261 62222 27227 
3262 92736 27074 
3263 98430 24991 
3264 55768 43395 
3265 88621 54047 
3266 97662 55701 
3267 54155 31790 
3268 68488 78910 
3269 91934 77230 
3270 73447 54469 
3271 54155 96955 
3272 44308 93869 
3273 10579 73009 
3274 34050 78856 
3275 69562 7098 
3276 28499 40314 
3277 20963 82328 
3278 17031 24619 
3279 93398 57675 
3280 53455 22888 
3281 62020 95104 
3282 28447 18360 
3283 93410 83991 
3284 70305 1334 
3285 23664 84975 
3286 46535 59407 
3287 28606 14000 
3288 60696 42489 
3289 66500 62580 
3290 79500 67693 
3291 12367 243 
3292 53683 22435 
3293 63324 89097 
3294 73231 26281 
3295 97021 59590 
3296 92322 71680 
3297 66584 7123 
3298 22817 29268 
3299 24431 25660 
3300 11688 6069 
3301 26394 87870 
3302 67528 17494 
3303 44432 26222 
3304 38075 1602 
3305 99045 10563 
3306 37272 87638 
3307 42797 49857 
3308 30754 60702 
3309 15007 47779 
3310 47611 13680 
3311 73749 42404 
3312 54677 85151 
3313 26383 59626 
3314 79177 71293 
3315 26039 99536 
3316 18849 99825 
3317 82655 16911 
3318 71311 68817 
3319 93414 1512 
3320 24961 47835 
3321 61370 53168 
3322 87308 4758 
3323 52216 35800 
3324 76485 75104 
3325 93999 62360 
3326 18447 50291 
3327 60898 85464 
3328 14062 16409 
3329 21163 79899 
3330 90266 3496 
3331 24221 71176 
3332 78287 59677 
3333 68227 33942 
3334 5409 76433 
3335 5636 28211 
3336 78413 36570 
3337 14663 54289 
3338 971 6145 
3339 34995 49646 
3340 14816 75419 
3341 46991 62558 
3342 42831 23302 
3343 64713 35831 
3344 10799 21890 
3345 14450 1305 
3346 24440 3785 
3347 99718 67416 
3348 2039 63500 
3349 82505 86951 
3350 91010 74220 
3351 88301 36483 
3352 35397 59634 
3353 24208 84889 
3354 48858 37195 
3355 47459 86837 
3356 88342 43332 
3357 38085 71592 
3358 43712 21886 
3359 28333 93685 
3360 16254 24781 
3361 81959 83736 
3362 28168 94451 
3363 82837 81267 
3364 39101 46324 
3365 12759 67607 
3366 38772 54741 
3367 38182 39499 
3368 25515 73494 
3369 73850 61788 
3370 96955 90794 
3371 90379 35937 
3372 86893 9487 
3373 11476 59690 
3374 88037 30190 
3375 40531 55749 
3376 33277 19856 
3377 397 98956 
3378 2253 37690 
3379 44623 22798 
3380 5669 60903 
3381 65296 38008 
3382 92061 8161 
3383 16690 5440 
3384 74500 43548 
3385 50119 71310 
3386 276 55631 
3387 60624 74088 
3388 82183 38383 
3389 24672 77976 
3390 65123 22154 
3391 30815 42204 
3392 38192 63421 
3393 76842 2537 
3394 13739 32243 
3395 91608 20093 
3396 76019 98810 
3397 83352 79808 
3398 90368 35779 
3399 35062 67542 
3400 71091 73366 
3401 32188 52324 
3402 35784 1968 
3403 59061 77788 
3404 26729 64826 
3405 21101 76198 
3406 5181 20103 
3407 27316 48909 
3408 22493 6570 
3409 69313 5284 
3410 36262 12721 
3411 40563 19027 
3412 10442 48450 
3413 64595 61602 
3414 80289 78128 
3415 83925 79424 
3416 37246 99098 
3417 80413 98736 
3418 92 40992 
3419 33023 58129 
3420 78967 99843 
3421 73246 84489 
3422 65366 38808 
3423 95382 34061 
3424 45254 58825 
3425 27798 82191 
3426 56899 99112 
3427 64132 76517 
3428 76527 80881 
3429 96164 43154 
3430 10213 88763 
3431 36500 92115 
3432 96327 38010 
3433 16239 52200 
3434 11859 88916 
3435 9617 25820 
3436 7092 22749 
3437 1657 99091 
3438 5045 44274 
3439 24490 11920 
3440 50672 17103 
3441 15788 62656 
3442 42277 67213 
3443 30929 43782 
3444 56550 54332 
3445 23921 50724 
3446 90799 2488 
3447 36438 43651 
3448 93683 2187 
3449 51636 32511 
3450 95313 22911 
3451 30896 97009 
3452 51813 42686 
3453 26113 10106 
3454 95867 81640 
3455 15988 15561 
3456 79967 23184 
3457 15785 41866 
3458 25904 1940 
3459 85691 55660 
3460 33747 81110 
3461 92061 89228 
3462 71875 83868 
3463 2688 19427 
3464 33445 31777 
3465 40721 76457 
3466 86714 74485 
3467 94335 96196 
3468 37006 64536 
3469 12794 2385 
3470 22958 48622 
3471 62551 50350 
3472 82999 82720 
3473 80720 24385 
3474 1928 38863 
3475 89320 57097 
3476 11865 96853 
3477 29516 39967 
3478 85125 70170 
3479 88181 43368 
3480 51363 9744 
3481 82795 43290 
3482 21939 96459 
3483 97059 85480 
3484 86451 22432 
3485 86312 67628 
3486 17137 56313 
3487 83192 47248 
3488 4123 69363 
3489 71237 21625 
3490 23762 19444 
3491 15324 43249 
3492 15485 73932 
3493 59554 62480 
3494 54138 43655 
3495 24730 88901 
3496 16431 79819 
3497 63908 99718 
3498 10527 51029 
3499 52672 54418 
3500 90360 66699 
3501 19503 51263 
3502 96488 37405 
3503 31738 59686 
3504 87888 86652 
3505 22540 30567 
3506 27377 87319 
3507 40730 47449 
3508 41859 73679 
3509 70627 83858 
3510 35653 34774 
3511 83379 53456 
3512 74222 96904 
3513 15265 53282 
3514 61922 56965 
3515 24408 3510 
3516 77984 5803 
3517 24563 97951 
3518 8152 88940 
3519 95458 76610 
3520 8026 64081 
3521 13449 51901 
3522 72042 65579 
3523 42471 75477 
3524 38799 71697 
3525 77716 23003 
3526 95466 16347 
3527 8387 87355 
3528 82532 80666 
3529 62983 30656 
3530 28992 39666 
3531 69266 90183 
3532 89072 30677 
3533 1816 29982 
3534 75684 95196 
3535 48915 9913 
3536 65341 96453 
3537 95840 20241 
3538 11391 87684 
3539 37286 44313 
3540 21509 74823 
3541 14103 87870 
3542 31886 32427 
3543 81134 51642 
3544 5077 16052 
3545 58200 55286 
3546 52798 56685 
3547 80208 99226 
3548 67756 95932 
3549 75363 40658 
3550 32176 56161 
3551 30674 67230 
3552 59836 66475 
3553 81013 59286 
3554 61814 45847 
3555 63580 75992 
3556 80872 78470 
3557 93521 89424 
3558 33844 18137 
3559 92249 48546 
3560 15748 77132 
3561 49498 55479 
3562 12063 9772 
3563 86519 77602 
3564 40824 34390 
3565 2710 38798 
3566 91649 25070 
3567 95362 99110 
3568 31741 61593 
3569 99020 98112 
3570 66578 76695 
3571 37612 17959 
3572 63389 46432 
3573 4614 95875 
3574 21152 68666 
3575 60008 11687 
3576 59030 61364 
3577 53904 759 
3578 35528 99682 
3579 88714 10068 
3580 65592 26614 
3581 20342 40934 
3582 22554 53431 
3583 33864 13317 
3584 58530 72161 
3585 82217 61475 
3586 44696 46169 
3587 66107 281 
3588 60808 32970 
3589 92122 36333 
3590 68470 66529 
3591 6014 72701 
3592 90159 98145 
3593 35613 5163 
3594 71835 32900 
3595 35245 40932 
3596 64047 21999 
3597 46919 80046 
3598 10495 61457 
3599 23591 30798 
3600 73680 2104 
3601 25552 55828 
3602 66346 71696 
3603 89805 66531 
3604 53165 43704 
3605 84849 79329 
3606 9531 76226 
3607 11744 51127 
3608 53203 69671 
3609 48711 42437 
3610 89598 5733 
3611 48230 38502 
3612 10242 96631 
3613 24302 29275 
3614 72116 32335 
3615 77700 43382 
3616 39530 44562 
3617 65413 80293 
3618 62095 78192 
3619 61413 81785 
3620 61519 71486 
3621 32368 93459 
3622 10610 62578 
3623 81425 37066 
3624 87942 2299 
3625 56784 91707 
3626 82164 56666 
3627 74614 89325 
3628 67477 13632 
3629 79725 78655 
3630 41854 17446 
3631 38851 27601 
3632 74582 84483 
3633 38989 64172 
3634 93256 58638 
3635 54503 23087 
3636 5043 38384 
3637 33785 15607 
3638 58847 43748 
3639 53078 33577 
3640 92907 24942 
3641 49246 82463 
3642 39042 79734 
3643 37315 14990 
3644 17099 38528 
3645 27689 4816 
3646 60799 77993 
3647 77575 11186 
3648 36790 84447 
3649 27594 13052 
3650 41594 13757 
3651 26936 1752 
3652 51453 45346 
3653 91601 68577 
3654 17927 33357 
3655 66834 22665 
3656 871 10551 
3657 81716 98951 
3658 36490 36973 
3659 62737 40732 
3660 66026 69673 
3661 76646 95584 
3662 69246 23116 
3663 96820 97582 
3664 43055 15674 
3665 31457 17929 
3666 5450 52881 
3667 95100 84489 
3668 69905 95271 
3669 12349 69957 
3670 13069 928 
3671 44938 58302 
3672 59550 19209 
3673 67830 22246 
3674 29362 52020 
3675 73667 31884 
3676 47764 27472 
3677 40809 87685 
3678 86876 53604 
3679 59343 23001 
3680 30245 68488 
3681 77526 20103 
3682 51675 2847 
3683 99158 60821 
3684 30067 74709 
3685 10303 39448 
3686 70805 23314 
3687 81857 15740 
3688 57460 42552 
3689 58631 44304 
3690 27518 51838 
3691 5726 370 
3692 85806 75017 
3693 74996 71923 
3694 31231 47364 
3695 57756 57030 
3696 64987 44444 
3697 40494 71786 
3698 41298 45371 
3699 75338 27569 
3700 67174 88831 
3701 61757 48364 
3702 20771 36213 
3703 46076 53398 
3704 38636 47927 
3705 22445 3354 
3706 91728 55008 
3707 62150 80929 
3708 32284 77384 
3709 78125 78748 
3710 20042 3329 
3711 67166 3082 
3712 66071 60620 
3713 51563 54374 
3714 74514 15288 
3715 39357 54225 
3716 11503 42456 
3717 60473 16663 
3718 83100 93024 
3719 90110 61857 
3720 98987 74812 
3721 99755 44086 
3722 63214 59085 
3723 37406 24558 
3724 38177 12481 
3725 41750 49557 
3726 62785 43469 
3727 29786 56857 
3728 90075 82730 
3729 65714 8784 
3730 45887 5258 
3731 42291 96200 
3732 34770 21525 
3733 56409 54028 
3734 68771 23780 
3735 90444 41776 
3736 49493 96377 
3737 54789 97306 
3738 61723 39929 
3739 46442 96269 
3740 29603 71496 
3741 77941 37427 
3742 39881 5951 
3743 54835 48294 
3744 29612 92428 
3745 2248 23451 
3746 637 69702 
3747 35695 5323 
3748 75411 38858 
3749 15743 11999 
3750 67452 86967 
3751 44746 72696 
3752 97518 51556 
3753 3999 84377 
3754 37372 19289 
3755 41007 90065 
3756 66596 72528 
3757 79628 9929 
3758 50981 30985 
3759 46637 78022 
3760 58445 96004 
3761 43823 83451 
3762 84784 16959 
3763 80246 75630 
3764 17270 64012 
3765 60401 49349 
3766 81003 68589 
3767 49947 74285 
3768 29562 25903 
3769 23005 22887 
3770 85363 26112 
3771 97008 82831 
3772 58921 34895 
3773 76641 48683 
3774 65369 68639 
3775 51790 33516 
3776 72868 83623 
3777 6893 60932 
3778 61789 66089 
3779 76203 48036 
3780 76094 97293 
3781 96177 92144 
3782 40693 41401 
3783 19363 91170 
3784 75644 33775 
3785 15971 44536 
3786 87430 42467 
3787 39890 1659 
3788 46133 66615 
3789 87734 67341 
3790 81705 32181 
3791 83575 34350 
3792 79955 66441 
3793 74404 1258 
3794 43175 91897 
3795 71987 70434 
3796 26864 49889 
3797 5893 54230 
3798 75741 89647 
3799 807 4812 
3800 42425 18488 
3801 28853 77760 
3802 28729 10485 
3803 55513 1161 
3804 85614 92446 
3805 72081 9955 
3806 570 38785 
3807 98159 40797 
3808 80191 29662 
3809 12474 48577 
3810 49171 54722 
3811 10929 49372 
3812 53392 64382 
3813 45616 5226 
3814 12744 75716 
3815 79019 38143 
3816 13493 2846 
3817 6839 58932 
3818 57806 56618 
3819 59176 68684 
3820 21206 80630 
3821 7573 33185 
3822 24591 95764 
3823 13432 75184 
3824 84396 10650 
3825 2161 1694 
3826 16036 31033 
3827 25322 71621 
3828 22401 57719 
3829 40501 31648 
3830 24536 39595 
3831 64626 32527 
3832 34740 6709 
3833 66733 28422 
3834 25803 44215 
3835 97316 72216 
3836 59826 12084 
3837 21413 38076 
3838 22316 23236 
3839 67062 73881 
3840 70301 80401 
3841 53327 93012 
3842 4478 12433 
3843 48513 37458 
3844 14473 92000 
3845 83706 27308 
3846 31955 7545 
3847 52960 19375 
3848 79481 84112 
3849 75163 16876 
3850 48595 43408 
3851 25584 54435 
3852 63270 11820 
3853 76455 67430 
3854 36022 7844 
3855 13422 64621 
3856 93560 31830 
3857 35478 63190 
3858 32741 92894 
3859 8891 43703 
3860 93930 96652 
3861 82082 95074 
3862 49372 48033 
3863 65627 16915 
3864 69738 90949 
3865 10917 3769 
3866 48171 12967 
3867 17712 2143 
3868 95158 6450 
3869 13598 50869 
3870 85968 74665 
3871 76067 12832 
3872 20159 4127 
3873 88812 58874 
3874 14557 69685 
3875 92860 47655 
3876 37481 85713 
3877 26960 12502 
3878 35960 22423 
3879 63812 32305 
3880 77257 8679 
3881 34991 31585 
3882 86133 81234 
3883 3594 94560 
3884 1317 96762 
3885 15342 35612 
3886 34942 57478 
3887 10170 58693 
3888 29623 13918 
3889 3188 44372 
3890 70827 67113 
3891 38759 64439 
3892 18154 46625 
3893 57002 54109 
3894 7082 82928 
3895 44354 12795 
3896 76922 62121 
3897 22749 41336 
3898 25495 40901 
3899 36255 77947 
3900 30840 36248 
3901 25403 46703 
3902 2084 36271 
3903 33079 70385 
3904 25156 73449 
3905 44593 69110 
3906 76978 59503 
3907 83424 57819 
3908 46096 53073 
3909 48019 32234 
3910 86006 12479 
3911 74838 45637 
3912 50979 62464 
3913 9460 98291 
3914 15412 91923 
3915 20758 53668 
3916 70451 75648 
3917 56776 83907 
3918 65927 40409 
3919 48477 8183 
3920 61737 15570 
3921 31305 30805 
3922 22423 98746 
3923 88748 37382 
3924 17505 85813 
3925 62159 27249 
3926 95616 99288 
3927 25927 27173 
3928 25510 93409 
3929 28758 88100 
3930 24337 47344 
3931 57520 70575 
3932 3194 33573 
3933 35739 95210 
3934 69546 53623 
3935 40560 2860 
3936 99403 71150 
3937 75775 96294 
3938 1916 22847 
3939 39119 27181 
3940 69471 42946 
3941 38530 83526 
3942 43277 35088 
3943 28246 15245 
3944 75977 22526 
3945 95304 88673 
3946 77873 56433 
3947 45684 3791 
3948 33264 60189 
3949 90903 72538 
3950 98577 31838 
3951 43573 79524 
3952 39886 87890 
3953 57975 18076 
3954 51719 70929 
3955 51564 58980 
3956 41071 23593 
3957 79664 80285 
3958 29343 78875 
3959 8266 79729 
3960 66894 72108 
3961 69679 74077 
3962 61400 72489 
3963 84548 35929 
3964 33274 48986 
3965 56192 42310 
3966 43104 59297 
3967 99600 10227 
3968 92214 17904 
3969 50004 39339 
3970 54139 97476 
3971 73127 22494 
3972 9556 37505 
3973 26589 35498 
3974 79645 97163 
3975 66981 72870 
3976 54905 31583 
3977 61805 67148 
3978 61994 70668 
3979 53284 55521 
3980 55772 56082 
3981 18874 58082 
3982 16060 64693 
3983 89828 81196 
3984 16007 12125 
3985 35676 65767 
3986 1341 21965 
3987 23654 87408 
3988 98196 35229 
3989 64333 99138 
3990 87144 53399 
3991 53931 32320 
3992 82608 98603 
3993 20391 4002 
3994 89580 94127 
3995 86841 27066 
3996 38266 33015 
3997 36233 73570 
3998 57384 61132 
3999 88662 21539 
4000 13860 52652 
4001 85138 54756 
4002 62128 14207 
4003 94986 49677 
4004 42865 98801 
4005 48740 97719 
4006 26630 4688 
4007 14849 211 
4008 15637 8868 
4009 91714 45363 
4010 90209 19365 
4011 30118 27353 
4012 85080 5438 
4013 7985 17754 
4014 90921 95165 
4015 40361 61038 
4016 19667 73683 
4017 4346 56951 
4018 73400 33326 
4019 42745 84203 
4020 13936 85712 
4021 98310 895 
4022 29530 33228 
4023 54762 76818 
4024 19565 10973 
4025 31712 54516 
4026 69389 62467 
4027 6576 71633 
4028 95545 41403 
4029 21110 48478 
4030 70849 85049 
4031 9474 69535 
4032 63061 85797 
4033 41464 42482 
4034 1881 96783 
4035 85463 54492 
4036 62325 18928 
4037 7351 90285 
4038 29864 68703 
4039 40139 24850 
4040 49244 66476 
4041 89319 36536 
4042 93076 57372 
4043 30523 85944 
4044 67139 36610 
4045 34076 10019 
4046 46262 71863 
4047 72036 72587 
4048 21009 92597 
4049 35408 10347 
4050 97816 57749 
4051 63592 10452 
4052 55427 91811 
4053 71323 15765 
4054 4917 8891 
4055 81896 39143 
4056 94310 42147 
4057 90265 9554 
4058 96827 40453 
4059 1130 89407 
4060 28599 7495 
4061 97000 85500 
4062 13388 88776 
4063 74900 17893 
4064 90794 72345 
4065 1190 18965 
4066 49752 79829 
4067 38574 28712 
4068 37216 8415 
4069 86326 37644 
4070 5283 439 
4071 42980 3460 
4072 51598 78392 
4073 77660 20952 
4074 56261 41713 
4075 89185 39037 
4076 33532 30206 
4077 47676 36924 
4078 73381 77762 
4079 25141 81506 
4080 15555 23011 
4081 95774 30692 
4082 2365 65410 
4083 86384 57420 
4084 78222 85846 
4085 77132 7236 
4086 75865 36068 
4087 41284 41630 
4088 71961 84445 
4089 2098 81117 
4090 83927 47700 
4091 23814 64388 
4092 12917 72954 
4093 74365 54521 
4094 23047 60952 
4095 45708 77654 
4096 53249 37736 
4097 604 28460 
4098 71595 52433 
4099 61936 52628 
4100 64146 22813 
4101 15714 47795 
4102 35416 8184 
4103 79019 59560 
4104 1291 89607 
4105 17601 74838 
4106 85587 87395 
4107 53690 19433 
4108 10117 92497 
4109 7279 13831 
4110 3957 39295 
4111 42908 57396 
4112 27080 74525 
4113 68292 46369 
4114 6471 95605 
4115 76210 35507 
4116 94479 52264 
4117 1018 77612 
4118 65286 29863 
4119 32829 81592 
4120 61352 57739 
4121 12619 37429 
4122 77503 75345 
4123 59171 36863 
4124 3729 20213 
4125 91286 89272 
4126 68147 78570 
4127 25674 43601 
4128 3004 60116 
4129 69627 39704 
4130 1076 17922 
4131 27899 26686 
4132 85163 23723 
4133 29241 46050 
4134 18342 65060 
4135 70368 24895 
4136 92116 25083 
4137 44982 10384 
4138 28542 24947 
4139 71621 52444 
4140 47517 32444 
4141 20023 42753 
4142 83974 26478 
4143 34778 54753 
4144 17888 86210 
4145 39331 17955 
4146 374 12045 
4147 47758 64936 
4148 28424 35130 
4149 76292 80940 
4150 75452 24323 
4151 13141 86452 
4152 17554 97580 
4153 46501 14586 
4154 81525 88156 
4155 10947 48145 
4156 32781 92184 
4157 87700 19703 
4158 42193 64254 
4159 25711 66967 
4160 49209 56219 
4161 71201 66328 
4162 56178 61033 
4163 30192 72166 
4164 62315 47209 
4165 70749 14299 
4166 20269 537 
4167 22051 35369 
4168 54695 24337 
4169 64220 97382 
4170 48454 47104 
4171 13986 79797 
4172 51460 91390 
4173 16786 20141 
4174 53144 73006 
4175 26925 46600 
4176 35403 40723 
4177 61049 34026 
4178 46155 12715 
4179 93893 2764 
4180 8120 30987 
4181 11721 70372 
4182 43323 57593 
4183 82027 34131 
4184 48023 14240 
4185 4030 35594 
4186 17687 32148 
4187 62853 76346 
4188 61543 50178 
4189 68790 26231 
4190 44159 34579 
4191 33497 19176 
4192 72346 36285 
4193 33615 56301 
4194 73797 67750 
4195 29712 37357 
4196 55827 43126 
4197 42605 15644 
4198 17260 8151 
4199 91124 14245 
4200 79846 10476 
4201 61873 59546 
4202 36876 26411 
4203 38737 54453 
4204 89690 12856 
4205 51042 53929 
4206 29835 98080 
4207 30871 96330 
4208 27786 12847 
4209 82696 45174 
4210 66020 10638 
4211 79477 11870 
4212 30047 89116 
4213 89867 1973 
4214 99492 91496 
4215 34240 31764 
4216 55063 24553 
4217 8248 33032 
4218 89607 94874 
4219 75657 6585 
4220 3457 53684 
4221 37404 97591 
4222 49823 31882 
4223 17546 20835 
4224 28126 66363 
4225 48070 17687 
4226 68077 16056 
4227 83802 7347 
4228 73185 14291 
4229 88553 8197 
4230 56933 11551 
4231 59411 26260 
4232 47439 13770 
4233 91127 39850 
4234 64174 1844 
4235 88722 4443 
4236 49664 63114 
4237 34022 29494 
4238 97727 70212 
4239 21367 67751 
4240 83291 25431 
4241 1870 85286 
4242 85155 18263 
4243 9888 27904 
4244 92701 29869 
4245 21865 56607 
4246 99925 3921 
4247 55090 45209 
4248 67442 50884 
4249 10418 57074 
4250 34276 69325 
4251 20592 90351 
4252 84378 25518 
4253 30086 59608 
4254 31984 48994 
4255 22305 98249 
4256 2181 81397 
4257 57285 86390 
4258 74122 21248 
4259 33869 84728 
4260 89143 83167 
4261 49361 78839 
4262 23768 99569 
4263 97280 18998 
4264 93476 748 
4265 10829 36790 
4266 48206 21882 
4267 95142 53160 
4268 99860 10100 
4269 38910 33939 
4270 30677 19929 
4271 79533 87806 
4272 89600 72458 
4273 37645 29146 
4274 94535 70054 
4275 84901 70095 
4276 35698 1213 
4277 67459 3810 
4278 75792 50228 
4279 48610 19584 
4280 41033 11156 
4281 78987 23625 
4282 95374 57934 
4283 71096 41179 
4284 8530 22479 
4285 93204 25818 
4286 57266 19228 
4287 99582 37881 
4288 23087 38411 
4289 31372 75496 
4290 29917 1213 
4291 94731 90267 
4292 85684 72859 
4293 54789 98834 
4294 93571 48556 
4295 43612 86122 
4296 78884 39601 
4297 77202 97087 
4298 81322 40254 
4299 53803 92316 
4300 58488 2165 
4301 63370 65761 
4302 90379 29056 
4303 27033 31152 
4304 11223 16810 
4305 9188 71892 
4306 84656 65050 
4307 74436 17326 
4308 98847 57133 
4309 49849 98205 
4310 23380 46512 
4311 56753 34249 
4312 64954 28823 
4313 12293 66061 
4314 49254 78301 
4315 76163 52190 
4316 7945 44216 
4317 11750 49820 
4318 31813 64696 
4319 8993 66453 
4320 77116 6012 
4321 45435 50256 
4322 47396 98160 
4323 14867 36380 
4324 30199 13735 
4325 19173 32118 
4326 73319 99281 
4327 93157 99633 
4328 98415 36506 
4329 42952 24581 
4330 40868 98943 
4331 1219 9462 
4332 62026 54221 
4333 40971 15424 
4334 42115 85240 
4335 47515 91996 
4336 59842 22453 
4337 32467 30322 
4338 84766 14932 
4339 14269 9819 
4340 35778 23293 
4341 84844 32369 
4342 30337 91078 
4343 62077 63285 
4344 38631 28238 
4345 87584 72349 
4346 87370 7129 
4347 26607 84536 
4348 84831 76521 
4349 7164 50431 
4350 72617 62709 
4351 25802 81818 
4352 59309 57512 
4353 31858 88428 
4354 50657 51129 
4355 76774 20573 
4356 75522 68131 
4357 44401 65442 
4358 46501 88384 
4359 3869 47626 
4360 42213 42855 
4361 72559 14759 
4362 23419 67646 
4363 81741 86423 
4364 92108 70206 
4365 61887 495 
4366 75996 27522 
4367 26131 10499 
4368 62592 59435 
4369 22458 13236 
4370 5713 93812 
4371 90897 34326 
4372 82141 48076 
4373 68346 78845 
4374 21879 38581 
4375 67016 74180 
4376 1518 70104 
4377 46362 29561 
4378 49500 62371 
4379 72126 41224 
4380 86485 76609 
4381 93495 58691 
4382 62335 84980 
4383 83193 56651 
4384 31936 69553 
4385 16081 44253 
4386 72499 75895 
4387 46210 87900 
4388 45333 76910 
4389 39082 42134 
4390 89372 16152 
4391 24195 93910 
4392 46534 695 
4393 66853 74662 
4394 64399 17659 
4395 18312 68639 
4396 87773 85509 
4397 28040 38991 
4398 82774 95518 
4399 98337 51845 
4400 6929 28845 
4401 84506 46331 
4402 874 79065 
4403 44478 82113 
4404 60110 61019 
4405 32869 82946 
4406 63446 12382 
4407 87441 95541 
4408 19281 39606 
4409 70772 2819 
4410 47994 88987 
4411 60207 15631 
4412 22185 41888 
4413 49750 48359 
4414 27845 56788 
4415 38287 62086 
4416 68343 24341 
4417 92473 1571 
4418 34458 30251 
4419 48968 49881 
4420 41422 76936 
4421 45103 1364 
4422 90827 54394 
4423 9527 21109 
4424 27955 24491 
4425 20139 62754 
4426 14144 68565 
4427 19542 21773 
4428 94045 65861 
4429 95492 75391 
4430 49617 65867 
4431 12998 9057 
4432 1686 7739 
4433 5521 35303 
4434 20007 59299 
4435 62822 28794 
4436 37463 65673 
4437 74955 79296 
4438 65087 87809 
4439 71864 90313 
4440 88047 40040 
4441 76175 88921 
4442 44710 48320 
4443 29602 90797 
4444 28989 67880 
4445 17880 92044 
4446 36893 52470 
4447 21642 45931 
4448 51345 99156 
4449 3816 79613 
4450 85174 50197 
4451 45593 41622 
4452 72814 89458 
4453 51455 2778 
4454 43188 70502 
4455 40377 66694 
4456 94154 4738 
4457 35650 50650 
4458 64751 38541 
4459 57687 42882 
4460 34252 40636 
4461 56949 61216 
4462 26797 74058 
4463 23008 5656 
4464 61869 34164 
4465 38113 16216 
4466 28362 33364 
4467 58855 15905 
4468 43095 23511 
4469 88110 93750 
4470 58640 62685 
4471 73309 99904 
4472 62408 71821 
4473 62057 51579 
4474 13311 62035 
4475 74711 93281 
4476 14096 95287 
4477 66015 84465 
4478 69414 14650 
4479 96044 49084 
4480 91598 26767 
4481 8064 27948 
4482 5895 42580 
4483 48084 78768 
4484 37558 44812 
4485 77084 56648 
4486 87542 28091 
4487 31593 75210 
4488 70893 82493 
4489 26377 6703 
4490 86202 32867 
4491 19433 7902 
4492 35019 43563 
4493 42330 8402 
4494 48939 45531 
4495 73873 7594 
4496 29783 10265 
4497 17257 93133 
4498 84113 60138 
4499 22787 37975 
4500 98734 21317 
4501 97453 67173 
4502 43947 66067 
4503 24801 40985 
4504 68797 35238 
4505 13732 51466 
4506 27205 28851 
4507 11695 3468 
4508 80705 40557 
4509 95562 22167 
4510 5056 91551 
4511 98772 40022 
4512 69710 26758 
4513 32351 90447 
4514 88781 44873 
4515 38329 91050 
4516 91781 79926 
4517 26533 24927 
4518 79058 20186 
4519 8712 74241 
4520 85435 92924 
4521 19519 64961 
4522 93155 34166 
4523 91117 75584 
4524 71224 71505 
4525 24851 77108 
4526 10825 24733 
4527 68856 67734 
4528 18005 94538 
4529 18952 79366 
4530 17534 81125 
4531 75993 67804 
4532 76285 78674 
4533 34472 50124 
4534 7855 19651 
4535 85762 58741 
4536 57068 67634 
4537 11423 6918 
4538 80024 57473 
4539 53864 34893 
4540 92082 1131 
4541 46265 68606 
4542 69035 79814 
4543 89378 40348 
4544 61841 7768 
4545 65223 7463 
4546 18825 59635 
4547 92040 4706 
4548 7898 21199 
4549 98266 9567 
4550 57798 93442 
4551 24404 19402 
4552 69940 81662 
4553 33734 66927 
4554 73832 67335 
4555 51332 9512 
4556 117 99695 
4557 14368 36327 
4558 63177 13457 
4559 83029 12317 
4560 37734 30406 
4561 51424 27877 
4562 32016 97607 
4563 63113 67119 
4564 89602 42719 
4565 64448 52108 
4566 28603 4684 
4567 77570 16435 
4568 39351 53395 
4569 41082 63919 
4570 80792 25149 
4571 68676 17189 
4572 24771 29713 
4573 26893 10277 
4574 45127 70927 
4575 52022 35692 
4576 56343 56998 
4577 52471 23507 
4578 77625 23411 
4579 88065 34201 
4580 52791 40184 
4581 82140 77160 
4582 55859 23156 
4583 60303 95782 
4584 19416 92068 
4585 9053 88698 
4586 14987 98902 
4587 81612 40216 
4588 48096 15045 
4589 72578 28107 
4590 28393 27254 
4591 35656 94558 
4592 99945 31246 
4593 39248 47048 
4594 76007 462 
4595 31411 70033 
4596 24478 70156 
4597 84787 76197 
4598 20305 16143 
4599 37183 70356 
4600 50748 37542 
4601 92469 49572 
4602 16230 88902 
4603 76705 68180 
4604 58130 63103 
4605 47652 45389 
4606 46996 19513 
4607 85072 41191 
4608 72129 67920 
4609 96591 29365 
4610 32543 48425 
4611 8740 55534 
4612 53243 61936 
4613 42249 23673 
4614 42714 46608 
4615 36215 86516 
4616 4231 21518 
4617 91365 24545 
4618 21675 7298 
4619 49927 29006 
4620 86651 7794 
4621 29943 19039 
4622 90987 22765 
4623 15249 4698 
4624 3808 32545 
4625 56377 89263 
4626 51268 21850 
4627 64695 53762 
4628 90482 61944 
4629 77922 77399 
4630 44560 87819 
4631 43579 54040 
4632 46365 10254 
4633 64624 83909 
4634 55040 31197 
4635 52353 2297 
4636 83840 54644 
4637 39871 98165 
4638 89362 80645 
4639 10672 54220 
4640 15245 4309 
4641 12688 95243 
4642 15002 597 
4643 91025 39778 
4644 48646 11576 
4645 56227 8210 
4646 90521 79893 
4647 2830 16053 
4648 51649 66843 
4649 4156 55877 
4650 18632 76875 
4651 46836 88266 
4652 60965 12055 
4653 91777 73604 
4654 36910 97846 
4655 73649 17 
4656 28715 67808 
4657 68441 43099 
4658 10277 6860 
4659 88150 45665 
4660 92765 21732 
4661 35118 73697 
4662 47705 70081 
4663 15093 95039 
4664 1945 62281 
4665 54827 58836 
4666 68392 82177 
4667 62755 77205 
4668 20910 77585 
4669 48479 67583 
4670 66562 19955 
4671 73463 79932 
4672 40957 2486 
4673 51512 22005 
4674 86057 32117 
4675 66793 2804 
4676 81913 31760 
4677 39912 23093 
4678 28594 58500 
4679 58163 62441 
4680 83815 89740 
4681 9411 43942 
4682 9986 59059 
4683 43507 54414 
4684 89438 55636 
4685 49822 63833 
4686 51218 9776 
4687 60198 38466 
4688 29928 99019 
4689 23953 10892 
4690 73611 74308 
4691 76782 84847 
4692 7487 16015 
4693 83894 93411 
4694 14250 47729 
4695 75789 4487 
4696 38256 43991 
4697 4007 6223 
4698 8732 39860 
4699 77607 60392 
4700 1594 1237 
4701 77155 14312 
4702 131 92770 
4703 91971 72983 
4704 68495 28115 
4705 97193 97908 
4706 56526 52236 
4707 57674 95110 
4708 28594 71063 
4709 61178 54976 
4710 15940 63261 
4711 83974 73231 
4712 59351 4032 
4713 35643 38723 
4714 40698 73592 
4715 20644 15416 
4716 19654 93352 
4717 77328 49888 
4718 17463 33564 
4719 26834 52398 
4720 7032 65186 
4721 38434 44641 
4722 18231 62913 
4723 18433 72908 
4724 11800 88858 
4725 86362 29950 
4726 27717 43226 
4727 29219 21235 
4728 28962 29914 
4729 13059 20566 
4730 55742 34195 
4731 84493 84913 
4732 93638 1569 
4733 20747 53171 
4734 24596 79699 
4735 48214 23132 
4736 15781 69323 
4737 33985 26248 
4738 8841 50712 
4739 71638 27958 
4740 44083 41390 
4741 90072 96755 
4742 4847 68159 
4743 2151 86888 
4744 339 48312 
4745 47906 64413 
4746 63502 46106 
4747 1031 9224 
4748 67838 64084 
4749 17046 66134 
4750 89886 21978 
4751 51252 22133 
4752 57756 36388 
4753 11083 65403 
4754 69384 50276 
4755 80398 26423 
4756 19336 33061 
4757 26713 63698 
4758 16840 58141 
4759 32023 10529 
4760 99535 1360 
4761 11838 34314 
4762 18733 5441 
4763 4054 23217 
4764 28017 44596 
4765 35895 63646 
4766 44183 72997 
4767 64559 6092 
4768 74238 18975 
4769 82050 40272 
4770 93592 10426 
4771 57900 37732 
4772 50906 33716 
4773 38114 64975 
4774 6195 93643 
4775 3895 90515 
4776 10330 65972 
4777 84954 70131 
4778 25824 16603 
4779 18397 25823 
4780 49348 49559 
4781 83536 92606 
4782 67333 72969 
4783 32876 7862 
4784 86354 40625 
4785 65195 55482 
4786 98013 57229 
4787 65204 34929 
4788 35663 28463 
4789 65846 7647 
4790 74581 36442 
4791 42218 48082 
4792 27895 87385 
4793 84602 82347 
4794 9961 75452 
4795 65376 52007 
4796 46651 73392 
4797 66215 75114 
4798 60427 37625 
4799 51502 58119 
4800 19931 42318 
4801 91563 87117 
4802 44156 89010 
4803 78028 53905 
4804 80585 15434 
4805 15672 22740 
4806 58385 27072 
4807 64276 83090 
4808 10444 68723 
4809 3778 38982 
4810 43950 18841 
4811 60964 98429 
4812 61850 5938 
4813 43934 15606 
4814 7278 96938 
4815 94330 66930 
4816 68444 57802 
4817 59492 5181 
4818 70840 8635 
4819 84469 73465 
4820 15469 36697 
4821 54318 22052 
4822 46155 45872 
4823 52858 25990 
4824 34203 5590 
4825 97174 53721 
4826 54259 69765 
4827 30285 84244 
4828 53732 66002 
4829 87451 51894 
4830 19760 90383 
4831 77299 37868 
4832 77370 84729 
4833 87612 53727 
4834 62230 56927 
4835 68086 37917 
4836 82623 55216 
4837 45786 37058 
4838 36359 85151 
4839 45952 75010 
4840 30025 25750 
4841 91290 49782 
4842 17306 65236 
4843 47550 80065 
4844 39390 99013 
4845 94785 59230 
4846 41559 75036 
4847 50046 58376 
4848 82969 21103 
4849 68469 44933 
4850 89593 30511 
4851 56497 84144 
4852 45379 34147 
4853 14338 50946 
4854 38922 34016 
4855 63913 15100 
4856 39674 10311 
4857 62322 45139 
4858 53225 96123 
4859 25019 24888 
4860 23500 47933 
4861 39891 2051 
4862 99303 902 
4863 72030 73627 
4864 23420 13888 
4865 36949 41669 
4866 92517 53633 
4867 53450 76615 
4868 75484 62181 
4869 32553 76280 
4870 29655 43496 
4871 88250 74918 
4872 86449 85405 
4873 67042 42403 
4874 75267 66189 
4875 61993 25644 
4876 77394 75727 
4877 33687 69559 
4878 48578 53792 
4879 65912 69337 
4880 51561 87392 
4881 19199 52114 
4882 99262 50761 
4883 21958 97814 
4884 42959 46636 
4885 23475 62264 
4886 3186 51498 
4887 25046 10868 
4888 49139 9835 
4889 94286 40058 
4890 3981 8383 
4891 8236 62962 
4892 58804 57295 
4893 49936 40752 
4894 30862 63551 
4895 73647 36182 
4896 9282 52994 
4897 2006 16640 
4898 17384 34778 
4899 67240 62960 
4900 99296 17994 
4901 31235 11158 
4902 91359 39002 
4903 54593 65660 
4904 17604 4295 
4905 87675 86732 
4906 84201 73156 
4907 5671 61310 
4908 28565 24849 
4909 79842 4353 
4910 78158 94294 
4911 71592 12357 
4912 46924 29468 
4913 62560 23107 
4914 18216 54472 
4915 50613 73802 
4916 30419 73269 
4917 74943 42535 
4918 49315 47981 
4919 65665 2960 
4920 744 5475 
4921 99627 85741 
4922 21533 92272 
4923 26271 67235 
4924 91642 66409 
4925 69744 88062 
4926 10311 5657 
4927 90215 42331 
4928 73514 97472 
4929 84064 10639 
4930 87841 35592 
4931 57905 80344 
4932 72172 59743 
4933 23882 84926 
4934 74337 43126 
4935 61527 16580 
4936 34339 63637 
4937 56867 42673 
4938 36108 8984 
4939 55511 41046 
4940 69703 24906 
4941 18336 10012 
4942 47323 74045 
4943 25519 59019 
4944 4834 13700 
4945 51865 21945 
4946 22872 79309 
4947 96927 79757 
4948 59086 48477 
4949 19496 78831 
4950 21309 22729 
4951 12234 48462 
4952 23032 83311 
4953 37095 81485 
4954 66651 89360 
4955 39316 54699 
4956 65312 5130 
4957 91573 90477 
4958 47056 35829 
4959 20484 85930 
4960 38550 90010 
4961 849 44116 
4962 43663 76267 
4963 49475 92414 
4964 86622 17379 
4965 67741 58062 
4966 40252 71483 
4967 17020 15776 
4968 63948 38278 
4969 6204 19988 
4970 79245 49034 
4971 9273 6901 
4972 88488 61148 
4973 64403 18503 
4974 74281 94326 
4975 38219 11788 
4976 27179 52343 
4977 41451 12435 
4978 85036 8855 
4979 83202 56862 
4980 57632 22149 
4981 14701 44335 
4982 72097 11488 
4983 43793 14126 
4984 10115 29678 
4985 68548 13849 
4986 91814 40988 
4987 20395 9833 
4988 76773 7923 
4989 45598 78781 
4990 15243 10355 
4991 41608 1477 
4992 30949 46383 
4993 71531 4556 
4994 20786 85412 
4995 56384 69219 
4996 24056 91255 
4997 76220 69254 
4998 3024 48011 
4999 44142 42446 
5000 9857 3931 
