npieces: 5000
capacity: 358070
1 557 657 
2 415 515 
3 617 717 
4 704 804 
5 719 819 
6 169 269 
7 48 148 
8 477 577 
9 641 741 
10 435 535 
11 927 1027 
12 690 790 
13 794 894 
14 11 111 
15 825 925 
16 413 513 
17 858 958 
18 744 844 
19 607 707 
20 188 288 
21 697 797 
22 992 1092 
23 768 868 
24 764 864 
25 977 1077 
26 836 936 
27 193 293 
28 75 175 
29 138 238 
30 408 508 
31 362 462 
32 381 481 
33 978 1078 
34 271 371 
35 541 641 
36 347 447 
37 654 754 
38 404 504 
39 851 951 
40 971 1071 
41 770 870 
42 427 527 
43 597 697 
44 904 1004 
45 937 1037 
46 445 545 
47 860 960 
48 761 861 
49 834 934 
50 554 654 
51 725 825 
52 64 164 
53 399 499 
54 569 669 
55 189 289 
56 873 973 
57 955 1055 
58 331 431 
59 132 232 
60 370 470 
61 735 835 
62 758 858 
63 913 1013 
64 841 941 
65 665 765 
66 981 1081 
67 250 350 
68 376 476 
69 657 757 
70 429 529 
71 374 474 
72 710 810 
73 953 1053 
74 786 886 
75 674 774 
76 48 148 
77 841 941 
78 112 212 
79 644 744 
80 205 305 
81 572 672 
82 637 737 
83 655 755 
84 911 1011 
85 315 415 
86 475 575 
87 555 655 
88 676 776 
89 156 256 
90 428 528 
91 736 836 
92 44 144 
93 247 347 
94 942 1042 
95 439 539 
96 110 210 
97 796 896 
98 518 618 
99 613 713 
100 243 343 
101 932 1032 
102 560 660 
103 581 681 
104 444 544 
105 162 262 
106 468 568 
107 113 213 
108 310 410 
109 526 626 
110 541 641 
111 229 329 
112 523 623 
113 390 490 
114 860 960 
115 560 660 
116 973 1073 
117 601 701 
118 849 949 
119 479 579 
120 788 888 
121 802 902 
122 33 133 
123 256 356 
124 359 459 
125 949 1049 
126 339 439 
127 720 820 
128 455 555 
129 377 477 
130 516 616 
131 929 1029 
132 854 954 
133 354 454 
134 842 942 
135 380 480 
136 119 219 
137 353 453 
138 838 938 
139 919 1019 
140 823 923 
141 59 159 
142 122 222 
143 435 535 
144 904 1004 
145 595 695 
146 330 430 
147 988 1088 
148 983 1083 
149 221 321 
150 368 468 
151 54 154 
152 307 407 
153 136 236 
154 815 915 
155 224 324 
156 846 946 
157 750 850 
158 689 789 
159 368 468 
160 281 381 
161 227 327 
162 220 320 
163 411 511 
164 567 667 
165 112 212 
166 95 195 
167 143 243 
168 771 871 
169 667 767 
170 58 158 
171 335 435 
172 758 858 
173 157 257 
174 203 303 
175 289 389 
176 752 852 
177 663 763 
178 773 873 
179 976 1076 
180 864 964 
181 322 422 
182 947 1047 
183 570 670 
184 63 163 
185 274 374 
186 987 1087 
187 93 193 
188 366 466 
189 173 273 
190 293 393 
191 402 502 
192 16 116 
193 678 778 
194 42 142 
195 78 178 
196 873 973 
197 465 565 
198 674 774 
199 513 613 
200 870 970 
201 978 1078 
202 558 658 
203 493 593 
204 911 1011 
205 127 227 
206 420 520 
207 781 881 
208 943 1043 
209 510 610 
210 672 772 
211 535 635 
212 548 648 
213 716 816 
214 831 931 
215 384 484 
216 162 262 
217 444 544 
218 383 483 
219 690 790 
220 730 830 
221 840 940 
222 275 375 
223 828 928 
224 191 291 
225 238 338 
226 635 735 
227 934 1034 
228 873 973 
229 154 254 
230 807 907 
231 184 284 
232 418 518 
233 92 192 
234 220 320 
235 918 1018 
236 358 458 
237 446 546 
238 127 227 
239 242 342 
240 408 508 
241 813 913 
242 543 643 
243 742 842 
244 392 492 
245 385 485 
246 55 155 
247 436 536 
248 344 444 
249 354 454 
250 577 677 
251 700 800 
252 142 242 
253 417 517 
254 510 610 
255 793 893 
256 171 271 
257 664 764 
258 633 733 
259 488 588 
260 18 118 
261 463 563 
262 180 280 
263 86 186 
264 884 984 
265 988 1088 
266 129 229 
267 357 457 
268 248 348 
269 270 370 
270 43 143 
271 451 551 
272 649 749 
273 534 634 
274 382 482 
275 616 716 
276 111 211 
277 899 999 
278 56 156 
279 433 533 
280 407 507 
281 656 756 
282 819 919 
283 310 410 
284 798 898 
285 140 240 
286 859 959 
287 636 736 
288 777 877 
289 814 914 
290 857 957 
291 271 371 
292 824 924 
293 691 791 
294 258 358 
295 496 596 
296 408 508 
297 6 106 
298 210 310 
299 951 1051 
300 256 356 
301 42 142 
302 466 566 
303 782 882 
304 220 320 
305 559 659 
306 241 341 
307 433 533 
308 77 177 
309 55 155 
310 374 474 
311 693 793 
312 889 989 
313 427 527 
314 667 767 
315 700 800 
316 654 754 
317 863 963 
318 413 513 
319 930 1030 
320 330 430 
321 46 146 
322 424 524 
323 280 380 
324 967 1067 
325 339 439 
326 871 971 
327 187 287 
328 242 342 
329 30 130 
330 10 110 
331 431 531 
332 586 686 
333 576 676 
334 472 572 
335 541 641 
336 21 121 
337 419 519 
338 35 135 
339 534 634 
340 206 306 
341 240 340 
342 132 232 
343 531 631 
344 19 119 
345 854 954 
346 547 647 
347 531 631 
348 467 567 
349 428 528 
350 104 204 
351 408 508 
352 293 393 
353 203 303 
354 592 692 
355 246 346 
356 827 927 
357 475 575 
358 951 1051 
359 801 901 
360 486 586 
361 776 876 
362 324 424 
363 714 814 
364 931 1031 
365 281 381 
366 930 1030 
367 229 329 
368 802 902 
369 126 226 
370 666 766 
371 82 182 
372 79 179 
373 603 703 
374 206 306 
375 14 114 
376 625 725 
377 69 169 
378 193 293 
379 270 370 
380 944 1044 
381 815 915 
382 978 1078 
383 712 812 
384 741 841 
385 385 485 
386 191 291 
387 533 633 
388 881 981 
389 334 434 
390 213 313 
391 855 955 
392 447 547 
393 561 661 
394 486 586 
395 819 919 
396 141 241 
397 932 1032 
398 540 640 
399 178 278 
400 237 337 
401 916 1016 
402 129 229 
403 802 902 
404 707 807 
405 252 352 
406 353 453 
407 732 832 
408 655 755 
409 524 624 
410 127 227 
411 930 1030 
412 650 750 
413 613 713 
414 764 864 
415 23 123 
416 21 121 
417 20 120 
418 295 395 
419 978 1078 
420 948 1048 
421 809 909 
422 726 826 
423 905 1005 
424 74 174 
425 228 328 
426 618 718 
427 886 986 
428 878 978 
429 755 855 
430 401 501 
431 864 964 
432 268 368 
433 281 381 
434 348 448 
435 313 413 
436 366 466 
437 662 762 
438 249 349 
439 343 443 
440 368 468 
441 879 979 
442 963 1063 
443 50 150 
444 356 456 
445 258 358 
446 181 281 
447 281 381 
448 890 990 
449 769 869 
450 190 290 
451 777 877 
452 769 869 
453 352 452 
454 525 625 
455 522 622 
456 955 1055 
457 372 472 
458 614 714 
459 760 860 
460 546 646 
461 578 678 
462 845 945 
463 195 295 
464 784 884 
465 210 310 
466 535 635 
467 907 1007 
468 77 177 
469 358 458 
470 913 1013 
471 373 473 
472 730 830 
473 842 942 
474 808 908 
475 866 966 
476 274 374 
477 122 222 
478 175 275 
479 226 326 
480 304 404 
481 618 718 
482 62 162 
483 596 696 
484 546 646 
485 822 922 
486 471 571 
487 16 116 
488 965 1065 
489 447 547 
490 893 993 
491 780 880 
492 851 951 
493 143 243 
494 853 953 
495 175 275 
496 928 1028 
497 641 741 
498 974 1074 
499 165 265 
500 963 1063 
501 616 716 
502 917 1017 
503 376 476 
504 119 219 
505 690 790 
506 369 469 
507 247 347 
508 384 484 
509 32 132 
510 894 994 
511 206 306 
512 578 678 
513 869 969 
514 557 657 
515 625 725 
516 581 681 
517 808 908 
518 96 196 
519 198 298 
520 558 658 
521 88 188 
522 954 1054 
523 86 186 
524 135 235 
525 572 672 
526 733 833 
527 304 404 
528 439 539 
529 852 952 
530 390 490 
531 123 223 
532 852 952 
533 271 371 
534 979 1079 
535 589 689 
536 356 456 
537 458 558 
538 692 792 
539 460 560 
540 50 150 
541 161 261 
542 959 1059 
543 152 252 
544 430 530 
545 717 817 
546 837 937 
547 676 776 
548 238 338 
549 482 582 
550 43 143 
551 79 179 
552 216 316 
553 564 664 
554 939 1039 
555 779 879 
556 306 406 
557 958 1058 
558 88 188 
559 425 525 
560 616 716 
561 758 858 
562 977 1077 
563 703 803 
564 348 448 
565 664 764 
566 756 856 
567 712 812 
568 44 144 
569 685 785 
570 364 464 
571 246 346 
572 29 129 
573 104 204 
574 749 849 
575 102 202 
576 678 778 
577 206 306 
578 972 1072 
579 208 308 
580 279 379 
581 983 1083 
582 556 656 
583 841 941 
584 88 188 
585 981 1081 
586 923 1023 
587 943 1043 
588 910 1010 
589 104 204 
590 587 687 
591 296 396 
592 688 788 
593 19 119 
594 132 232 
595 335 435 
596 256 356 
597 335 435 
598 262 362 
599 229 329 
600 4 104 
601 833 933 
602 525 625 
603 832 932 
604 172 272 
605 867 967 
606 349 449 
607 50 150 
608 311 411 
609 300 400 
610 533 633 
611 833 933 
612 190 290 
613 636 736 
614 800 900 
615 262 362 
616 250 350 
617 193 293 
618 406 506 
619 284 384 
620 225 325 
621 143 243 
622 481 581 
623 23 123 
624 675 775 
625 191 291 
626 379 479 
627 15 115 
628 123 223 
629 151 251 
630 885 985 
631 103 203 
632 305 405 
633 82 182 
634 642 742 
635 310 410 
636 412 512 
637 331 431 
638 211 311 
639 466 566 
640 380 480 
641 915 1015 
642 291 391 
643 740 840 
644 694 794 
645 693 793 
646 226 326 
647 131 231 
648 681 781 
649 234 334 
650 760 860 
651 120 220 
652 350 450 
653 143 243 
654 927 1027 
655 44 144 
656 124 224 
657 679 779 
658 458 558 
659 794 894 
660 729 829 
661 541 641 
662 36 136 
663 308 408 
664 565 665 
665 618 718 
666 681 781 
667 845 945 
668 143 243 
669 47 147 
670 418 518 
671 152 252 
672 667 767 
673 72 172 
674 412 512 
675 172 272 
676 668 768 
677 261 361 
678 647 747 
679 765 865 
680 283 383 
681 982 1082 
682 108 208 
683 87 187 
684 689 789 
685 51 151 
686 944 1044 
687 913 1013 
688 641 741 
689 605 705 
690 910 1010 
691 940 1040 
692 694 794 
693 157 257 
694 640 740 
695 487 587 
696 564 664 
697 14 114 
698 149 249 
699 832 932 
700 299 399 
701 905 1005 
702 22 122 
703 345 445 
704 246 346 
705 597 697 
706 627 727 
707 253 353 
708 10 110 
709 409 509 
710 19 119 
711 502 602 
712 954 1054 
713 528 628 
714 408 508 
715 604 704 
716 255 355 
717 280 380 
718 937 1037 
719 523 623 
720 340 440 
721 615 715 
722 945 1045 
723 2 102 
724 551 651 
725 642 742 
726 652 752 
727 99 199 
728 828 928 
729 515 615 
730 778 878 
731 468 568 
732 764 864 
733 966 1066 
734 628 728 
735 105 205 
736 346 446 
737 120 220 
738 92 192 
739 220 320 
740 854 954 
741 213 313 
742 801 901 
743 75 175 
744 603 703 
745 829 929 
746 775 875 
747 843 943 
748 115 215 
749 217 317 
750 797 897 
751 118 218 
752 874 974 
753 592 692 
754 616 716 
755 303 403 
756 711 811 
757 537 637 
758 197 297 
759 702 802 
760 639 739 
761 748 848 
762 788 888 
763 156 256 
764 12 112 
765 233 333 
766 400 500 
767 588 688 
768 459 559 
769 204 304 
770 507 607 
771 460 560 
772 267 367 
773 460 560 
774 142 242 
775 487 587 
776 737 837 
777 831 931 
778 253 353 
779 25 125 
780 89 189 
781 492 592 
782 681 781 
783 342 442 
784 255 355 
785 772 872 
786 120 220 
787 991 1091 
788 251 351 
789 933 1033 
790 199 299 
791 2 102 
792 74 174 
793 69 169 
794 487 587 
795 157 257 
796 25 125 
797 391 491 
798 77 177 
799 966 1066 
800 981 1081 
801 309 409 
802 339 439 
803 850 950 
804 462 562 
805 763 863 
806 653 753 
807 416 516 
808 114 214 
809 355 455 
810 886 986 
811 809 909 
812 813 913 
813 107 207 
814 905 1005 
815 15 115 
816 6 106 
817 71 171 
818 619 719 
819 463 563 
820 813 913 
821 804 904 
822 981 1081 
823 700 800 
824 481 581 
825 442 542 
826 47 147 
827 2 102 
828 310 410 
829 268 368 
830 600 700 
831 227 327 
832 459 559 
833 64 164 
834 130 230 
835 601 701 
836 850 950 
837 29 129 
838 587 687 
839 289 389 
840 784 884 
841 566 666 
842 526 626 
843 144 244 
844 236 336 
845 922 1022 
846 807 907 
847 533 633 
848 484 584 
849 453 553 
850 910 1010 
851 450 550 
852 403 503 
853 951 1051 
854 603 703 
855 217 317 
856 736 836 
857 711 811 
858 320 420 
859 983 1083 
860 31 131 
861 20 120 
862 684 784 
863 567 667 
864 74 174 
865 359 459 
866 899 999 
867 870 970 
868 139 239 
869 176 276 
870 955 1055 
871 126 226 
872 144 244 
873 899 999 
874 537 637 
875 897 997 
876 945 1045 
877 119 219 
878 666 766 
879 996 1096 
880 693 793 
881 51 151 
882 142 242 
883 725 825 
884 408 508 
885 581 681 
886 870 970 
887 443 543 
888 650 750 
889 184 284 
890 534 634 
891 817 917 
892 177 277 
893 802 902 
894 638 738 
895 70 170 
896 726 826 
897 648 748 
898 58 158 
899 188 288 
900 925 1025 
901 422 522 
902 769 869 
903 946 1046 
904 382 482 
905 174 274 
906 515 615 
907 72 172 
908 520 620 
909 355 455 
910 292 392 
911 311 411 
912 733 833 
913 196 296 
914 893 993 
915 115 215 
916 865 965 
917 80 180 
918 890 990 
919 383 483 
920 804 904 
921 778 878 
922 621 721 
923 83 183 
924 15 115 
925 346 446 
926 905 1005 
927 331 431 
928 947 1047 
929 765 865 
930 171 271 
931 991 1091 
932 197 297 
933 307 407 
934 267 367 
935 811 911 
936 221 321 
937 163 263 
938 513 613 
939 346 446 
940 958 1058 
941 101 201 
942 89 189 
943 268 368 
944 56 156 
945 851 951 
946 385 485 
947 305 405 
948 545 645 
949 365 465 
950 26 126 
951 224 324 
952 882 982 
953 824 924 
954 481 581 
955 321 421 
956 589 689 
957 82 182 
958 738 838 
959 556 656 
960 181 281 
961 364 464 
962 586 686 
963 972 1072 
964 814 914 
965 348 448 
966 27 127 
967 667 767 
968 475 575 
969 750 850 
970 853 953 
971 522 622 
972 694 794 
973 175 275 
974 911 1011 
975 45 145 
976 745 845 
977 438 538 
978 268 368 
979 370 470 
980 396 496 
981 16 116 
982 922 1022 
983 836 936 
984 968 1068 
985 30 130 
986 175 275 
987 424 524 
988 320 420 
989 508 608 
990 636 736 
991 411 511 
992 183 283 
993 112 212 
994 915 1015 
995 894 994 
996 252 352 
997 469 569 
998 669 769 
999 775 875 
1000 242 342 
1001 436 536 
1002 212 312 
1003 85 185 
1004 420 520 
1005 590 690 
1006 255 355 
1007 640 740 
1008 734 834 
1009 928 1028 
1010 140 240 
1011 970 1070 
1012 398 498 
1013 156 256 
1014 623 723 
1015 158 258 
1016 273 373 
1017 640 740 
1018 753 853 
1019 388 488 
1020 66 166 
1021 173 273 
1022 876 976 
1023 709 809 
1024 790 890 
1025 205 305 
1026 906 1006 
1027 161 261 
1028 787 887 
1029 962 1062 
1030 78 178 
1031 939 1039 
1032 807 907 
1033 839 939 
1034 602 702 
1035 318 418 
1036 76 176 
1037 126 226 
1038 567 667 
1039 431 531 
1040 929 1029 
1041 870 970 
1042 931 1031 
1043 518 618 
1044 420 520 
1045 309 409 
1046 893 993 
1047 313 413 
1048 547 647 
1049 82 182 
1050 20 120 
1051 431 531 
1052 114 214 
1053 88 188 
1054 621 721 
1055 383 483 
1056 806 906 
1057 1000 1100 
1058 700 800 
1059 202 302 
1060 72 172 
1061 94 194 
1062 625 725 
1063 483 583 
1064 885 985 
1065 957 1057 
1066 955 1055 
1067 634 734 
1068 171 271 
1069 146 246 
1070 747 847 
1071 847 947 
1072 910 1010 
1073 90 190 
1074 783 883 
1075 593 693 
1076 137 237 
1077 633 733 
1078 207 307 
1079 915 1015 
1080 432 532 
1081 592 692 
1082 524 624 
1083 703 803 
1084 321 421 
1085 450 550 
1086 940 1040 
1087 987 1087 
1088 907 1007 
1089 307 407 
1090 771 871 
1091 381 481 
1092 22 122 
1093 966 1066 
1094 867 967 
1095 923 1023 
1096 922 1022 
1097 193 293 
1098 204 304 
1099 763 863 
1100 220 320 
1101 687 787 
1102 182 282 
1103 692 792 
1104 667 767 
1105 978 1078 
1106 275 375 
1107 856 956 
1108 121 221 
1109 602 702 
1110 426 526 
1111 438 538 
1112 101 201 
1113 919 1019 
1114 590 690 
1115 408 508 
1116 437 537 
1117 23 123 
1118 421 521 
1119 206 306 
1120 312 412 
1121 700 800 
1122 372 472 
1123 188 288 
1124 337 437 
1125 181 281 
1126 520 620 
1127 567 667 
1128 200 300 
1129 367 467 
1130 143 243 
1131 752 852 
1132 739 839 
1133 8 108 
1134 461 561 
1135 218 318 
1136 250 350 
1137 736 836 
1138 418 518 
1139 446 546 
1140 824 924 
1141 77 177 
1142 601 701 
1143 440 540 
1144 837 937 
1145 169 269 
1146 468 568 
1147 589 689 
1148 576 676 
1149 490 590 
1150 267 367 
1151 996 1096 
1152 290 390 
1153 534 634 
1154 11 111 
1155 486 586 
1156 926 1026 
1157 824 924 
1158 387 487 
1159 91 191 
1160 76 176 
1161 739 839 
1162 553 653 
1163 626 726 
1164 77 177 
1165 602 702 
1166 251 351 
1167 989 1089 
1168 176 276 
1169 570 670 
1170 82 182 
1171 119 219 
1172 27 127 
1173 933 1033 
1174 649 749 
1175 251 351 
1176 598 698 
1177 740 840 
1178 643 743 
1179 858 958 
1180 329 429 
1181 640 740 
1182 938 1038 
1183 448 548 
1184 205 305 
1185 149 249 
1186 852 952 
1187 276 376 
1188 424 524 
1189 787 887 
1190 808 908 
1191 522 622 
1192 842 942 
1193 954 1054 
1194 567 667 
1195 703 803 
1196 669 769 
1197 369 469 
1198 509 609 
1199 65 165 
1200 393 493 
1201 899 999 
1202 342 442 
1203 336 436 
1204 757 857 
1205 959 1059 
1206 677 777 
1207 460 560 
1208 762 862 
1209 219 319 
1210 552 652 
1211 724 824 
1212 801 901 
1213 277 377 
1214 919 1019 
1215 816 916 
1216 565 665 
1217 157 257 
1218 436 536 
1219 516 616 
1220 211 311 
1221 401 501 
1222 988 1088 
1223 554 654 
1224 414 514 
1225 518 618 
1226 771 871 
1227 35 135 
1228 79 179 
1229 545 645 
1230 558 658 
1231 921 1021 
1232 345 445 
1233 96 196 
1234 154 254 
1235 84 184 
1236 42 142 
1237 671 771 
1238 418 518 
1239 815 915 
1240 86 186 
1241 538 638 
1242 989 1089 
1243 326 426 
1244 518 618 
1245 444 544 
1246 326 426 
1247 663 763 
1248 557 657 
1249 426 526 
1250 613 713 
1251 754 854 
1252 579 679 
1253 887 987 
1254 971 1071 
1255 726 826 
1256 595 695 
1257 573 673 
1258 210 310 
1259 785 885 
1260 407 507 
1261 853 953 
1262 443 543 
1263 931 1031 
1264 659 759 
1265 307 407 
1266 714 814 
1267 488 588 
1268 303 403 
1269 745 845 
1270 203 303 
1271 728 828 
1272 862 962 
1273 102 202 
1274 456 556 
1275 845 945 
1276 147 247 
1277 434 534 
1278 346 446 
1279 304 404 
1280 235 335 
1281 857 957 
1282 580 680 
1283 688 788 
1284 341 441 
1285 993 1093 
1286 848 948 
1287 65 165 
1288 110 210 
1289 474 574 
1290 345 445 
1291 989 1089 
1292 890 990 
1293 762 862 
1294 855 955 
1295 929 1029 
1296 61 161 
1297 41 141 
1298 81 181 
1299 79 179 
1300 335 435 
1301 776 876 
1302 269 369 
1303 35 135 
1304 797 897 
1305 289 389 
1306 131 231 
1307 188 288 
1308 20 120 
1309 866 966 
1310 280 380 
1311 841 941 
1312 481 581 
1313 684 784 
1314 702 802 
1315 917 1017 
1316 236 336 
1317 451 551 
1318 432 532 
1319 768 868 
1320 971 1071 
1321 961 1061 
1322 682 782 
1323 412 512 
1324 811 911 
1325 203 303 
1326 687 787 
1327 457 557 
1328 777 877 
1329 655 755 
1330 493 593 
1331 685 785 
1332 654 754 
1333 896 996 
1334 732 832 
1335 116 216 
1336 512 612 
1337 217 317 
1338 140 240 
1339 647 747 
1340 6 106 
1341 146 246 
1342 539 639 
1343 476 576 
1344 148 248 
1345 689 789 
1346 669 769 
1347 58 158 
1348 540 640 
1349 736 836 
1350 990 1090 
1351 927 1027 
1352 966 1066 
1353 270 370 
1354 483 583 
1355 321 421 
1356 310 410 
1357 509 609 
1358 103 203 
1359 325 425 
1360 875 975 
1361 784 884 
1362 993 1093 
1363 575 675 
1364 8 108 
1365 15 115 
1366 762 862 
1367 974 1074 
1368 588 688 
1369 648 748 
1370 925 1025 
1371 75 175 
1372 948 1048 
1373 284 384 
1374 416 516 
1375 22 122 
1376 752 852 
1377 987 1087 
1378 750 850 
1379 605 705 
1380 66 166 
1381 124 224 
1382 150 250 
1383 595 695 
1384 666 766 
1385 645 745 
1386 783 883 
1387 472 572 
1388 503 603 
1389 700 800 
1390 290 390 
1391 506 606 
1392 465 565 
1393 440 540 
1394 641 741 
1395 88 188 
1396 194 294 
1397 967 1067 
1398 566 666 
1399 567 667 
1400 986 1086 
1401 628 728 
1402 492 592 
1403 899 999 
1404 978 1078 
1405 860 960 
1406 458 558 
1407 395 495 
1408 744 844 
1409 558 658 
1410 838 938 
1411 802 902 
1412 361 461 
1413 221 321 
1414 278 378 
1415 414 514 
1416 77 177 
1417 851 951 
1418 433 533 
1419 494 594 
1420 795 895 
1421 691 791 
1422 28 128 
1423 52 152 
1424 805 905 
1425 403 503 
1426 857 957 
1427 765 865 
1428 223 323 
1429 53 153 
1430 962 1062 
1431 497 597 
1432 921 1021 
1433 912 1012 
1434 699 799 
1435 732 832 
1436 932 1032 
1437 943 1043 
1438 502 602 
1439 408 508 
1440 457 557 
1441 822 922 
1442 63 163 
1443 412 512 
1444 709 809 
1445 429 529 
1446 959 1059 
1447 308 408 
1448 985 1085 
1449 675 775 
1450 871 971 
1451 646 746 
1452 909 1009 
1453 615 715 
1454 234 334 
1455 743 843 
1456 524 624 
1457 109 209 
1458 877 977 
1459 553 653 
1460 75 175 
1461 372 472 
1462 883 983 
1463 18 118 
1464 612 712 
1465 8 108 
1466 368 468 
1467 633 733 
1468 751 851 
1469 849 949 
1470 775 875 
1471 679 779 
1472 751 851 
1473 304 404 
1474 31 131 
1475 647 747 
1476 514 614 
1477 432 532 
1478 968 1068 
1479 259 359 
1480 10 110 
1481 728 828 
1482 603 703 
1483 333 433 
1484 298 398 
1485 948 1048 
1486 136 236 
1487 303 403 
1488 282 382 
1489 763 863 
1490 49 149 
1491 624 724 
1492 523 623 
1493 137 237 
1494 660 760 
1495 876 976 
1496 430 530 
1497 537 637 
1498 30 130 
1499 22 122 
1500 518 618 
1501 510 610 
1502 250 350 
1503 956 1056 
1504 502 602 
1505 822 922 
1506 912 1012 
1507 151 251 
1508 709 809 
1509 676 776 
1510 979 1079 
1511 838 938 
1512 62 162 
1513 296 396 
1514 907 1007 
1515 526 626 
1516 788 888 
1517 453 553 
1518 257 357 
1519 344 444 
1520 707 807 
1521 720 820 
1522 1 101 
1523 215 315 
1524 410 510 
1525 952 1052 
1526 225 325 
1527 636 736 
1528 68 168 
1529 85 185 
1530 360 460 
1531 80 180 
1532 245 345 
1533 329 429 
1534 122 222 
1535 909 1009 
1536 442 542 
1537 702 802 
1538 752 852 
1539 330 430 
1540 617 717 
1541 371 471 
1542 524 624 
1543 961 1061 
1544 488 588 
1545 830 930 
1546 410 510 
1547 998 1098 
1548 553 653 
1549 231 331 
1550 442 542 
1551 750 850 
1552 667 767 
1553 855 955 
1554 833 933 
1555 425 525 
1556 540 640 
1557 364 464 
1558 919 1019 
1559 846 946 
1560 722 822 
1561 682 782 
1562 796 896 
1563 258 358 
1564 649 749 
1565 55 155 
1566 428 528 
1567 973 1073 
1568 726 826 
1569 635 735 
1570 394 494 
1571 545 645 
1572 66 166 
1573 281 381 
1574 888 988 
1575 919 1019 
1576 171 271 
1577 383 483 
1578 588 688 
1579 464 564 
1580 444 544 
1581 638 738 
1582 686 786 
1583 157 257 
1584 925 1025 
1585 854 954 
1586 885 985 
1587 339 439 
1588 725 825 
1589 626 726 
1590 394 494 
1591 510 610 
1592 427 527 
1593 523 623 
1594 421 521 
1595 577 677 
1596 613 713 
1597 435 535 
1598 955 1055 
1599 615 715 
1600 615 715 
1601 377 477 
1602 969 1069 
1603 554 654 
1604 197 297 
1605 980 1080 
1606 994 1094 
1607 278 378 
1608 140 240 
1609 853 953 
1610 628 728 
1611 240 340 
1612 690 790 
1613 366 466 
1614 657 757 
1615 392 492 
1616 22 122 
1617 592 692 
1618 698 798 
1619 864 964 
1620 850 950 
1621 486 586 
1622 181 281 
1623 336 436 
1624 525 625 
1625 260 360 
1626 967 1067 
1627 680 780 
1628 645 745 
1629 835 935 
1630 124 224 
1631 417 517 
1632 233 333 
1633 932 1032 
1634 899 999 
1635 512 612 
1636 53 153 
1637 158 258 
1638 999 1099 
1639 584 684 
1640 118 218 
1641 414 514 
1642 320 420 
1643 459 559 
1644 30 130 
1645 874 974 
1646 785 885 
1647 69 169 
1648 594 694 
1649 866 966 
1650 970 1070 
1651 781 881 
1652 630 730 
1653 779 879 
1654 61 161 
1655 360 460 
1656 218 318 
1657 841 941 
1658 749 849 
1659 83 183 
1660 965 1065 
1661 337 437 
1662 627 727 
1663 509 609 
1664 32 132 
1665 680 780 
1666 155 255 
1667 568 668 
1668 206 306 
1669 243 343 
1670 651 751 
1671 114 214 
1672 423 523 
1673 340 440 
1674 307 407 
1675 796 896 
1676 508 608 
1677 446 546 
1678 455 555 
1679 910 1010 
1680 916 1016 
1681 86 186 
1682 474 574 
1683 508 608 
1684 149 249 
1685 814 914 
1686 981 1081 
1687 810 910 
1688 911 1011 
1689 134 234 
1690 645 745 
1691 663 763 
1692 458 558 
1693 161 261 
1694 979 1079 
1695 481 581 
1696 39 139 
1697 402 502 
1698 148 248 
1699 677 777 
1700 180 280 
1701 961 1061 
1702 169 269 
1703 616 716 
1704 673 773 
1705 485 585 
1706 129 229 
1707 296 396 
1708 928 1028 
1709 655 755 
1710 418 518 
1711 752 852 
1712 130 230 
1713 617 717 
1714 22 122 
1715 252 352 
1716 387 487 
1717 442 542 
1718 946 1046 
1719 753 853 
1720 47 147 
1721 64 164 
1722 242 342 
1723 264 364 
1724 439 539 
1725 624 724 
1726 128 228 
1727 695 795 
1728 164 264 
1729 724 824 
1730 364 464 
1731 3 103 
1732 316 416 
1733 474 574 
1734 541 641 
1735 551 651 
1736 441 541 
1737 156 256 
1738 350 450 
1739 930 1030 
1740 503 603 
1741 633 733 
1742 475 575 
1743 927 1027 
1744 558 658 
1745 320 420 
1746 739 839 
1747 342 442 
1748 581 681 
1749 37 137 
1750 935 1035 
1751 115 215 
1752 968 1068 
1753 809 909 
1754 976 1076 
1755 24 124 
1756 528 628 
1757 946 1046 
1758 383 483 
1759 20 120 
1760 225 325 
1761 228 328 
1762 782 882 
1763 839 939 
1764 545 645 
1765 898 998 
1766 692 792 
1767 921 1021 
1768 899 999 
1769 822 922 
1770 398 498 
1771 846 946 
1772 699 799 
1773 160 260 
1774 625 725 
1775 559 659 
1776 597 697 
1777 846 946 
1778 515 615 
1779 665 765 
1780 814 914 
1781 97 197 
1782 905 1005 
1783 642 742 
1784 436 536 
1785 167 267 
1786 907 1007 
1787 181 281 
1788 505 605 
1789 250 350 
1790 340 440 
1791 28 128 
1792 803 903 
1793 381 481 
1794 990 1090 
1795 573 673 
1796 847 947 
1797 454 554 
1798 10 110 
1799 194 294 
1800 35 135 
1801 37 137 
1802 197 297 
1803 889 989 
1804 915 1015 
1805 615 715 
1806 358 458 
1807 4 104 
1808 882 982 
1809 439 539 
1810 347 447 
1811 686 786 
1812 499 599 
1813 706 806 
1814 524 624 
1815 244 344 
1816 552 652 
1817 157 257 
1818 311 411 
1819 995 1095 
1820 567 667 
1821 46 146 
1822 834 934 
1823 547 647 
1824 53 153 
1825 667 767 
1826 976 1076 
1827 655 755 
1828 322 422 
1829 802 902 
1830 690 790 
1831 96 196 
1832 644 744 
1833 846 946 
1834 823 923 
1835 326 426 
1836 120 220 
1837 283 383 
1838 294 394 
1839 90 190 
1840 195 295 
1841 431 531 
1842 152 252 
1843 571 671 
1844 382 482 
1845 733 833 
1846 874 974 
1847 459 559 
1848 968 1068 
1849 607 707 
1850 784 884 
1851 797 897 
1852 861 961 
1853 151 251 
1854 542 642 
1855 445 545 
1856 341 441 
1857 602 702 
1858 480 580 
1859 787 887 
1860 887 987 
1861 442 542 
1862 313 413 
1863 742 842 
1864 836 936 
1865 646 746 
1866 992 1092 
1867 34 134 
1868 40 140 
1869 632 732 
1870 982 1082 
1871 21 121 
1872 106 206 
1873 3 103 
1874 588 688 
1875 379 479 
1876 205 305 
1877 526 626 
1878 954 1054 
1879 116 216 
1880 80 180 
1881 522 622 
1882 290 390 
1883 463 563 
1884 776 876 
1885 684 784 
1886 955 1055 
1887 950 1050 
1888 301 401 
1889 295 395 
1890 505 605 
1891 285 385 
1892 641 741 
1893 169 269 
1894 770 870 
1895 335 435 
1896 997 1097 
1897 632 732 
1898 460 560 
1899 944 1044 
1900 358 458 
1901 945 1045 
1902 673 773 
1903 561 661 
1904 732 832 
1905 581 681 
1906 532 632 
1907 627 727 
1908 475 575 
1909 889 989 
1910 134 234 
1911 419 519 
1912 3 103 
1913 888 988 
1914 537 637 
1915 598 698 
1916 154 254 
1917 895 995 
1918 246 346 
1919 609 709 
1920 554 654 
1921 188 288 
1922 505 605 
1923 480 580 
1924 805 905 
1925 132 232 
1926 370 470 
1927 97 197 
1928 827 927 
1929 952 1052 
1930 87 187 
1931 60 160 
1932 694 794 
1933 763 863 
1934 324 424 
1935 289 389 
1936 341 441 
1937 155 255 
1938 317 417 
1939 118 218 
1940 541 641 
1941 369 469 
1942 474 574 
1943 164 264 
1944 454 554 
1945 918 1018 
1946 889 989 
1947 365 465 
1948 265 365 
1949 733 833 
1950 674 774 
1951 252 352 
1952 255 355 
1953 407 507 
1954 779 879 
1955 544 644 
1956 789 889 
1957 350 450 
1958 348 448 
1959 230 330 
1960 116 216 
1961 146 246 
1962 149 249 
1963 163 263 
1964 189 289 
1965 306 406 
1966 923 1023 
1967 843 943 
1968 177 277 
1969 632 732 
1970 97 197 
1971 321 421 
1972 782 882 
1973 123 223 
1974 835 935 
1975 795 895 
1976 893 993 
1977 265 365 
1978 254 354 
1979 216 316 
1980 808 908 
1981 945 1045 
1982 772 872 
1983 657 757 
1984 2 102 
1985 227 327 
1986 915 1015 
1987 994 1094 
1988 79 179 
1989 189 289 
1990 261 361 
1991 108 208 
1992 522 622 
1993 698 798 
1994 626 726 
1995 952 1052 
1996 757 857 
1997 777 877 
1998 577 677 
1999 817 917 
2000 675 775 
2001 352 452 
2002 342 442 
2003 55 155 
2004 562 662 
2005 34 134 
2006 709 809 
2007 884 984 
2008 388 488 
2009 428 528 
2010 973 1073 
2011 156 256 
2012 452 552 
2013 88 188 
2014 423 523 
2015 454 554 
2016 517 617 
2017 796 896 
2018 486 586 
2019 377 477 
2020 726 826 
2021 122 222 
2022 136 236 
2023 325 425 
2024 754 854 
2025 413 513 
2026 258 358 
2027 176 276 
2028 997 1097 
2029 357 457 
2030 43 143 
2031 417 517 
2032 8 108 
2033 55 155 
2034 911 1011 
2035 92 192 
2036 429 529 
2037 524 624 
2038 35 135 
2039 98 198 
2040 574 674 
2041 843 943 
2042 808 908 
2043 181 281 
2044 224 324 
2045 726 826 
2046 16 116 
2047 965 1065 
2048 693 793 
2049 742 842 
2050 318 418 
2051 882 982 
2052 47 147 
2053 36 136 
2054 42 142 
2055 918 1018 
2056 400 500 
2057 661 761 
2058 634 734 
2059 438 538 
2060 54 154 
2061 241 341 
2062 716 816 
2063 949 1049 
2064 204 304 
2065 945 1045 
2066 495 595 
2067 773 873 
2068 188 288 
2069 90 190 
2070 146 246 
2071 299 399 
2072 801 901 
2073 810 910 
2074 812 912 
2075 677 777 
2076 544 644 
2077 886 986 
2078 546 646 
2079 579 679 
2080 118 218 
2081 325 425 
2082 856 956 
2083 888 988 
2084 60 160 
2085 349 449 
2086 527 627 
2087 915 1015 
2088 856 956 
2089 48 148 
2090 172 272 
2091 750 850 
2092 222 322 
2093 202 302 
2094 600 700 
2095 882 982 
2096 355 455 
2097 674 774 
2098 596 696 
2099 997 1097 
2100 682 782 
2101 123 223 
2102 693 793 
2103 473 573 
2104 663 763 
2105 46 146 
2106 477 577 
2107 466 566 
2108 776 876 
2109 61 161 
2110 146 246 
2111 828 928 
2112 956 1056 
2113 366 466 
2114 912 1012 
2115 623 723 
2116 963 1063 
2117 266 366 
2118 473 573 
2119 880 980 
2120 262 362 
2121 1 101 
2122 365 465 
2123 413 513 
2124 776 876 
2125 900 1000 
2126 853 953 
2127 692 792 
2128 753 853 
2129 199 299 
2130 672 772 
2131 712 812 
2132 115 215 
2133 865 965 
2134 297 397 
2135 42 142 
2136 21 121 
2137 369 469 
2138 520 620 
2139 744 844 
2140 109 209 
2141 463 563 
2142 860 960 
2143 932 1032 
2144 554 654 
2145 532 632 
2146 970 1070 
2147 284 384 
2148 976 1076 
2149 22 122 
2150 71 171 
2151 73 173 
2152 717 817 
2153 188 288 
2154 449 549 
2155 582 682 
2156 72 172 
2157 123 223 
2158 188 288 
2159 327 427 
2160 409 509 
2161 667 767 
2162 777 877 
2163 3 103 
2164 67 167 
2165 521 621 
2166 289 389 
2167 408 508 
2168 462 562 
2169 593 693 
2170 895 995 
2171 666 766 
2172 82 182 
2173 119 219 
2174 491 591 
2175 703 803 
2176 574 674 
2177 50 150 
2178 954 1054 
2179 442 542 
2180 813 913 
2181 847 947 
2182 307 407 
2183 322 422 
2184 786 886 
2185 637 737 
2186 981 1081 
2187 222 322 
2188 594 694 
2189 962 1062 
2190 684 784 
2191 943 1043 
2192 560 660 
2193 290 390 
2194 898 998 
2195 858 958 
2196 231 331 
2197 54 154 
2198 362 462 
2199 584 684 
2200 248 348 
2201 209 309 
2202 95 195 
2203 244 344 
2204 147 247 
2205 930 1030 
2206 347 447 
2207 321 421 
2208 730 830 
2209 670 770 
2210 308 408 
2211 382 482 
2212 608 708 
2213 214 314 
2214 873 973 
2215 214 314 
2216 649 749 
2217 201 301 
2218 603 703 
2219 800 900 
2220 203 303 
2221 86 186 
2222 326 426 
2223 776 876 
2224 386 486 
2225 136 236 
2226 951 1051 
2227 776 876 
2228 898 998 
2229 773 873 
2230 239 339 
2231 950 1050 
2232 645 745 
2233 501 601 
2234 789 889 
2235 419 519 
2236 284 384 
2237 268 368 
2238 169 269 
2239 710 810 
2240 594 694 
2241 212 312 
2242 301 401 
2243 907 1007 
2244 196 296 
2245 114 214 
2246 542 642 
2247 579 679 
2248 413 513 
2249 74 174 
2250 664 764 
2251 552 652 
2252 446 546 
2253 242 342 
2254 961 1061 
2255 637 737 
2256 643 743 
2257 201 301 
2258 779 879 
2259 393 493 
2260 112 212 
2261 186 286 
2262 213 313 
2263 494 594 
2264 42 142 
2265 753 853 
2266 275 375 
2267 554 654 
2268 834 934 
2269 72 172 
2270 545 645 
2271 489 589 
2272 404 504 
2273 198 298 
2274 879 979 
2275 133 233 
2276 574 674 
2277 477 577 
2278 6 106 
2279 355 455 
2280 668 768 
2281 846 946 
2282 377 477 
2283 955 1055 
2284 608 708 
2285 987 1087 
2286 39 139 
2287 380 480 
2288 582 682 
2289 697 797 
2290 396 496 
2291 553 653 
2292 870 970 
2293 896 996 
2294 39 139 
2295 892 992 
2296 27 127 
2297 177 277 
2298 47 147 
2299 54 154 
2300 496 596 
2301 603 703 
2302 750 850 
2303 640 740 
2304 882 982 
2305 785 885 
2306 159 259 
2307 569 669 
2308 73 173 
2309 100 200 
2310 540 640 
2311 812 912 
2312 784 884 
2313 656 756 
2314 472 572 
2315 300 400 
2316 579 679 
2317 981 1081 
2318 764 864 
2319 96 196 
2320 952 1052 
2321 197 297 
2322 45 145 
2323 973 1073 
2324 855 955 
2325 813 913 
2326 234 334 
2327 252 352 
2328 259 359 
2329 937 1037 
2330 403 503 
2331 106 206 
2332 954 1054 
2333 41 141 
2334 301 401 
2335 517 617 
2336 777 877 
2337 290 390 
2338 242 342 
2339 898 998 
2340 577 677 
2341 26 126 
2342 725 825 
2343 504 604 
2344 334 434 
2345 700 800 
2346 51 151 
2347 1000 1100 
2348 765 865 
2349 284 384 
2350 637 737 
2351 636 736 
2352 989 1089 
2353 175 275 
2354 578 678 
2355 649 749 
2356 703 803 
2357 874 974 
2358 265 365 
2359 866 966 
2360 776 876 
2361 894 994 
2362 989 1089 
2363 194 294 
2364 149 249 
2365 277 377 
2366 57 157 
2367 398 498 
2368 693 793 
2369 380 480 
2370 50 150 
2371 981 1081 
2372 770 870 
2373 644 744 
2374 396 496 
2375 44 144 
2376 385 485 
2377 918 1018 
2378 980 1080 
2379 882 982 
2380 810 910 
2381 219 319 
2382 797 897 
2383 461 561 
2384 561 661 
2385 245 345 
2386 935 1035 
2387 96 196 
2388 450 550 
2389 798 898 
2390 777 877 
2391 570 670 
2392 900 1000 
2393 555 655 
2394 567 667 
2395 683 783 
2396 228 328 
2397 724 824 
2398 95 195 
2399 725 825 
2400 706 806 
2401 443 543 
2402 517 617 
2403 93 193 
2404 168 268 
2405 670 770 
2406 654 754 
2407 388 488 
2408 615 715 
2409 898 998 
2410 137 237 
2411 103 203 
2412 60 160 
2413 54 154 
2414 417 517 
2415 807 907 
2416 936 1036 
2417 10 110 
2418 528 628 
2419 854 954 
2420 621 721 
2421 43 143 
2422 78 178 
2423 703 803 
2424 716 816 
2425 172 272 
2426 15 115 
2427 576 676 
2428 963 1063 
2429 145 245 
2430 946 1046 
2431 831 931 
2432 923 1023 
2433 859 959 
2434 141 241 
2435 678 778 
2436 848 948 
2437 659 759 
2438 638 738 
2439 100 200 
2440 114 214 
2441 261 361 
2442 549 649 
2443 626 726 
2444 745 845 
2445 731 831 
2446 541 641 
2447 351 451 
2448 589 689 
2449 314 414 
2450 209 309 
2451 248 348 
2452 795 895 
2453 629 729 
2454 883 983 
2455 87 187 
2456 443 543 
2457 269 369 
2458 183 283 
2459 406 506 
2460 326 426 
2461 970 1070 
2462 975 1075 
2463 952 1052 
2464 54 154 
2465 984 1084 
2466 120 220 
2467 749 849 
2468 477 577 
2469 408 508 
2470 233 333 
2471 672 772 
2472 199 299 
2473 90 190 
2474 267 367 
2475 799 899 
2476 756 856 
2477 868 968 
2478 324 424 
2479 263 363 
2480 229 329 
2481 890 990 
2482 366 466 
2483 225 325 
2484 520 620 
2485 218 318 
2486 804 904 
2487 948 1048 
2488 951 1051 
2489 610 710 
2490 645 745 
2491 480 580 
2492 234 334 
2493 624 724 
2494 49 149 
2495 236 336 
2496 45 145 
2497 670 770 
2498 976 1076 
2499 205 305 
2500 636 736 
2501 65 165 
2502 722 822 
2503 284 384 
2504 210 310 
2505 828 928 
2506 609 709 
2507 907 1007 
2508 217 317 
2509 822 922 
2510 370 470 
2511 931 1031 
2512 268 368 
2513 564 664 
2514 251 351 
2515 805 905 
2516 537 637 
2517 236 336 
2518 558 658 
2519 515 615 
2520 354 454 
2521 135 235 
2522 716 816 
2523 610 710 
2524 562 662 
2525 538 638 
2526 293 393 
2527 583 683 
2528 492 592 
2529 978 1078 
2530 763 863 
2531 931 1031 
2532 791 891 
2533 945 1045 
2534 78 178 
2535 916 1016 
2536 831 931 
2537 593 693 
2538 418 518 
2539 873 973 
2540 885 985 
2541 964 1064 
2542 820 920 
2543 777 877 
2544 566 666 
2545 166 266 
2546 972 1072 
2547 201 301 
2548 217 317 
2549 255 355 
2550 917 1017 
2551 449 549 
2552 753 853 
2553 153 253 
2554 231 331 
2555 17 117 
2556 866 966 
2557 922 1022 
2558 22 122 
2559 477 577 
2560 121 221 
2561 310 410 
2562 931 1031 
2563 274 374 
2564 972 1072 
2565 765 865 
2566 200 300 
2567 84 184 
2568 289 389 
2569 60 160 
2570 345 445 
2571 773 873 
2572 923 1023 
2573 251 351 
2574 182 282 
2575 804 904 
2576 158 258 
2577 931 1031 
2578 69 169 
2579 600 700 
2580 964 1064 
2581 65 165 
2582 620 720 
2583 160 260 
2584 648 748 
2585 739 839 
2586 28 128 
2587 656 756 
2588 783 883 
2589 685 785 
2590 169 269 
2591 2 102 
2592 326 426 
2593 672 772 
2594 958 1058 
2595 414 514 
2596 167 267 
2597 409 509 
2598 845 945 
2599 207 307 
2600 261 361 
2601 530 630 
2602 508 608 
2603 556 656 
2604 751 851 
2605 943 1043 
2606 971 1071 
2607 640 740 
2608 610 710 
2609 422 522 
2610 570 670 
2611 567 667 
2612 550 650 
2613 412 512 
2614 792 892 
2615 749 849 
2616 658 758 
2617 448 548 
2618 990 1090 
2619 148 248 
2620 132 232 
2621 959 1059 
2622 1 101 
2623 257 357 
2624 441 541 
2625 475 575 
2626 934 1034 
2627 780 880 
2628 162 262 
2629 520 620 
2630 449 549 
2631 675 775 
2632 343 443 
2633 397 497 
2634 454 554 
2635 498 598 
2636 790 890 
2637 91 191 
2638 336 436 
2639 32 132 
2640 516 616 
2641 86 186 
2642 167 267 
2643 105 205 
2644 212 312 
2645 484 584 
2646 204 304 
2647 292 392 
2648 573 673 
2649 590 690 
2650 985 1085 
2651 872 972 
2652 941 1041 
2653 347 447 
2654 811 911 
2655 496 596 
2656 820 920 
2657 579 679 
2658 785 885 
2659 687 787 
2660 779 879 
2661 39 139 
2662 175 275 
2663 354 454 
2664 947 1047 
2665 563 663 
2666 211 311 
2667 769 869 
2668 698 798 
2669 476 576 
2670 544 644 
2671 834 934 
2672 761 861 
2673 420 520 
2674 576 676 
2675 450 550 
2676 641 741 
2677 23 123 
2678 213 313 
2679 392 492 
2680 179 279 
2681 641 741 
2682 184 284 
2683 736 836 
2684 638 738 
2685 718 818 
2686 195 295 
2687 713 813 
2688 595 695 
2689 237 337 
2690 930 1030 
2691 916 1016 
2692 949 1049 
2693 802 902 
2694 899 999 
2695 449 549 
2696 413 513 
2697 598 698 
2698 702 802 
2699 24 124 
2700 441 541 
2701 478 578 
2702 160 260 
2703 312 412 
2704 388 488 
2705 493 593 
2706 314 414 
2707 63 163 
2708 849 949 
2709 391 491 
2710 78 178 
2711 383 483 
2712 945 1045 
2713 795 895 
2714 625 725 
2715 57 157 
2716 108 208 
2717 899 999 
2718 988 1088 
2719 777 877 
2720 492 592 
2721 43 143 
2722 981 1081 
2723 102 202 
2724 357 457 
2725 436 536 
2726 378 478 
2727 44 144 
2728 120 220 
2729 796 896 
2730 725 825 
2731 88 188 
2732 679 779 
2733 524 624 
2734 971 1071 
2735 375 475 
2736 467 567 
2737 726 826 
2738 415 515 
2739 403 503 
2740 280 380 
2741 984 1084 
2742 252 352 
2743 548 648 
2744 75 175 
2745 497 597 
2746 927 1027 
2747 687 787 
2748 210 310 
2749 511 611 
2750 754 854 
2751 973 1073 
2752 529 629 
2753 835 935 
2754 829 929 
2755 474 574 
2756 997 1097 
2757 26 126 
2758 760 860 
2759 751 851 
2760 649 749 
2761 328 428 
2762 163 263 
2763 807 907 
2764 982 1082 
2765 699 799 
2766 366 466 
2767 940 1040 
2768 272 372 
2769 897 997 
2770 756 856 
2771 203 303 
2772 147 247 
2773 23 123 
2774 570 670 
2775 770 870 
2776 764 864 
2777 864 964 
2778 534 634 
2779 732 832 
2780 868 968 
2781 166 266 
2782 339 439 
2783 823 923 
2784 919 1019 
2785 904 1004 
2786 880 980 
2787 699 799 
2788 819 919 
2789 367 467 
2790 800 900 
2791 750 850 
2792 532 632 
2793 639 739 
2794 60 160 
2795 272 372 
2796 548 648 
2797 111 211 
2798 164 264 
2799 505 605 
2800 224 324 
2801 540 640 
2802 134 234 
2803 282 382 
2804 365 465 
2805 608 708 
2806 949 1049 
2807 487 587 
2808 537 637 
2809 675 775 
2810 242 342 
2811 934 1034 
2812 679 779 
2813 395 495 
2814 136 236 
2815 460 560 
2816 906 1006 
2817 326 426 
2818 209 309 
2819 485 585 
2820 578 678 
2821 993 1093 
2822 958 1058 
2823 821 921 
2824 517 617 
2825 299 399 
2826 356 456 
2827 976 1076 
2828 748 848 
2829 67 167 
2830 82 182 
2831 931 1031 
2832 270 370 
2833 906 1006 
2834 943 1043 
2835 101 201 
2836 843 943 
2837 47 147 
2838 224 324 
2839 301 401 
2840 670 770 
2841 614 714 
2842 655 755 
2843 225 325 
2844 918 1018 
2845 4 104 
2846 263 363 
2847 568 668 
2848 206 306 
2849 721 821 
2850 924 1024 
2851 181 281 
2852 423 523 
2853 842 942 
2854 792 892 
2855 768 868 
2856 183 283 
2857 337 437 
2858 927 1027 
2859 762 862 
2860 867 967 
2861 124 224 
2862 412 512 
2863 958 1058 
2864 248 348 
2865 207 307 
2866 748 848 
2867 151 251 
2868 999 1099 
2869 39 139 
2870 368 468 
2871 737 837 
2872 47 147 
2873 133 233 
2874 985 1085 
2875 704 804 
2876 589 689 
2877 850 950 
2878 908 1008 
2879 631 731 
2880 982 1082 
2881 845 945 
2882 917 1017 
2883 238 338 
2884 989 1089 
2885 942 1042 
2886 687 787 
2887 707 807 
2888 87 187 
2889 86 186 
2890 545 645 
2891 51 151 
2892 155 255 
2893 534 634 
2894 685 785 
2895 981 1081 
2896 576 676 
2897 248 348 
2898 378 478 
2899 604 704 
2900 879 979 
2901 301 401 
2902 441 541 
2903 527 627 
2904 328 428 
2905 804 904 
2906 20 120 
2907 447 547 
2908 168 268 
2909 484 584 
2910 58 158 
2911 460 560 
2912 71 171 
2913 486 586 
2914 832 932 
2915 916 1016 
2916 280 380 
2917 146 246 
2918 841 941 
2919 761 861 
2920 241 341 
2921 557 657 
2922 958 1058 
2923 566 666 
2924 666 766 
2925 268 368 
2926 609 709 
2927 334 434 
2928 819 919 
2929 159 259 
2930 387 487 
2931 281 381 
2932 270 370 
2933 877 977 
2934 806 906 
2935 331 431 
2936 620 720 
2937 759 859 
2938 140 240 
2939 323 423 
2940 868 968 
2941 836 936 
2942 934 1034 
2943 861 961 
2944 93 193 
2945 785 885 
2946 761 861 
2947 204 304 
2948 412 512 
2949 522 622 
2950 282 382 
2951 144 244 
2952 953 1053 
2953 986 1086 
2954 354 454 
2955 575 675 
2956 276 376 
2957 35 135 
2958 765 865 
2959 708 808 
2960 509 609 
2961 290 390 
2962 813 913 
2963 281 381 
2964 697 797 
2965 354 454 
2966 603 703 
2967 233 333 
2968 464 564 
2969 803 903 
2970 797 897 
2971 751 851 
2972 876 976 
2973 655 755 
2974 387 487 
2975 741 841 
2976 628 728 
2977 913 1013 
2978 636 736 
2979 90 190 
2980 678 778 
2981 98 198 
2982 373 473 
2983 402 502 
2984 59 159 
2985 441 541 
2986 369 469 
2987 987 1087 
2988 371 471 
2989 982 1082 
2990 741 841 
2991 138 238 
2992 314 414 
2993 252 352 
2994 346 446 
2995 584 684 
2996 363 463 
2997 65 165 
2998 965 1065 
2999 429 529 
3000 840 940 
3001 723 823 
3002 859 959 
3003 359 459 
3004 652 752 
3005 592 692 
3006 302 402 
3007 951 1051 
3008 703 803 
3009 474 574 
3010 293 393 
3011 528 628 
3012 49 149 
3013 965 1065 
3014 127 227 
3015 533 633 
3016 458 558 
3017 710 810 
3018 352 452 
3019 365 465 
3020 325 425 
3021 634 734 
3022 436 536 
3023 78 178 
3024 469 569 
3025 361 461 
3026 928 1028 
3027 19 119 
3028 856 956 
3029 725 825 
3030 656 756 
3031 691 791 
3032 432 532 
3033 867 967 
3034 547 647 
3035 288 388 
3036 32 132 
3037 140 240 
3038 426 526 
3039 520 620 
3040 756 856 
3041 560 660 
3042 216 316 
3043 524 624 
3044 721 821 
3045 792 892 
3046 700 800 
3047 259 359 
3048 451 551 
3049 718 818 
3050 705 805 
3051 746 846 
3052 93 193 
3053 219 319 
3054 934 1034 
3055 82 182 
3056 19 119 
3057 885 985 
3058 577 677 
3059 494 594 
3060 212 312 
3061 339 439 
3062 343 443 
3063 559 659 
3064 396 496 
3065 623 723 
3066 935 1035 
3067 854 954 
3068 429 529 
3069 167 267 
3070 332 432 
3071 485 585 
3072 365 465 
3073 287 387 
3074 209 309 
3075 18 118 
3076 266 366 
3077 878 978 
3078 526 626 
3079 641 741 
3080 378 478 
3081 531 631 
3082 489 589 
3083 21 121 
3084 600 700 
3085 637 737 
3086 712 812 
3087 883 983 
3088 504 604 
3089 796 896 
3090 347 447 
3091 596 696 
3092 740 840 
3093 263 363 
3094 999 1099 
3095 124 224 
3096 959 1059 
3097 515 615 
3098 332 432 
3099 283 383 
3100 206 306 
3101 596 696 
3102 680 780 
3103 184 284 
3104 55 155 
3105 171 271 
3106 972 1072 
3107 365 465 
3108 529 629 
3109 436 536 
3110 404 504 
3111 203 303 
3112 947 1047 
3113 883 983 
3114 620 720 
3115 123 223 
3116 432 532 
3117 947 1047 
3118 6 106 
3119 837 937 
3120 512 612 
3121 219 319 
3122 456 556 
3123 809 909 
3124 203 303 
3125 997 1097 
3126 931 1031 
3127 896 996 
3128 470 570 
3129 851 951 
3130 70 170 
3131 333 433 
3132 151 251 
3133 96 196 
3134 440 540 
3135 270 370 
3136 53 153 
3137 153 253 
3138 13 113 
3139 273 373 
3140 257 357 
3141 654 754 
3142 320 420 
3143 517 617 
3144 33 133 
3145 577 677 
3146 750 850 
3147 238 338 
3148 139 239 
3149 18 118 
3150 459 559 
3151 940 1040 
3152 735 835 
3153 788 888 
3154 790 890 
3155 449 549 
3156 413 513 
3157 192 292 
3158 591 691 
3159 733 833 
3160 405 505 
3161 284 384 
3162 914 1014 
3163 920 1020 
3164 53 153 
3165 263 363 
3166 539 639 
3167 939 1039 
3168 637 737 
3169 755 855 
3170 888 988 
3171 315 415 
3172 702 802 
3173 336 436 
3174 62 162 
3175 771 871 
3176 945 1045 
3177 537 637 
3178 156 256 
3179 605 705 
3180 837 937 
3181 693 793 
3182 452 552 
3183 924 1024 
3184 480 580 
3185 709 809 
3186 96 196 
3187 161 261 
3188 534 634 
3189 869 969 
3190 73 173 
3191 737 837 
3192 807 907 
3193 680 780 
3194 714 814 
3195 927 1027 
3196 443 543 
3197 52 152 
3198 155 255 
3199 467 567 
3200 137 237 
3201 431 531 
3202 297 397 
3203 150 250 
3204 197 297 
3205 381 481 
3206 931 1031 
3207 905 1005 
3208 791 891 
3209 319 419 
3210 768 868 
3211 849 949 
3212 952 1052 
3213 954 1054 
3214 540 640 
3215 737 837 
3216 744 844 
3217 257 357 
3218 378 478 
3219 781 881 
3220 91 191 
3221 71 171 
3222 970 1070 
3223 38 138 
3224 170 270 
3225 93 193 
3226 683 783 
3227 790 890 
3228 501 601 
3229 356 456 
3230 924 1024 
3231 802 902 
3232 14 114 
3233 856 956 
3234 861 961 
3235 255 355 
3236 345 445 
3237 82 182 
3238 395 495 
3239 858 958 
3240 383 483 
3241 40 140 
3242 48 148 
3243 504 604 
3244 338 438 
3245 466 566 
3246 168 268 
3247 583 683 
3248 331 431 
3249 204 304 
3250 751 851 
3251 927 1027 
3252 447 547 
3253 211 311 
3254 345 445 
3255 657 757 
3256 688 788 
3257 854 954 
3258 618 718 
3259 146 246 
3260 536 636 
3261 347 447 
3262 619 719 
3263 795 895 
3264 296 396 
3265 650 750 
3266 230 330 
3267 953 1053 
3268 190 290 
3269 370 470 
3270 921 1021 
3271 740 840 
3272 653 753 
3273 342 442 
3274 758 858 
3275 718 818 
3276 38 138 
3277 372 472 
3278 179 279 
3279 810 910 
3280 885 985 
3281 522 622 
3282 141 241 
3283 798 898 
3284 230 330 
3285 965 1065 
3286 584 684 
3287 670 770 
3288 830 930 
3289 711 811 
3290 625 725 
3291 958 1058 
3292 622 722 
3293 796 896 
3294 724 824 
3295 916 1016 
3296 602 702 
3297 810 910 
3298 401 501 
3299 600 700 
3300 352 452 
3301 122 222 
3302 977 1077 
3303 33 133 
3304 716 816 
3305 319 419 
3306 823 923 
3307 838 938 
3308 737 837 
3309 346 446 
3310 562 662 
3311 541 641 
3312 489 589 
3313 7 107 
3314 791 891 
3315 979 1079 
3316 525 625 
3317 152 252 
3318 587 687 
3319 457 557 
3320 760 860 
3321 388 488 
3322 437 537 
3323 823 923 
3324 61 161 
3325 164 264 
3326 730 830 
3327 304 404 
3328 370 470 
3329 154 254 
3330 603 703 
3331 185 285 
3332 900 1000 
3333 710 810 
3334 97 197 
3335 391 491 
3336 281 381 
3337 302 402 
3338 552 652 
3339 196 296 
3340 493 593 
3341 769 869 
3342 753 853 
3343 622 722 
3344 492 592 
3345 648 748 
3346 209 309 
3347 636 736 
3348 823 923 
3349 169 269 
3350 279 379 
3351 598 698 
3352 129 229 
3353 594 694 
3354 483 583 
3355 232 332 
3356 697 797 
3357 719 819 
3358 146 246 
3359 362 462 
3360 250 350 
3361 136 236 
3362 438 538 
3363 95 195 
3364 317 417 
3365 777 877 
3366 458 558 
3367 280 380 
3368 816 916 
3369 647 747 
3370 883 983 
3371 413 513 
3372 400 500 
3373 412 512 
3374 42 142 
3375 359 459 
3376 178 278 
3377 96 196 
3378 687 787 
3379 13 113 
3380 632 732 
3381 108 208 
3382 255 355 
3383 440 540 
3384 135 235 
3385 43 143 
3386 173 273 
3387 773 873 
3388 756 856 
3389 480 580 
3390 407 507 
3391 991 1091 
3392 639 739 
3393 70 170 
3394 903 1003 
3395 807 907 
3396 671 771 
3397 504 604 
3398 890 990 
3399 921 1021 
3400 709 809 
3401 166 266 
3402 654 754 
3403 196 296 
3404 413 513 
3405 176 276 
3406 268 368 
3407 357 457 
3408 959 1059 
3409 346 446 
3410 197 297 
3411 488 588 
3412 252 352 
3413 965 1065 
3414 760 860 
3415 797 897 
3416 180 280 
3417 989 1089 
3418 841 941 
3419 347 447 
3420 908 1008 
3421 436 536 
3422 502 602 
3423 60 160 
3424 156 256 
3425 26 126 
3426 195 295 
3427 996 1096 
3428 583 683 
3429 631 731 
3430 741 841 
3431 374 474 
3432 484 584 
3433 791 891 
3434 179 279 
3435 477 577 
3436 681 781 
3437 809 909 
3438 417 517 
3439 317 417 
3440 599 699 
3441 708 808 
3442 510 610 
3443 124 224 
3444 744 844 
3445 759 859 
3446 334 434 
3447 888 988 
3448 157 257 
3449 3 103 
3450 242 342 
3451 909 1009 
3452 76 176 
3453 174 274 
3454 666 766 
3455 403 503 
3456 311 411 
3457 783 883 
3458 780 880 
3459 274 374 
3460 984 1084 
3461 249 349 
3462 54 154 
3463 915 1015 
3464 304 404 
3465 55 155 
3466 560 660 
3467 821 921 
3468 119 219 
3469 506 606 
3470 573 673 
3471 625 725 
3472 477 577 
3473 442 542 
3474 160 260 
3475 346 446 
3476 823 923 
3477 166 266 
3478 956 1056 
3479 892 992 
3480 333 433 
3481 785 885 
3482 115 215 
3483 528 628 
3484 529 629 
3485 364 464 
3486 624 724 
3487 289 389 
3488 170 270 
3489 802 902 
3490 464 564 
3491 982 1082 
3492 678 778 
3493 75 175 
3494 434 534 
3495 452 552 
3496 406 506 
3497 153 253 
3498 768 868 
3499 40 140 
3500 947 1047 
3501 313 413 
3502 557 657 
3503 398 498 
3504 126 226 
3505 38 138 
3506 46 146 
3507 424 524 
3508 765 865 
3509 936 1036 
3510 454 554 
3511 214 314 
3512 266 366 
3513 411 511 
3514 442 542 
3515 23 123 
3516 429 529 
3517 776 876 
3518 659 759 
3519 130 230 
3520 866 966 
3521 317 417 
3522 993 1093 
3523 563 663 
3524 45 145 
3525 9 109 
3526 156 256 
3527 509 609 
3528 890 990 
3529 360 460 
3530 878 978 
3531 968 1068 
3532 881 981 
3533 343 443 
3534 125 225 
3535 128 228 
3536 398 498 
3537 301 401 
3538 165 265 
3539 898 998 
3540 495 595 
3541 351 451 
3542 705 805 
3543 651 751 
3544 206 306 
3545 902 1002 
3546 569 669 
3547 30 130 
3548 254 354 
3549 214 314 
3550 472 572 
3551 530 630 
3552 699 799 
3553 334 434 
3554 309 409 
3555 278 378 
3556 250 350 
3557 119 219 
3558 209 309 
3559 970 1070 
3560 551 651 
3561 386 486 
3562 256 356 
3563 747 847 
3564 766 866 
3565 459 559 
3566 160 260 
3567 834 934 
3568 721 821 
3569 644 744 
3570 463 563 
3571 627 727 
3572 776 876 
3573 127 227 
3574 393 493 
3575 213 313 
3576 590 690 
3577 988 1088 
3578 798 898 
3579 426 526 
3580 24 124 
3581 339 439 
3582 978 1078 
3583 876 976 
3584 128 228 
3585 95 195 
3586 462 562 
3587 978 1078 
3588 832 932 
3589 208 308 
3590 749 849 
3591 446 546 
3592 187 287 
3593 242 342 
3594 177 277 
3595 77 177 
3596 677 777 
3597 463 563 
3598 315 415 
3599 250 350 
3600 634 734 
3601 422 522 
3602 817 917 
3603 151 251 
3604 420 520 
3605 878 978 
3606 489 589 
3607 209 309 
3608 374 474 
3609 259 359 
3610 668 768 
3611 934 1034 
3612 749 849 
3613 395 495 
3614 134 234 
3615 806 906 
3616 71 171 
3617 918 1018 
3618 514 614 
3619 980 1080 
3620 563 663 
3621 864 964 
3622 18 118 
3623 279 379 
3624 8 108 
3625 829 929 
3626 348 448 
3627 217 317 
3628 410 510 
3629 991 1091 
3630 697 797 
3631 379 479 
3632 247 347 
3633 79 179 
3634 599 699 
3635 539 639 
3636 487 587 
3637 134 234 
3638 310 410 
3639 739 839 
3640 394 494 
3641 686 786 
3642 55 155 
3643 207 307 
3644 459 559 
3645 130 230 
3646 759 859 
3647 435 535 
3648 730 830 
3649 94 194 
3650 524 624 
3651 758 858 
3652 40 140 
3653 36 136 
3654 95 195 
3655 231 331 
3656 163 263 
3657 797 897 
3658 983 1083 
3659 259 359 
3660 89 189 
3661 449 549 
3662 711 811 
3663 88 188 
3664 546 646 
3665 739 839 
3666 901 1001 
3667 562 662 
3668 966 1066 
3669 347 447 
3670 347 447 
3671 39 139 
3672 277 377 
3673 585 685 
3674 26 126 
3675 568 668 
3676 861 961 
3677 379 479 
3678 442 542 
3679 942 1042 
3680 974 1074 
3681 635 735 
3682 519 619 
3683 759 859 
3684 370 470 
3685 144 244 
3686 686 786 
3687 580 680 
3688 792 892 
3689 184 284 
3690 301 401 
3691 848 948 
3692 567 667 
3693 111 211 
3694 648 748 
3695 319 419 
3696 111 211 
3697 662 762 
3698 111 211 
3699 880 980 
3700 500 600 
3701 451 551 
3702 661 761 
3703 481 581 
3704 732 832 
3705 72 172 
3706 803 903 
3707 45 145 
3708 808 908 
3709 971 1071 
3710 219 319 
3711 981 1081 
3712 7 107 
3713 74 174 
3714 969 1069 
3715 712 812 
3716 413 513 
3717 664 764 
3718 811 911 
3719 656 756 
3720 650 750 
3721 264 364 
3722 698 798 
3723 227 327 
3724 831 931 
3725 37 137 
3726 912 1012 
3727 322 422 
3728 36 136 
3729 36 136 
3730 737 837 
3731 666 766 
3732 781 881 
3733 799 899 
3734 191 291 
3735 940 1040 
3736 683 783 
3737 431 531 
3738 237 337 
3739 11 111 
3740 990 1090 
3741 925 1025 
3742 613 713 
3743 138 238 
3744 640 740 
3745 989 1089 
3746 637 737 
3747 255 355 
3748 173 273 
3749 359 459 
3750 891 991 
3751 968 1068 
3752 919 1019 
3753 827 927 
3754 642 742 
3755 329 429 
3756 21 121 
3757 449 549 
3758 221 321 
3759 223 323 
3760 355 455 
3761 338 438 
3762 640 740 
3763 603 703 
3764 341 441 
3765 158 258 
3766 430 530 
3767 62 162 
3768 782 882 
3769 683 783 
3770 932 1032 
3771 702 802 
3772 437 537 
3773 398 498 
3774 636 736 
3775 874 974 
3776 342 442 
3777 18 118 
3778 775 875 
3779 1000 1100 
3780 871 971 
3781 170 270 
3782 714 814 
3783 536 636 
3784 817 917 
3785 20 120 
3786 529 629 
3787 541 641 
3788 582 682 
3789 261 361 
3790 617 717 
3791 368 468 
3792 986 1086 
3793 379 479 
3794 454 554 
3795 200 300 
3796 177 277 
3797 586 686 
3798 85 185 
3799 242 342 
3800 472 572 
3801 934 1034 
3802 588 688 
3803 808 908 
3804 184 284 
3805 626 726 
3806 390 490 
3807 105 205 
3808 757 857 
3809 331 431 
3810 754 854 
3811 310 410 
3812 630 730 
3813 453 553 
3814 643 743 
3815 804 904 
3816 981 1081 
3817 672 772 
3818 267 367 
3819 219 319 
3820 893 993 
3821 493 593 
3822 520 620 
3823 834 934 
3824 115 215 
3825 627 727 
3826 128 228 
3827 124 224 
3828 900 1000 
3829 312 412 
3830 809 909 
3831 747 847 
3832 22 122 
3833 358 458 
3834 41 141 
3835 895 995 
3836 508 608 
3837 133 233 
3838 252 352 
3839 723 823 
3840 833 933 
3841 374 474 
3842 204 304 
3843 533 633 
3844 902 1002 
3845 635 735 
3846 339 439 
3847 360 460 
3848 310 410 
3849 721 821 
3850 580 680 
3851 120 220 
3852 926 1026 
3853 967 1067 
3854 295 395 
3855 425 525 
3856 42 142 
3857 454 554 
3858 355 455 
3859 500 600 
3860 835 935 
3861 452 552 
3862 85 185 
3863 966 1066 
3864 868 968 
3865 62 162 
3866 823 923 
3867 239 339 
3868 980 1080 
3869 306 406 
3870 396 496 
3871 4 104 
3872 886 986 
3873 254 354 
3874 248 348 
3875 938 1038 
3876 339 439 
3877 873 973 
3878 141 241 
3879 992 1092 
3880 802 902 
3881 940 1040 
3882 576 676 
3883 687 787 
3884 86 186 
3885 389 489 
3886 737 837 
3887 937 1037 
3888 645 745 
3889 656 756 
3890 57 157 
3891 875 975 
3892 584 684 
3893 769 869 
3894 902 1002 
3895 312 412 
3896 630 730 
3897 178 278 
3898 418 518 
3899 27 127 
3900 972 1072 
3901 165 265 
3902 242 342 
3903 360 460 
3904 863 963 
3905 376 476 
3906 530 630 
3907 696 796 
3908 570 670 
3909 251 351 
3910 318 418 
3911 496 596 
3912 203 303 
3913 6 106 
3914 147 247 
3915 557 657 
3916 719 819 
3917 731 831 
3918 491 591 
3919 157 257 
3920 526 626 
3921 69 169 
3922 423 523 
3923 93 193 
3924 305 405 
3925 580 680 
3926 104 204 
3927 859 959 
3928 512 612 
3929 606 706 
3930 334 434 
3931 207 307 
3932 912 1012 
3933 388 488 
3934 457 557 
3935 219 319 
3936 841 941 
3937 966 1066 
3938 342 442 
3939 980 1080 
3940 662 762 
3941 612 712 
3942 905 1005 
3943 171 271 
3944 838 938 
3945 210 310 
3946 633 733 
3947 213 313 
3948 759 859 
3949 534 634 
3950 441 541 
3951 779 879 
3952 146 246 
3953 586 686 
3954 346 446 
3955 7 107 
3956 985 1085 
3957 104 204 
3958 230 330 
3959 572 672 
3960 301 401 
3961 679 779 
3962 927 1027 
3963 232 332 
3964 949 1049 
3965 409 509 
3966 30 130 
3967 193 293 
3968 536 636 
3969 918 1018 
3970 256 356 
3971 456 556 
3972 788 888 
3973 825 925 
3974 18 118 
3975 367 467 
3976 663 763 
3977 524 624 
3978 446 546 
3979 507 607 
3980 850 950 
3981 258 358 
3982 566 666 
3983 454 554 
3984 933 1033 
3985 25 125 
3986 220 320 
3987 980 1080 
3988 837 937 
3989 203 303 
3990 572 672 
3991 967 1067 
3992 754 854 
3993 903 1003 
3994 41 141 
3995 393 493 
3996 998 1098 
3997 417 517 
3998 884 984 
3999 709 809 
4000 232 332 
4001 210 310 
4002 196 296 
4003 899 999 
4004 390 490 
4005 157 257 
4006 687 787 
4007 470 570 
4008 545 645 
4009 656 756 
4010 294 394 
4011 148 248 
4012 194 294 
4013 211 311 
4014 238 338 
4015 409 509 
4016 723 823 
4017 760 860 
4018 819 919 
4019 824 924 
4020 104 204 
4021 911 1011 
4022 15 115 
4023 840 940 
4024 411 511 
4025 204 304 
4026 400 500 
4027 166 266 
4028 847 947 
4029 847 947 
4030 384 484 
4031 245 345 
4032 485 585 
4033 184 284 
4034 198 298 
4035 671 771 
4036 90 190 
4037 421 521 
4038 746 846 
4039 190 290 
4040 370 470 
4041 810 910 
4042 733 833 
4043 235 335 
4044 133 233 
4045 820 920 
4046 222 322 
4047 450 550 
4048 887 987 
4049 490 590 
4050 505 605 
4051 344 444 
4052 110 210 
4053 64 164 
4054 667 767 
4055 602 702 
4056 556 656 
4057 241 341 
4058 760 860 
4059 852 952 
4060 716 816 
4061 360 460 
4062 565 665 
4063 667 767 
4064 778 878 
4065 283 383 
4066 202 302 
4067 960 1060 
4068 443 543 
4069 245 345 
4070 311 411 
4071 929 1029 
4072 68 168 
4073 327 427 
4074 135 235 
4075 357 457 
4076 846 946 
4077 298 398 
4078 58 158 
4079 979 1079 
4080 734 834 
4081 419 519 
4082 764 864 
4083 608 708 
4084 595 695 
4085 131 231 
4086 755 855 
4087 515 615 
4088 961 1061 
4089 706 806 
4090 462 562 
4091 55 155 
4092 210 310 
4093 656 756 
4094 16 116 
4095 572 672 
4096 772 872 
4097 112 212 
4098 348 448 
4099 722 822 
4100 142 242 
4101 393 493 
4102 907 1007 
4103 268 368 
4104 420 520 
4105 841 941 
4106 392 492 
4107 365 465 
4108 898 998 
4109 424 524 
4110 725 825 
4111 353 453 
4112 300 400 
4113 991 1091 
4114 663 763 
4115 418 518 
4116 532 632 
4117 260 360 
4118 611 711 
4119 398 498 
4120 69 169 
4121 811 911 
4122 964 1064 
4123 809 909 
4124 204 304 
4125 194 294 
4126 77 177 
4127 693 793 
4128 559 659 
4129 961 1061 
4130 544 644 
4131 610 710 
4132 13 113 
4133 340 440 
4134 113 213 
4135 723 823 
4136 781 881 
4137 566 666 
4138 757 857 
4139 487 587 
4140 35 135 
4141 484 584 
4142 820 920 
4143 904 1004 
4144 413 513 
4145 267 367 
4146 685 785 
4147 868 968 
4148 172 272 
4149 295 395 
4150 33 133 
4151 774 874 
4152 965 1065 
4153 513 613 
4154 447 547 
4155 833 933 
4156 127 227 
4157 699 799 
4158 743 843 
4159 704 804 
4160 527 627 
4161 891 991 
4162 186 286 
4163 540 640 
4164 575 675 
4165 195 295 
4166 390 490 
4167 610 710 
4168 157 257 
4169 385 485 
4170 48 148 
4171 64 164 
4172 647 747 
4173 784 884 
4174 954 1054 
4175 293 393 
4176 501 601 
4177 617 717 
4178 148 248 
4179 906 1006 
4180 447 547 
4181 823 923 
4182 726 826 
4183 441 541 
4184 541 641 
4185 702 802 
4186 619 719 
4187 728 828 
4188 877 977 
4189 87 187 
4190 946 1046 
4191 218 318 
4192 215 315 
4193 395 495 
4194 262 362 
4195 666 766 
4196 973 1073 
4197 561 661 
4198 958 1058 
4199 653 753 
4200 750 850 
4201 294 394 
4202 886 986 
4203 787 887 
4204 769 869 
4205 808 908 
4206 244 344 
4207 937 1037 
4208 911 1011 
4209 7 107 
4210 391 491 
4211 407 507 
4212 321 421 
4213 672 772 
4214 24 124 
4215 633 733 
4216 225 325 
4217 8 108 
4218 589 689 
4219 780 880 
4220 492 592 
4221 65 165 
4222 315 415 
4223 767 867 
4224 372 472 
4225 852 952 
4226 201 301 
4227 819 919 
4228 76 176 
4229 595 695 
4230 204 304 
4231 640 740 
4232 253 353 
4233 673 773 
4234 828 928 
4235 213 313 
4236 286 386 
4237 9 109 
4238 149 249 
4239 19 119 
4240 32 132 
4241 536 636 
4242 89 189 
4243 431 531 
4244 663 763 
4245 792 892 
4246 499 599 
4247 803 903 
4248 484 584 
4249 154 254 
4250 127 227 
4251 816 916 
4252 743 843 
4253 862 962 
4254 941 1041 
4255 322 422 
4256 482 582 
4257 274 374 
4258 341 441 
4259 928 1028 
4260 65 165 
4261 341 441 
4262 444 544 
4263 358 458 
4264 446 546 
4265 423 523 
4266 100 200 
4267 665 765 
4268 313 413 
4269 935 1035 
4270 458 558 
4271 558 658 
4272 332 432 
4273 440 540 
4274 456 556 
4275 335 435 
4276 476 576 
4277 633 733 
4278 675 775 
4279 459 559 
4280 187 287 
4281 576 676 
4282 519 619 
4283 489 589 
4284 187 287 
4285 626 726 
4286 406 506 
4287 401 501 
4288 125 225 
4289 193 293 
4290 79 179 
4291 919 1019 
4292 463 563 
4293 554 654 
4294 675 775 
4295 749 849 
4296 124 224 
4297 634 734 
4298 779 879 
4299 763 863 
4300 142 242 
4301 701 801 
4302 678 778 
4303 878 978 
4304 791 891 
4305 75 175 
4306 855 955 
4307 842 942 
4308 780 880 
4309 272 372 
4310 162 262 
4311 149 249 
4312 810 910 
4313 246 346 
4314 631 731 
4315 738 838 
4316 795 895 
4317 896 996 
4318 863 963 
4319 167 267 
4320 641 741 
4321 781 881 
4322 651 751 
4323 948 1048 
4324 27 127 
4325 232 332 
4326 213 313 
4327 279 379 
4328 677 777 
4329 312 412 
4330 862 962 
4331 160 260 
4332 833 933 
4333 337 437 
4334 166 266 
4335 574 674 
4336 548 648 
4337 526 626 
4338 250 350 
4339 957 1057 
4340 316 416 
4341 680 780 
4342 431 531 
4343 917 1017 
4344 541 641 
4345 456 556 
4346 332 432 
4347 264 364 
4348 627 727 
4349 509 609 
4350 854 954 
4351 63 163 
4352 569 669 
4353 283 383 
4354 814 914 
4355 153 253 
4356 720 820 
4357 16 116 
4358 677 777 
4359 482 582 
4360 131 231 
4361 92 192 
4362 831 931 
4363 788 888 
4364 71 171 
4365 876 976 
4366 717 817 
4367 740 840 
4368 56 156 
4369 603 703 
4370 532 632 
4371 19 119 
4372 895 995 
4373 622 722 
4374 292 392 
4375 199 299 
4376 360 460 
4377 218 318 
4378 483 583 
4379 238 338 
4380 255 355 
4381 517 617 
4382 951 1051 
4383 391 491 
4384 450 550 
4385 341 441 
4386 162 262 
4387 357 457 
4388 546 646 
4389 977 1077 
4390 567 667 
4391 880 980 
4392 595 695 
4393 250 350 
4394 420 520 
4395 497 597 
4396 203 303 
4397 333 433 
4398 488 588 
4399 930 1030 
4400 927 1027 
4401 600 700 
4402 219 319 
4403 728 828 
4404 817 917 
4405 574 674 
4406 893 993 
4407 951 1051 
4408 310 410 
4409 457 557 
4410 862 962 
4411 24 124 
4412 411 511 
4413 539 639 
4414 589 689 
4415 817 917 
4416 864 964 
4417 329 429 
4418 69 169 
4419 209 309 
4420 765 865 
4421 669 769 
4422 537 637 
4423 854 954 
4424 761 861 
4425 470 570 
4426 679 779 
4427 901 1001 
4428 361 461 
4429 470 570 
4430 842 942 
4431 390 490 
4432 509 609 
4433 896 996 
4434 378 478 
4435 409 509 
4436 750 850 
4437 99 199 
4438 855 955 
4439 752 852 
4440 916 1016 
4441 928 1028 
4442 379 479 
4443 27 127 
4444 444 544 
4445 76 176 
4446 149 249 
4447 426 526 
4448 15 115 
4449 50 150 
4450 353 453 
4451 163 263 
4452 373 473 
4453 440 540 
4454 252 352 
4455 656 756 
4456 688 788 
4457 140 240 
4458 614 714 
4459 324 424 
4460 6 106 
4461 692 792 
4462 8 108 
4463 130 230 
4464 102 202 
4465 967 1067 
4466 685 785 
4467 553 653 
4468 563 663 
4469 954 1054 
4470 77 177 
4471 848 948 
4472 918 1018 
4473 987 1087 
4474 565 665 
4475 418 518 
4476 997 1097 
4477 420 520 
4478 698 798 
4479 462 562 
4480 498 598 
4481 148 248 
4482 291 391 
4483 671 771 
4484 615 715 
4485 800 900 
4486 495 595 
4487 770 870 
4488 709 809 
4489 113 213 
4490 107 207 
4491 305 405 
4492 604 704 
4493 442 542 
4494 534 634 
4495 691 791 
4496 29 129 
4497 193 293 
4498 8 108 
4499 69 169 
4500 619 719 
4501 759 859 
4502 636 736 
4503 626 726 
4504 320 420 
4505 214 314 
4506 647 747 
4507 530 630 
4508 499 599 
4509 414 514 
4510 97 197 
4511 962 1062 
4512 134 234 
4513 891 991 
4514 8 108 
4515 311 411 
4516 350 450 
4517 23 123 
4518 659 759 
4519 720 820 
4520 613 713 
4521 752 852 
4522 596 696 
4523 32 132 
4524 625 725 
4525 661 761 
4526 735 835 
4527 333 433 
4528 927 1027 
4529 234 334 
4530 359 459 
4531 864 964 
4532 82 182 
4533 229 329 
4534 592 692 
4535 161 261 
4536 53 153 
4537 53 153 
4538 319 419 
4539 366 466 
4540 873 973 
4541 407 507 
4542 469 569 
4543 151 251 
4544 223 323 
4545 604 704 
4546 18 118 
4547 506 606 
4548 919 1019 
4549 938 1038 
4550 143 243 
4551 814 914 
4552 649 749 
4553 572 672 
4554 924 1024 
4555 566 666 
4556 833 933 
4557 569 669 
4558 592 692 
4559 148 248 
4560 536 636 
4561 631 731 
4562 430 530 
4563 967 1067 
4564 981 1081 
4565 385 485 
4566 460 560 
4567 314 414 
4568 898 998 
4569 660 760 
4570 911 1011 
4571 298 398 
4572 707 807 
4573 162 262 
4574 571 671 
4575 780 880 
4576 161 261 
4577 697 797 
4578 103 203 
4579 97 197 
4580 45 145 
4581 300 400 
4582 429 529 
4583 688 788 
4584 416 516 
4585 987 1087 
4586 518 618 
4587 286 386 
4588 78 178 
4589 689 789 
4590 564 664 
4591 548 648 
4592 540 640 
4593 786 886 
4594 257 357 
4595 852 952 
4596 335 435 
4597 727 827 
4598 669 769 
4599 185 285 
4600 667 767 
4601 304 404 
4602 493 593 
4603 883 983 
4604 701 801 
4605 668 768 
4606 638 738 
4607 340 440 
4608 480 580 
4609 960 1060 
4610 570 670 
4611 874 974 
4612 995 1095 
4613 234 334 
4614 649 749 
4615 545 645 
4616 668 768 
4617 696 796 
4618 584 684 
4619 540 640 
4620 806 906 
4621 906 1006 
4622 815 915 
4623 136 236 
4624 22 122 
4625 529 629 
4626 60 160 
4627 494 594 
4628 876 976 
4629 218 318 
4630 790 890 
4631 938 1038 
4632 756 856 
4633 139 239 
4634 556 656 
4635 988 1088 
4636 811 911 
4637 441 541 
4638 131 231 
4639 811 911 
4640 63 163 
4641 836 936 
4642 366 466 
4643 905 1005 
4644 896 996 
4645 264 364 
4646 368 468 
4647 791 891 
4648 491 591 
4649 312 412 
4650 725 825 
4651 461 561 
4652 461 561 
4653 168 268 
4654 878 978 
4655 846 946 
4656 323 423 
4657 647 747 
4658 452 552 
4659 22 122 
4660 760 860 
4661 759 859 
4662 515 615 
4663 409 509 
4664 609 709 
4665 963 1063 
4666 920 1020 
4667 506 606 
4668 82 182 
4669 429 529 
4670 254 354 
4671 524 624 
4672 563 663 
4673 89 189 
4674 713 813 
4675 977 1077 
4676 605 705 
4677 521 621 
4678 77 177 
4679 708 808 
4680 623 723 
4681 445 545 
4682 65 165 
4683 685 785 
4684 381 481 
4685 462 562 
4686 541 641 
4687 105 205 
4688 511 611 
4689 1000 1100 
4690 227 327 
4691 354 454 
4692 704 804 
4693 650 750 
4694 834 934 
4695 490 590 
4696 381 481 
4697 563 663 
4698 100 200 
4699 840 940 
4700 469 569 
4701 523 623 
4702 962 1062 
4703 677 777 
4704 160 260 
4705 755 855 
4706 398 498 
4707 390 490 
4708 88 188 
4709 842 942 
4710 749 849 
4711 830 930 
4712 324 424 
4713 733 833 
4714 319 419 
4715 942 1042 
4716 476 576 
4717 793 893 
4718 839 939 
4719 84 184 
4720 198 298 
4721 16 116 
4722 398 498 
4723 894 994 
4724 55 155 
4725 246 346 
4726 876 976 
4727 465 565 
4728 741 841 
4729 343 443 
4730 726 826 
4731 347 447 
4732 409 509 
4733 856 956 
4734 507 607 
4735 776 876 
4736 114 214 
4737 350 450 
4738 240 340 
4739 797 897 
4740 348 448 
4741 278 378 
4742 732 832 
4743 759 859 
4744 400 500 
4745 506 606 
4746 13 113 
4747 95 195 
4748 973 1073 
4749 485 585 
4750 553 653 
4751 868 968 
4752 916 1016 
4753 60 160 
4754 417 517 
4755 493 593 
4756 809 909 
4757 424 524 
4758 856 956 
4759 306 406 
4760 109 209 
4761 84 184 
4762 9 109 
4763 829 929 
4764 672 772 
4765 463 563 
4766 230 330 
4767 979 1079 
4768 12 112 
4769 87 187 
4770 405 505 
4771 153 253 
4772 222 322 
4773 611 711 
4774 237 337 
4775 276 376 
4776 573 673 
4777 162 262 
4778 830 930 
4779 497 597 
4780 300 400 
4781 781 881 
4782 694 794 
4783 998 1098 
4784 60 160 
4785 774 874 
4786 568 668 
4787 379 479 
4788 746 846 
4789 308 408 
4790 911 1011 
4791 160 260 
4792 921 1021 
4793 196 296 
4794 193 293 
4795 173 273 
4796 208 308 
4797 325 425 
4798 663 763 
4799 304 404 
4800 516 616 
4801 976 1076 
4802 456 556 
4803 774 874 
4804 664 764 
4805 867 967 
4806 708 808 
4807 601 701 
4808 96 196 
4809 528 628 
4810 630 730 
4811 698 798 
4812 694 794 
4813 366 466 
4814 795 895 
4815 340 440 
4816 875 975 
4817 60 160 
4818 848 948 
4819 509 609 
4820 159 259 
4821 621 721 
4822 864 964 
4823 25 125 
4824 556 656 
4825 133 233 
4826 834 934 
4827 732 832 
4828 141 241 
4829 886 986 
4830 49 149 
4831 668 768 
4832 332 432 
4833 367 467 
4834 93 193 
4835 393 493 
4836 896 996 
4837 546 646 
4838 358 458 
4839 586 686 
4840 693 793 
4841 873 973 
4842 545 645 
4843 990 1090 
4844 878 978 
4845 348 448 
4846 652 752 
4847 691 791 
4848 301 401 
4849 377 477 
4850 659 759 
4851 70 170 
4852 275 375 
4853 360 460 
4854 525 625 
4855 495 595 
4856 772 872 
4857 570 670 
4858 760 860 
4859 512 612 
4860 881 981 
4861 190 290 
4862 416 516 
4863 811 911 
4864 209 309 
4865 775 875 
4866 983 1083 
4867 317 417 
4868 169 269 
4869 557 657 
4870 711 811 
4871 827 927 
4872 104 204 
4873 967 1067 
4874 219 319 
4875 415 515 
4876 344 444 
4877 346 446 
4878 699 799 
4879 351 451 
4880 30 130 
4881 273 373 
4882 294 394 
4883 818 918 
4884 643 743 
4885 977 1077 
4886 802 902 
4887 352 452 
4888 907 1007 
4889 39 139 
4890 735 835 
4891 749 849 
4892 866 966 
4893 496 596 
4894 121 221 
4895 505 605 
4896 46 146 
4897 964 1064 
4898 628 728 
4899 703 803 
4900 616 716 
4901 448 548 
4902 722 822 
4903 184 284 
4904 836 936 
4905 31 131 
4906 112 212 
4907 636 736 
4908 72 172 
4909 453 553 
4910 367 467 
4911 964 1064 
4912 722 822 
4913 592 692 
4914 582 682 
4915 974 1074 
4916 265 365 
4917 883 983 
4918 420 520 
4919 574 674 
4920 541 641 
4921 520 620 
4922 411 511 
4923 94 194 
4924 51 151 
4925 865 965 
4926 352 452 
4927 474 574 
4928 969 1069 
4929 42 142 
4930 23 123 
4931 762 862 
4932 960 1060 
4933 351 451 
4934 724 824 
4935 37 137 
4936 111 211 
4937 846 946 
4938 76 176 
4939 526 626 
4940 427 527 
4941 593 693 
4942 834 934 
4943 206 306 
4944 204 304 
4945 554 654 
4946 429 529 
4947 134 234 
4948 275 375 
4949 931 1031 
4950 246 346 
4951 486 586 
4952 224 324 
4953 593 693 
4954 968 1068 
4955 335 435 
4956 272 372 
4957 276 376 
4958 824 924 
4959 610 710 
4960 980 1080 
4961 678 778 
4962 4 104 
4963 603 703 
4964 253 353 
4965 629 729 
4966 256 356 
4967 301 401 
4968 659 759 
4969 335 435 
4970 995 1095 
4971 947 1047 
4972 380 480 
4973 457 557 
4974 288 388 
4975 272 372 
4976 465 565 
4977 924 1024 
4978 665 765 
4979 444 544 
4980 724 824 
4981 396 496 
4982 661 761 
4983 148 248 
4984 758 858 
4985 846 946 
4986 746 846 
4987 477 577 
4988 886 986 
4989 718 818 
4990 774 874 
4991 884 984 
4992 932 1032 
4993 682 782 
4994 983 1083 
4995 893 993 
4996 587 687 
4997 183 283 
4998 59 159 
4999 662 762 
5000 68 168 
