npieces: 2000
capacity: 87379147
1 92112 102112 
2 93582 103582 
3 22580 32580 
4 57287 67287 
5 9570 19570 
6 91024 101024 
7 35395 45395 
8 59508 69508 
9 82428 92428 
10 67714 77714 
11 84722 94722 
12 41297 51297 
13 78621 88621 
14 50586 60586 
15 62244 72244 
16 74668 84668 
17 98725 108725 
18 8079 18079 
19 16466 26466 
20 89547 99547 
21 89124 99124 
22 28983 38983 
23 79139 89139 
24 74499 84499 
25 7868 17868 
26 38667 48667 
27 15940 25940 
28 44714 54714 
29 80597 90597 
30 89863 99863 
31 57125 67125 
32 93284 103284 
33 11549 21549 
34 19150 29150 
35 88144 98144 
36 84762 94762 
37 32505 42505 
38 96939 106939 
39 13510 23510 
40 19882 29882 
41 48493 58493 
42 94194 104194 
43 46232 56232 
44 55895 65895 
45 17924 27924 
46 90756 100756 
47 94495 104495 
48 78464 88464 
49 81821 91821 
50 49617 59617 
51 81624 91624 
52 30543 40543 
53 78802 88802 
54 66136 76136 
55 98784 108784 
56 23688 33688 
57 93510 103510 
58 69450 79450 
59 47239 57239 
60 59745 69745 
61 49802 59802 
62 96493 106493 
63 99988 109988 
64 92176 102176 
65 56908 66908 
66 80508 90508 
67 63253 73253 
68 28223 38223 
69 29788 39788 
70 77164 87164 
71 43617 53617 
72 4285 14285 
73 24988 34988 
74 54761 64761 
75 96013 106013 
76 87375 97375 
77 26052 36052 
78 8031 18031 
79 52423 62423 
80 1828 11828 
81 33263 43263 
82 692 10692 
83 36498 46498 
84 44582 54582 
85 51750 61750 
86 39442 49442 
87 95614 105614 
88 47691 57691 
89 53095 63095 
90 45731 55731 
91 30819 40819 
92 72555 82555 
93 73266 83266 
94 25717 35717 
95 39770 49770 
96 95693 105693 
97 54287 64287 
98 51805 61805 
99 75864 85864 
100 72378 82378 
101 44767 54767 
102 46615 56615 
103 71944 81944 
104 64275 74275 
105 77341 87341 
106 51595 61595 
107 66436 76436 
108 97373 107373 
109 81233 91233 
110 86060 96060 
111 12496 22496 
112 5658 15658 
113 51121 61121 
114 46683 56683 
115 87347 97347 
116 45844 55844 
117 66452 76452 
118 33032 43032 
119 2162 12162 
120 69203 79203 
121 87541 97541 
122 83032 93032 
123 11467 21467 
124 52718 62718 
125 84768 94768 
126 88834 98834 
127 94379 104379 
128 22142 32142 
129 73980 83980 
130 39987 49987 
131 44140 54140 
132 35693 45693 
133 60533 70533 
134 54833 64833 
135 46383 56383 
136 19502 29502 
137 5444 15444 
138 91421 101421 
139 52050 62050 
140 39014 49014 
141 52222 62222 
142 64305 74305 
143 78670 88670 
144 97159 107159 
145 21174 31174 
146 85513 95513 
147 44943 54943 
148 35486 45486 
149 20976 30976 
150 42527 52527 
151 62513 72513 
152 75650 85650 
153 6211 16211 
154 35182 45182 
155 71859 81859 
156 34381 44381 
157 21385 31385 
158 44696 54696 
159 93275 103275 
160 78568 88568 
161 67814 77814 
162 93155 103155 
163 34470 44470 
164 20222 30222 
165 83859 93859 
166 62974 72974 
167 65898 75898 
168 15250 25250 
169 31686 41686 
170 54305 64305 
171 14602 24602 
172 28301 38301 
173 5088 15088 
174 39026 49026 
175 68180 78180 
176 80591 90591 
177 99794 109794 
178 5860 15860 
179 60859 70859 
180 76103 86103 
181 52237 62237 
182 37978 47978 
183 45965 55965 
184 4734 14734 
185 74597 84597 
186 39690 49690 
187 17072 27072 
188 99213 109213 
189 8768 18768 
190 44316 54316 
191 52637 62637 
192 8175 18175 
193 58497 68497 
194 11121 21121 
195 84121 94121 
196 64400 74400 
197 71660 81660 
198 58977 68977 
199 4908 14908 
200 20485 30485 
201 85557 95557 
202 32829 42829 
203 93504 103504 
204 17462 27462 
205 62506 72506 
206 70611 80611 
207 67832 77832 
208 83990 93990 
209 25401 35401 
210 51055 61055 
211 48362 58362 
212 5491 15491 
213 1535 11535 
214 52254 62254 
215 28603 38603 
216 26921 36921 
217 29487 39487 
218 71694 81694 
219 73813 83813 
220 63025 73025 
221 86203 96203 
222 3666 13666 
223 90055 100055 
224 51926 61926 
225 81281 91281 
226 69186 79186 
227 46713 56713 
228 71464 81464 
229 94645 104645 
230 18142 28142 
231 60139 70139 
232 48489 58489 
233 28551 38551 
234 54515 64515 
235 69225 79225 
236 15845 25845 
237 24689 34689 
238 55414 65414 
239 86253 96253 
240 94879 104879 
241 94656 104656 
242 85358 95358 
243 27857 37857 
244 66119 76119 
245 35356 45356 
246 14670 24670 
247 80815 90815 
248 35911 45911 
249 60053 70053 
250 17504 27504 
251 58775 68775 
252 13565 23565 
253 2572 12572 
254 75421 85421 
255 91628 101628 
256 6402 16402 
257 43035 53035 
258 44120 54120 
259 67739 77739 
260 6249 16249 
261 59842 69842 
262 52827 62827 
263 74329 84329 
264 85315 95315 
265 63055 73055 
266 40040 50040 
267 13880 23880 
268 96415 106415 
269 12009 22009 
270 52994 62994 
271 78534 88534 
272 55600 65600 
273 1817 11817 
274 645 10645 
275 44355 54355 
276 39302 49302 
277 97846 107846 
278 50319 60319 
279 88124 98124 
280 70654 80654 
281 3595 13595 
282 56706 66706 
283 76169 86169 
284 72117 82117 
285 1159 11159 
286 85378 95378 
287 6015 16015 
288 12184 22184 
289 97153 107153 
290 18776 28776 
291 1138 11138 
292 36791 46791 
293 86662 96662 
294 22009 32009 
295 45931 55931 
296 73527 83527 
297 32481 42481 
298 61057 71057 
299 80290 90290 
300 15207 25207 
301 73029 83029 
302 96089 106089 
303 52377 62377 
304 14795 24795 
305 10138 20138 
306 68856 78856 
307 25844 35844 
308 9556 19556 
309 4098 14098 
310 22757 32757 
311 94328 104328 
312 94384 104384 
313 92742 102742 
314 94682 104682 
315 86271 96271 
316 22621 32621 
317 89826 99826 
318 67812 77812 
319 3477 13477 
320 52953 62953 
321 8841 18841 
322 72551 82551 
323 72275 82275 
324 56886 66886 
325 94678 104678 
326 64574 74574 
327 33910 43910 
328 89289 99289 
329 19857 29857 
330 84737 94737 
331 10938 20938 
332 50977 60977 
333 26811 36811 
334 88703 98703 
335 10136 20136 
336 25940 35940 
337 68182 78182 
338 24170 34170 
339 11801 21801 
340 19189 29189 
341 81459 91459 
342 38611 48611 
343 43350 53350 
344 88866 98866 
345 50009 60009 
346 70986 80986 
347 70446 80446 
348 13658 23658 
349 69199 79199 
350 45383 55383 
351 12803 22803 
352 70668 80668 
353 14214 24214 
354 34119 44119 
355 31025 41025 
356 40874 50874 
357 24806 34806 
358 27054 37054 
359 15820 25820 
360 38269 48269 
361 3059 13059 
362 32395 42395 
363 16213 26213 
364 39570 49570 
365 36028 46028 
366 21529 31529 
367 5080 15080 
368 81905 91905 
369 92769 102769 
370 5409 15409 
371 24485 34485 
372 20366 30366 
373 82462 92462 
374 3101 13101 
375 30825 40825 
376 71064 81064 
377 48280 58280 
378 21912 31912 
379 30697 40697 
380 44303 54303 
381 11650 21650 
382 79057 89057 
383 25115 35115 
384 40500 50500 
385 38956 48956 
386 87326 97326 
387 2208 12208 
388 28440 38440 
389 72201 82201 
390 11308 21308 
391 88162 98162 
392 30422 40422 
393 44988 54988 
394 26725 36725 
395 59974 69974 
396 12124 22124 
397 85439 95439 
398 22635 32635 
399 37325 47325 
400 82084 92084 
401 62255 72255 
402 91680 101680 
403 24845 34845 
404 48226 58226 
405 98615 108615 
406 29928 39928 
407 83335 93335 
408 26902 36902 
409 57015 67015 
410 15142 25142 
411 54885 64885 
412 24737 34737 
413 14640 24640 
414 60675 70675 
415 22738 32738 
416 80084 90084 
417 76207 86207 
418 37454 47454 
419 7893 17893 
420 56099 66099 
421 39988 49988 
422 20445 30445 
423 7436 17436 
424 39001 49001 
425 40383 50383 
426 53105 63105 
427 61569 71569 
428 80837 90837 
429 89270 99270 
430 11032 21032 
431 60203 70203 
432 68275 78275 
433 78324 88324 
434 71211 81211 
435 31332 41332 
436 60661 70661 
437 45809 55809 
438 22200 32200 
439 32898 42898 
440 83807 93807 
441 32362 42362 
442 87642 97642 
443 83765 93765 
444 35187 45187 
445 72141 82141 
446 90020 100020 
447 44124 54124 
448 16657 26657 
449 7652 17652 
450 83485 93485 
451 7172 17172 
452 71536 81536 
453 923 10923 
454 57380 67380 
455 4285 14285 
456 56682 66682 
457 93807 103807 
458 74933 84933 
459 39771 49771 
460 90193 100193 
461 18421 28421 
462 69156 79156 
463 95494 105494 
464 9471 19471 
465 19877 29877 
466 48710 58710 
467 35902 45902 
468 29964 39964 
469 97761 107761 
470 9616 19616 
471 86416 96416 
472 14809 24809 
473 62181 72181 
474 92119 102119 
475 90861 100861 
476 94217 104217 
477 4077 14077 
478 182 10182 
479 39245 49245 
480 21199 31199 
481 53021 63021 
482 46957 56957 
483 71327 81327 
484 41793 51793 
485 63537 73537 
486 19750 29750 
487 20107 30107 
488 17676 27676 
489 90754 100754 
490 48564 58564 
491 5863 15863 
492 86818 96818 
493 76722 86722 
494 83636 93636 
495 8146 18146 
496 88111 98111 
497 81780 91780 
498 69557 79557 
499 3056 13056 
500 37610 47610 
501 27547 37547 
502 85620 95620 
503 37539 47539 
504 34246 44246 
505 5917 15917 
506 14016 24016 
507 49698 59698 
508 8999 18999 
509 52899 62899 
510 10813 20813 
511 10105 20105 
512 53297 63297 
513 24432 34432 
514 26948 36948 
515 41884 51884 
516 80796 90796 
517 48107 58107 
518 65703 75703 
519 4169 14169 
520 49669 59669 
521 83563 93563 
522 39441 49441 
523 15001 25001 
524 20222 30222 
525 95103 105103 
526 21324 31324 
527 38915 48915 
528 37126 47126 
529 7607 17607 
530 35357 45357 
531 80526 90526 
532 68083 78083 
533 11634 21634 
534 86346 96346 
535 26320 36320 
536 90443 100443 
537 36549 46549 
538 58715 68715 
539 30215 40215 
540 83985 93985 
541 5476 15476 
542 766 10766 
543 10899 20899 
544 38429 48429 
545 80208 90208 
546 60708 70708 
547 29711 39711 
548 85189 95189 
549 14269 24269 
550 57802 67802 
551 31306 41306 
552 28215 38215 
553 84927 94927 
554 56082 66082 
555 84966 94966 
556 42025 52025 
557 74833 84833 
558 8207 18207 
559 98380 108380 
560 60199 70199 
561 72641 82641 
562 83488 93488 
563 60298 70298 
564 89483 99483 
565 60251 70251 
566 55059 65059 
567 90347 100347 
568 17291 27291 
569 30224 40224 
570 80331 90331 
571 82545 92545 
572 44268 54268 
573 49411 59411 
574 41308 51308 
575 31409 41409 
576 54069 64069 
577 65297 75297 
578 92179 102179 
579 42283 52283 
580 73150 83150 
581 34938 44938 
582 97939 107939 
583 78244 88244 
584 75431 85431 
585 78096 88096 
586 68890 78890 
587 87650 97650 
588 43621 53621 
589 15963 25963 
590 59938 69938 
591 84291 94291 
592 70135 80135 
593 42630 52630 
594 8963 18963 
595 85882 95882 
596 69655 79655 
597 59306 69306 
598 60981 70981 
599 30952 40952 
600 64555 74555 
601 23380 33380 
602 64372 74372 
603 15379 25379 
604 53819 63819 
605 52790 62790 
606 79548 89548 
607 23685 33685 
608 33758 43758 
609 16583 26583 
610 64404 74404 
611 84708 94708 
612 82477 92477 
613 70935 80935 
614 52935 62935 
615 73321 83321 
616 26553 36553 
617 84 10084 
618 46829 56829 
619 26175 36175 
620 84792 94792 
621 27538 37538 
622 98888 108888 
623 11226 21226 
624 26778 36778 
625 21178 31178 
626 66634 76634 
627 57074 67074 
628 24378 34378 
629 54994 64994 
630 89140 99140 
631 85370 95370 
632 54384 64384 
633 50245 60245 
634 13625 23625 
635 96289 106289 
636 60995 70995 
637 29294 39294 
638 2562 12562 
639 11973 21973 
640 30939 40939 
641 91270 101270 
642 19818 29818 
643 59983 69983 
644 37045 47045 
645 22728 32728 
646 89385 99385 
647 2958 12958 
648 93616 103616 
649 92509 102509 
650 77039 87039 
651 68403 78403 
652 29925 39925 
653 73962 83962 
654 20934 30934 
655 78055 88055 
656 60339 70339 
657 83570 93570 
658 1241 11241 
659 33797 43797 
660 21208 31208 
661 35496 45496 
662 68243 78243 
663 48567 58567 
664 18428 28428 
665 66069 76069 
666 60864 70864 
667 13936 23936 
668 24454 34454 
669 12290 22290 
670 82545 92545 
671 13219 23219 
672 13330 23330 
673 7331 17331 
674 24443 34443 
675 55583 65583 
676 39835 49835 
677 19360 29360 
678 1086 11086 
679 42472 52472 
680 62418 72418 
681 41793 51793 
682 87843 97843 
683 31474 41474 
684 78960 88960 
685 19478 29478 
686 50655 60655 
687 84188 94188 
688 59688 69688 
689 52064 62064 
690 21333 31333 
691 2855 12855 
692 97141 107141 
693 18880 28880 
694 51351 61351 
695 86546 96546 
696 42931 52931 
697 48857 58857 
698 15596 25596 
699 43987 53987 
700 51882 61882 
701 43204 53204 
702 4557 14557 
703 73524 83524 
704 53541 63541 
705 23376 33376 
706 14410 24410 
707 14824 24824 
708 34337 44337 
709 33556 43556 
710 25578 35578 
711 27273 37273 
712 35649 45649 
713 36051 46051 
714 38351 48351 
715 6383 16383 
716 32990 42990 
717 23275 33275 
718 13560 23560 
719 81742 91742 
720 96987 106987 
721 92218 102218 
722 84672 94672 
723 27405 37405 
724 82870 92870 
725 39981 49981 
726 87395 97395 
727 30142 40142 
728 59835 69835 
729 5062 15062 
730 84801 94801 
731 44223 54223 
732 78867 88867 
733 5353 15353 
734 89755 99755 
735 31532 41532 
736 52121 62121 
737 83427 93427 
738 2875 12875 
739 27263 37263 
740 43469 53469 
741 17656 27656 
742 6096 16096 
743 81126 91126 
744 60258 70258 
745 13224 23224 
746 24022 34022 
747 82654 92654 
748 42002 52002 
749 36476 46476 
750 60244 70244 
751 9201 19201 
752 19185 29185 
753 97843 107843 
754 31295 41295 
755 24746 34746 
756 73566 83566 
757 43492 53492 
758 25372 35372 
759 25713 35713 
760 15030 25030 
761 53775 63775 
762 15139 25139 
763 53351 63351 
764 35427 45427 
765 39364 49364 
766 86751 96751 
767 15999 25999 
768 18482 28482 
769 33807 43807 
770 25618 35618 
771 52919 62919 
772 74978 84978 
773 12895 22895 
774 40757 50757 
775 33842 43842 
776 51928 61928 
777 91314 101314 
778 5436 15436 
779 16820 26820 
780 19984 29984 
781 64223 74223 
782 78648 88648 
783 62873 72873 
784 70190 80190 
785 66175 76175 
786 22391 32391 
787 96018 106018 
788 6258 16258 
789 41432 51432 
790 43974 53974 
791 37373 47373 
792 97097 107097 
793 80296 90296 
794 90902 100902 
795 35360 45360 
796 97984 107984 
797 67562 77562 
798 56572 66572 
799 68417 78417 
800 2484 12484 
801 1160 11160 
802 26898 36898 
803 51077 61077 
804 4357 14357 
805 66942 76942 
806 62684 72684 
807 14275 24275 
808 52841 62841 
809 22566 32566 
810 63717 73717 
811 80868 90868 
812 7580 17580 
813 29638 39638 
814 36232 46232 
815 66202 76202 
816 69205 79205 
817 92498 102498 
818 81546 91546 
819 15034 25034 
820 16436 26436 
821 62367 72367 
822 32132 42132 
823 51415 61415 
824 12376 22376 
825 84549 94549 
826 69790 79790 
827 29469 39469 
828 45325 55325 
829 85487 95487 
830 27639 37639 
831 99814 109814 
832 71330 81330 
833 46371 56371 
834 87777 97777 
835 24668 34668 
836 60729 70729 
837 90184 100184 
838 70890 80890 
839 44 10044 
840 1015 11015 
841 15289 25289 
842 81045 91045 
843 36259 46259 
844 20347 30347 
845 70181 80181 
846 15910 25910 
847 7688 17688 
848 1515 11515 
849 91456 101456 
850 56285 66285 
851 87253 97253 
852 3146 13146 
853 46762 56762 
854 27706 37706 
855 85108 95108 
856 34983 44983 
857 19002 29002 
858 41727 51727 
859 92786 102786 
860 87438 97438 
861 78727 88727 
862 26099 36099 
863 41794 51794 
864 66049 76049 
865 97842 107842 
866 27394 37394 
867 18289 28289 
868 86466 96466 
869 2035 12035 
870 61282 71282 
871 22433 32433 
872 20359 30359 
873 94078 104078 
874 51600 61600 
875 9924 19924 
876 93616 103616 
877 1298 11298 
878 61785 71785 
879 29495 39495 
880 45300 55300 
881 84990 94990 
882 81973 91973 
883 16952 26952 
884 89655 99655 
885 15856 25856 
886 86957 96957 
887 81318 91318 
888 3161 13161 
889 17659 27659 
890 58205 68205 
891 83156 93156 
892 25384 35384 
893 74181 84181 
894 43477 53477 
895 46217 56217 
896 19637 29637 
897 55019 65019 
898 77529 87529 
899 84631 94631 
900 18020 28020 
901 66929 76929 
902 92072 102072 
903 66389 76389 
904 4061 14061 
905 11337 21337 
906 77338 87338 
907 75707 85707 
908 29311 39311 
909 65278 75278 
910 387 10387 
911 68314 78314 
912 65620 75620 
913 67903 77903 
914 84244 94244 
915 79126 89126 
916 56128 66128 
917 74083 84083 
918 17825 27825 
919 21986 31986 
920 8819 18819 
921 30909 40909 
922 51964 61964 
923 85654 95654 
924 89694 99694 
925 47453 57453 
926 12384 22384 
927 95470 105470 
928 58562 68562 
929 7744 17744 
930 33898 43898 
931 35362 45362 
932 75076 85076 
933 20342 30342 
934 63778 73778 
935 87326 97326 
936 33148 43148 
937 66382 76382 
938 65272 75272 
939 70493 80493 
940 41261 51261 
941 27296 37296 
942 28328 38328 
943 43143 53143 
944 26191 36191 
945 90998 100998 
946 47328 57328 
947 64996 74996 
948 4360 14360 
949 99480 109480 
950 7513 17513 
951 45659 55659 
952 15161 25161 
953 73459 83459 
954 92608 102608 
955 26444 36444 
956 58868 68868 
957 1157 11157 
958 5081 15081 
959 95975 105975 
960 96748 106748 
961 78695 88695 
962 76953 86953 
963 27719 37719 
964 67141 77141 
965 70039 80039 
966 914 10914 
967 8558 18558 
968 24874 34874 
969 21121 31121 
970 27820 37820 
971 66717 76717 
972 65981 75981 
973 25834 35834 
974 67918 77918 
975 33680 43680 
976 15496 25496 
977 19961 29961 
978 73723 83723 
979 64949 74949 
980 78163 88163 
981 98467 108467 
982 11993 21993 
983 49287 59287 
984 20335 30335 
985 5169 15169 
986 34446 44446 
987 68651 78651 
988 85327 95327 
989 32047 42047 
990 70915 80915 
991 14982 24982 
992 94678 104678 
993 43283 53283 
994 22250 32250 
995 21081 31081 
996 30475 40475 
997 81672 91672 
998 99228 109228 
999 21082 31082 
1000 65321 75321 
1001 61687 71687 
1002 95355 105355 
1003 65104 75104 
1004 41139 51139 
1005 84753 94753 
1006 25654 35654 
1007 18219 28219 
1008 78117 88117 
1009 80987 90987 
1010 93419 103419 
1011 77917 87917 
1012 13925 23925 
1013 3319 13319 
1014 61830 71830 
1015 46905 56905 
1016 94456 104456 
1017 59563 69563 
1018 16616 26616 
1019 89927 99927 
1020 23473 33473 
1021 48944 58944 
1022 12963 22963 
1023 67904 77904 
1024 31109 41109 
1025 90872 100872 
1026 5729 15729 
1027 14540 24540 
1028 78682 88682 
1029 12573 22573 
1030 92869 102869 
1031 27510 37510 
1032 19006 29006 
1033 87458 97458 
1034 72073 82073 
1035 7305 17305 
1036 16787 26787 
1037 32585 42585 
1038 55174 65174 
1039 20394 30394 
1040 25800 35800 
1041 12977 22977 
1042 78930 88930 
1043 56305 66305 
1044 14115 24115 
1045 48488 58488 
1046 7908 17908 
1047 76100 86100 
1048 15482 25482 
1049 10901 20901 
1050 69907 79907 
1051 78514 88514 
1052 96033 106033 
1053 1499 11499 
1054 23676 33676 
1055 97994 107994 
1056 39901 49901 
1057 99947 109947 
1058 49507 59507 
1059 25525 35525 
1060 16343 26343 
1061 93417 103417 
1062 65072 75072 
1063 88342 98342 
1064 28364 38364 
1065 44152 54152 
1066 82042 92042 
1067 8765 18765 
1068 14146 24146 
1069 65221 75221 
1070 50114 60114 
1071 50018 60018 
1072 51861 61861 
1073 73773 83773 
1074 93526 103526 
1075 59108 69108 
1076 18256 28256 
1077 87724 97724 
1078 3606 13606 
1079 28670 38670 
1080 13047 23047 
1081 97731 107731 
1082 77747 87747 
1083 78306 88306 
1084 46144 56144 
1085 88677 98677 
1086 55955 65955 
1087 57494 67494 
1088 21090 31090 
1089 99870 109870 
1090 44338 54338 
1091 14824 24824 
1092 2789 12789 
1093 58081 68081 
1094 17154 27154 
1095 81582 91582 
1096 51865 61865 
1097 22668 32668 
1098 27763 37763 
1099 47966 57966 
1100 53635 63635 
1101 97594 107594 
1102 12493 22493 
1103 83591 93591 
1104 10866 20866 
1105 22149 32149 
1106 47162 57162 
1107 9771 19771 
1108 94960 104960 
1109 26517 36517 
1110 24993 34993 
1111 79993 89993 
1112 76564 86564 
1113 72426 82426 
1114 94829 104829 
1115 32267 42267 
1116 27732 37732 
1117 47266 57266 
1118 55116 65116 
1119 30201 40201 
1120 55447 65447 
1121 32135 42135 
1122 28947 38947 
1123 18071 28071 
1124 77032 87032 
1125 37720 47720 
1126 13727 23727 
1127 11858 21858 
1128 77543 87543 
1129 96338 106338 
1130 38902 48902 
1131 55779 65779 
1132 95866 105866 
1133 11579 21579 
1134 51020 61020 
1135 24429 34429 
1136 50689 60689 
1137 50059 60059 
1138 83713 93713 
1139 29529 39529 
1140 84263 94263 
1141 28056 38056 
1142 27464 37464 
1143 9899 19899 
1144 69396 79396 
1145 90844 100844 
1146 34371 44371 
1147 62272 72272 
1148 14335 24335 
1149 3749 13749 
1150 42634 52634 
1151 6439 16439 
1152 93281 103281 
1153 67385 77385 
1154 73450 83450 
1155 74585 84585 
1156 32837 42837 
1157 4931 14931 
1158 66090 76090 
1159 85718 95718 
1160 7867 17867 
1161 62302 72302 
1162 15304 25304 
1163 14013 24013 
1164 19180 29180 
1165 41949 51949 
1166 2082 12082 
1167 584 10584 
1168 77159 87159 
1169 8885 18885 
1170 26865 36865 
1171 39010 49010 
1172 10074 20074 
1173 65320 75320 
1174 76880 86880 
1175 4006 14006 
1176 92829 102829 
1177 93391 103391 
1178 96666 106666 
1179 29077 39077 
1180 99048 109048 
1181 2435 12435 
1182 28081 38081 
1183 81203 91203 
1184 26596 36596 
1185 32616 42616 
1186 4923 14923 
1187 97247 107247 
1188 5887 15887 
1189 47542 57542 
1190 95623 105623 
1191 83597 93597 
1192 3673 13673 
1193 68453 78453 
1194 96654 106654 
1195 1250 11250 
1196 91900 101900 
1197 23956 33956 
1198 66196 76196 
1199 93324 103324 
1200 20136 30136 
1201 53238 63238 
1202 24589 34589 
1203 53563 63563 
1204 57388 67388 
1205 66810 76810 
1206 95132 105132 
1207 11967 21967 
1208 56113 66113 
1209 93494 103494 
1210 68151 78151 
1211 43167 53167 
1212 74544 84544 
1213 18960 28960 
1214 70950 80950 
1215 41203 51203 
1216 21028 31028 
1217 32520 42520 
1218 55307 65307 
1219 86911 96911 
1220 76506 86506 
1221 25188 35188 
1222 68059 78059 
1223 99853 109853 
1224 50373 60373 
1225 42617 52617 
1226 71690 81690 
1227 33414 43414 
1228 17614 27614 
1229 13556 23556 
1230 83493 93493 
1231 21644 31644 
1232 48520 58520 
1233 29699 39699 
1234 83097 93097 
1235 65079 75079 
1236 72449 82449 
1237 55586 65586 
1238 51281 61281 
1239 24554 34554 
1240 61717 71717 
1241 22885 32885 
1242 76220 86220 
1243 8561 18561 
1244 58941 68941 
1245 78975 88975 
1246 5261 15261 
1247 87642 97642 
1248 63844 73844 
1249 81005 91005 
1250 2396 12396 
1251 22445 32445 
1252 68122 78122 
1253 41058 51058 
1254 5866 15866 
1255 63113 73113 
1256 30402 40402 
1257 63920 73920 
1258 36097 46097 
1259 668 10668 
1260 71398 81398 
1261 69264 79264 
1262 91962 101962 
1263 4510 14510 
1264 23178 33178 
1265 95694 105694 
1266 68569 78569 
1267 32011 42011 
1268 9438 19438 
1269 83828 93828 
1270 16178 26178 
1271 69275 79275 
1272 98541 108541 
1273 69841 79841 
1274 32815 42815 
1275 68448 78448 
1276 83506 93506 
1277 98693 108693 
1278 32297 42297 
1279 731 10731 
1280 89962 99962 
1281 55788 65788 
1282 65875 75875 
1283 80827 90827 
1284 28580 38580 
1285 8996 18996 
1286 71511 81511 
1287 71860 81860 
1288 21717 31717 
1289 28829 38829 
1290 51576 61576 
1291 50008 60008 
1292 27305 37305 
1293 23005 33005 
1294 39190 49190 
1295 13716 23716 
1296 27732 37732 
1297 70732 80732 
1298 47408 57408 
1299 88586 98586 
1300 83750 93750 
1301 60707 70707 
1302 9828 19828 
1303 92134 102134 
1304 48444 58444 
1305 55980 65980 
1306 50098 60098 
1307 45407 55407 
1308 7955 17955 
1309 61429 71429 
1310 6943 16943 
1311 7244 17244 
1312 73080 83080 
1313 50583 60583 
1314 45493 55493 
1315 80064 90064 
1316 74491 84491 
1317 74142 84142 
1318 16263 26263 
1319 30467 40467 
1320 82402 92402 
1321 30452 40452 
1322 90065 100065 
1323 62287 72287 
1324 29626 39626 
1325 96238 106238 
1326 27806 37806 
1327 4484 14484 
1328 6440 16440 
1329 34130 44130 
1330 61572 71572 
1331 49640 59640 
1332 39101 49101 
1333 39299 49299 
1334 99659 109659 
1335 45343 55343 
1336 17095 27095 
1337 89676 99676 
1338 43019 53019 
1339 5474 15474 
1340 83141 93141 
1341 66949 76949 
1342 24850 34850 
1343 35071 45071 
1344 42003 52003 
1345 99428 109428 
1346 32516 42516 
1347 52141 62141 
1348 32899 42899 
1349 59747 69747 
1350 45149 55149 
1351 65866 75866 
1352 63213 73213 
1353 16169 26169 
1354 30098 40098 
1355 9524 19524 
1356 49757 59757 
1357 86840 96840 
1358 67254 77254 
1359 53024 63024 
1360 96298 106298 
1361 67667 77667 
1362 40536 50536 
1363 63578 73578 
1364 37575 47575 
1365 2474 12474 
1366 73289 83289 
1367 22809 32809 
1368 98259 108259 
1369 90723 100723 
1370 56796 66796 
1371 47614 57614 
1372 39435 49435 
1373 2343 12343 
1374 23335 33335 
1375 27433 37433 
1376 49503 59503 
1377 14950 24950 
1378 63333 73333 
1379 57048 67048 
1380 13281 23281 
1381 32935 42935 
1382 82045 92045 
1383 10078 20078 
1384 6233 16233 
1385 71088 81088 
1386 50878 60878 
1387 24891 34891 
1388 74262 84262 
1389 54095 64095 
1390 88193 98193 
1391 41021 51021 
1392 49888 59888 
1393 50403 60403 
1394 17520 27520 
1395 95539 105539 
1396 12553 22553 
1397 69450 79450 
1398 76677 86677 
1399 70762 80762 
1400 7681 17681 
1401 77159 87159 
1402 30347 40347 
1403 49734 59734 
1404 42633 52633 
1405 14639 24639 
1406 64865 74865 
1407 89374 99374 
1408 66367 76367 
1409 47825 57825 
1410 60797 70797 
1411 10485 20485 
1412 29688 39688 
1413 31232 41232 
1414 69165 79165 
1415 14321 24321 
1416 87820 97820 
1417 1854 11854 
1418 14968 24968 
1419 65561 75561 
1420 62186 72186 
1421 88902 98902 
1422 65123 75123 
1423 25071 35071 
1424 17836 27836 
1425 78294 88294 
1426 31408 41408 
1427 44232 54232 
1428 79174 89174 
1429 52280 62280 
1430 63233 73233 
1431 13444 23444 
1432 3256 13256 
1433 54155 64155 
1434 50042 60042 
1435 9295 19295 
1436 69891 79891 
1437 25074 35074 
1438 65093 75093 
1439 28499 38499 
1440 73272 83272 
1441 78425 88425 
1442 52302 62302 
1443 83447 93447 
1444 33100 43100 
1445 93568 103568 
1446 48430 58430 
1447 30871 40871 
1448 80360 90360 
1449 42502 52502 
1450 97766 107766 
1451 92001 102001 
1452 13436 23436 
1453 65746 75746 
1454 87169 97169 
1455 75050 85050 
1456 56627 66627 
1457 3264 13264 
1458 47388 57388 
1459 68844 78844 
1460 56738 66738 
1461 53127 63127 
1462 91970 101970 
1463 1117 11117 
1464 93019 103019 
1465 16003 26003 
1466 6703 16703 
1467 54924 64924 
1468 7902 17902 
1469 94148 104148 
1470 7254 17254 
1471 11642 21642 
1472 16206 26206 
1473 46003 56003 
1474 61150 71150 
1475 1042 11042 
1476 93921 103921 
1477 48283 58283 
1478 95495 105495 
1479 39078 49078 
1480 92913 102913 
1481 27963 37963 
1482 56522 66522 
1483 89192 99192 
1484 42897 52897 
1485 30823 40823 
1486 82367 92367 
1487 44610 54610 
1488 96025 106025 
1489 29782 39782 
1490 18008 28008 
1491 2451 12451 
1492 15938 25938 
1493 24044 34044 
1494 81899 91899 
1495 9607 19607 
1496 23757 33757 
1497 50180 60180 
1498 12109 22109 
1499 68977 78977 
1500 54749 64749 
1501 61049 71049 
1502 66521 76521 
1503 99431 109431 
1504 8773 18773 
1505 59121 69121 
1506 21807 31807 
1507 13178 23178 
1508 31164 41164 
1509 23847 33847 
1510 82810 92810 
1511 75601 85601 
1512 12429 22429 
1513 7859 17859 
1514 95210 105210 
1515 2401 12401 
1516 98315 108315 
1517 20984 30984 
1518 93888 103888 
1519 26955 36955 
1520 29954 39954 
1521 32779 42779 
1522 40936 50936 
1523 73618 83618 
1524 72617 82617 
1525 18491 28491 
1526 70176 80176 
1527 11223 21223 
1528 46771 56771 
1529 89088 99088 
1530 64023 74023 
1531 66643 76643 
1532 54692 64692 
1533 84804 94804 
1534 51537 61537 
1535 62192 72192 
1536 45217 55217 
1537 94569 104569 
1538 1159 11159 
1539 78949 88949 
1540 89888 99888 
1541 51158 61158 
1542 97227 107227 
1543 92460 102460 
1544 58431 68431 
1545 93345 103345 
1546 34345 44345 
1547 84065 94065 
1548 65680 75680 
1549 2490 12490 
1550 9769 19769 
1551 79225 89225 
1552 19826 29826 
1553 82130 92130 
1554 44560 54560 
1555 49084 59084 
1556 18939 28939 
1557 23591 33591 
1558 42854 52854 
1559 95329 105329 
1560 95057 105057 
1561 94701 104701 
1562 7219 17219 
1563 18693 28693 
1564 76888 86888 
1565 92506 102506 
1566 10627 20627 
1567 75624 85624 
1568 78565 88565 
1569 10222 20222 
1570 31081 41081 
1571 75716 85716 
1572 47089 57089 
1573 35740 45740 
1574 88543 98543 
1575 50122 60122 
1576 5578 15578 
1577 76954 86954 
1578 29483 39483 
1579 87931 97931 
1580 3907 13907 
1581 7873 17873 
1582 91741 101741 
1583 93792 103792 
1584 19436 29436 
1585 37537 47537 
1586 19348 29348 
1587 66406 76406 
1588 72156 82156 
1589 65893 75893 
1590 49249 59249 
1591 45817 55817 
1592 3050 13050 
1593 25470 35470 
1594 26660 36660 
1595 45244 55244 
1596 8796 18796 
1597 29262 39262 
1598 35058 45058 
1599 95938 105938 
1600 62326 72326 
1601 97332 107332 
1602 75928 85928 
1603 36365 46365 
1604 51380 61380 
1605 25295 35295 
1606 36089 46089 
1607 5697 15697 
1608 34163 44163 
1609 38320 48320 
1610 76435 86435 
1611 5123 15123 
1612 32425 42425 
1613 74369 84369 
1614 43104 53104 
1615 43827 53827 
1616 63253 73253 
1617 33611 43611 
1618 7865 17865 
1619 24163 34163 
1620 58897 68897 
1621 99753 109753 
1622 9044 19044 
1623 68243 78243 
1624 57924 67924 
1625 54375 64375 
1626 2094 12094 
1627 55051 65051 
1628 6100 16100 
1629 49814 59814 
1630 76035 86035 
1631 14772 24772 
1632 53528 63528 
1633 28527 38527 
1634 29594 39594 
1635 96787 106787 
1636 91116 101116 
1637 59713 69713 
1638 46270 56270 
1639 72643 82643 
1640 15773 25773 
1641 51833 61833 
1642 48807 58807 
1643 2190 12190 
1644 64421 74421 
1645 15053 25053 
1646 24760 34760 
1647 88360 98360 
1648 58033 68033 
1649 20901 30901 
1650 44321 54321 
1651 25640 35640 
1652 49757 59757 
1653 16390 26390 
1654 52068 62068 
1655 39267 49267 
1656 6017 16017 
1657 16412 26412 
1658 94804 104804 
1659 74054 84054 
1660 77444 87444 
1661 91748 101748 
1662 13466 23466 
1663 30032 40032 
1664 12015 22015 
1665 63475 73475 
1666 65714 75714 
1667 69643 79643 
1668 45373 55373 
1669 52934 62934 
1670 37330 47330 
1671 4517 14517 
1672 12430 22430 
1673 16647 26647 
1674 4010 14010 
1675 97295 107295 
1676 60283 70283 
1677 58841 68841 
1678 79462 89462 
1679 51601 61601 
1680 72419 82419 
1681 76993 86993 
1682 16305 26305 
1683 29127 39127 
1684 47652 57652 
1685 86513 96513 
1686 83508 93508 
1687 5757 15757 
1688 92710 102710 
1689 58161 68161 
1690 44828 54828 
1691 64738 74738 
1692 92977 102977 
1693 45100 55100 
1694 34682 44682 
1695 25452 35452 
1696 99454 109454 
1697 50261 60261 
1698 99203 109203 
1699 77416 87416 
1700 79723 89723 
1701 89972 99972 
1702 36824 46824 
1703 35771 45771 
1704 9000 19000 
1705 6864 16864 
1706 90784 100784 
1707 38395 48395 
1708 93999 103999 
1709 54010 64010 
1710 65873 75873 
1711 98243 108243 
1712 48113 58113 
1713 42740 52740 
1714 61581 71581 
1715 41015 51015 
1716 75530 85530 
1717 43741 53741 
1718 14505 24505 
1719 40788 50788 
1720 75670 85670 
1721 35035 45035 
1722 87753 97753 
1723 73107 83107 
1724 76766 86766 
1725 34371 44371 
1726 81287 91287 
1727 51610 61610 
1728 3531 13531 
1729 15239 25239 
1730 50003 60003 
1731 15518 25518 
1732 75803 85803 
1733 70237 80237 
1734 82676 92676 
1735 64826 74826 
1736 24496 34496 
1737 54759 64759 
1738 8845 18845 
1739 56037 66037 
1740 88806 98806 
1741 60708 70708 
1742 55546 65546 
1743 81138 91138 
1744 72541 82541 
1745 28563 38563 
1746 36122 46122 
1747 91593 101593 
1748 1492 11492 
1749 95936 105936 
1750 54662 64662 
1751 98366 108366 
1752 20599 30599 
1753 59660 69660 
1754 43615 53615 
1755 80939 90939 
1756 21135 31135 
1757 78685 88685 
1758 7846 17846 
1759 50255 60255 
1760 45496 55496 
1761 1439 11439 
1762 3685 13685 
1763 38210 48210 
1764 89328 99328 
1765 51573 61573 
1766 71531 81531 
1767 72180 82180 
1768 93130 103130 
1769 59841 69841 
1770 15317 25317 
1771 81665 91665 
1772 14850 24850 
1773 86859 96859 
1774 37832 47832 
1775 50354 60354 
1776 91340 101340 
1777 42097 52097 
1778 17210 27210 
1779 92020 102020 
1780 77733 87733 
1781 13804 23804 
1782 98864 108864 
1783 92333 102333 
1784 17515 27515 
1785 96058 106058 
1786 61858 71858 
1787 83776 93776 
1788 54056 64056 
1789 845 10845 
1790 75995 85995 
1791 27263 37263 
1792 98442 108442 
1793 62736 72736 
1794 23325 33325 
1795 9160 19160 
1796 7310 17310 
1797 7889 17889 
1798 92449 102449 
1799 21053 31053 
1800 55066 65066 
1801 80016 90016 
1802 88956 98956 
1803 75140 85140 
1804 41642 51642 
1805 14946 24946 
1806 20413 30413 
1807 69207 79207 
1808 31393 41393 
1809 26178 36178 
1810 77778 87778 
1811 21161 31161 
1812 22562 32562 
1813 49301 59301 
1814 12491 22491 
1815 23063 33063 
1816 48727 58727 
1817 74136 84136 
1818 20150 30150 
1819 45254 55254 
1820 61166 71166 
1821 63593 73593 
1822 23913 33913 
1823 54430 64430 
1824 70692 80692 
1825 19150 29150 
1826 7295 17295 
1827 56578 66578 
1828 50073 60073 
1829 69253 79253 
1830 9785 19785 
1831 21995 31995 
1832 51523 61523 
1833 28457 38457 
1834 55622 65622 
1835 1409 11409 
1836 68863 78863 
1837 6782 16782 
1838 39645 49645 
1839 77205 87205 
1840 16514 26514 
1841 45210 55210 
1842 44871 54871 
1843 11838 21838 
1844 43277 53277 
1845 9296 19296 
1846 10937 20937 
1847 95630 105630 
1848 46527 56527 
1849 82682 92682 
1850 46559 56559 
1851 6096 16096 
1852 26244 36244 
1853 69218 79218 
1854 73109 83109 
1855 1664 11664 
1856 83564 93564 
1857 71693 81693 
1858 16559 26559 
1859 62182 72182 
1860 8950 18950 
1861 40997 50997 
1862 62232 72232 
1863 80017 90017 
1864 45931 55931 
1865 56353 66353 
1866 53303 63303 
1867 65453 75453 
1868 42791 52791 
1869 28083 38083 
1870 97357 107357 
1871 88896 98896 
1872 57201 67201 
1873 67406 77406 
1874 82171 92171 
1875 66950 76950 
1876 87660 97660 
1877 81041 91041 
1878 68353 78353 
1879 53063 63063 
1880 80551 90551 
1881 99029 109029 
1882 97473 107473 
1883 5938 15938 
1884 95503 105503 
1885 22863 32863 
1886 12450 22450 
1887 32601 42601 
1888 30596 40596 
1889 76450 86450 
1890 80592 90592 
1891 20136 30136 
1892 41352 51352 
1893 9060 19060 
1894 96577 106577 
1895 74882 84882 
1896 98484 108484 
1897 57707 67707 
1898 60275 70275 
1899 63675 73675 
1900 3909 13909 
1901 56692 66692 
1902 60272 70272 
1903 57868 67868 
1904 16691 26691 
1905 97296 107296 
1906 54771 64771 
1907 40406 50406 
1908 40098 50098 
1909 76428 86428 
1910 73509 83509 
1911 15542 25542 
1912 87698 97698 
1913 80859 90859 
1914 20512 30512 
1915 25217 35217 
1916 23857 33857 
1917 24578 34578 
1918 99381 109381 
1919 65212 75212 
1920 98449 108449 
1921 96447 106447 
1922 21864 31864 
1923 78875 88875 
1924 87060 97060 
1925 55159 65159 
1926 1273 11273 
1927 71092 81092 
1928 35938 45938 
1929 56251 66251 
1930 62814 72814 
1931 77215 87215 
1932 36477 46477 
1933 90486 100486 
1934 49419 59419 
1935 13132 23132 
1936 36620 46620 
1937 16694 26694 
1938 16116 26116 
1939 15233 25233 
1940 6068 16068 
1941 95348 105348 
1942 13001 23001 
1943 54799 64799 
1944 66309 76309 
1945 76449 86449 
1946 27904 37904 
1947 88944 98944 
1948 97840 107840 
1949 57776 67776 
1950 40273 50273 
1951 73823 83823 
1952 52918 62918 
1953 61818 71818 
1954 44474 54474 
1955 38451 48451 
1956 9180 19180 
1957 74545 84545 
1958 54595 64595 
1959 30201 40201 
1960 21979 31979 
1961 69125 79125 
1962 86044 96044 
1963 30766 40766 
1964 12820 22820 
1965 20685 30685 
1966 28642 38642 
1967 7830 17830 
1968 37088 47088 
1969 63347 73347 
1970 97312 107312 
1971 13788 23788 
1972 95973 105973 
1973 75134 85134 
1974 52530 62530 
1975 37990 47990 
1976 60068 70068 
1977 82588 92588 
1978 71205 81205 
1979 8787 18787 
1980 22255 32255 
1981 6444 16444 
1982 53371 63371 
1983 45428 55428 
1984 84729 94729 
1985 38566 48566 
1986 55818 65818 
1987 26981 36981 
1988 38086 48086 
1989 70888 80888 
1990 10980 20980 
1991 67303 77303 
1992 90113 100113 
1993 34429 44429 
1994 78801 88801 
1995 60603 70603 
1996 77932 87932 
1997 59564 69564 
1998 81208 91208 
1999 54780 64780 
2000 92690 102690 
