npieces: 5000
capacity: 27095230
1 78507 68486 
2 94870 84847 
3 83316 73313 
4 71540 61606 
5 30079 20035 
6 104426 94428 
7 10951 1036 
8 85120 75062 
9 44097 34044 
10 93744 83789 
11 43741 33698 
12 14071 4134 
13 88819 78755 
14 92592 82671 
15 43323 33315 
16 68232 58135 
17 22652 12564 
18 24095 14027 
19 54105 44024 
20 48407 38377 
21 51324 41332 
22 27270 17186 
23 57301 47315 
24 13610 3601 
25 61963 51891 
26 93716 83731 
27 101606 91537 
28 95737 85698 
29 46078 36140 
30 79772 69842 
31 34481 24536 
32 30452 20390 
33 61479 51522 
34 52261 42352 
35 22233 12155 
36 84368 74372 
37 92617 82627 
38 73124 63191 
39 75766 65779 
40 98123 88185 
41 63816 53766 
42 109099 99020 
43 89598 79557 
44 109154 99168 
45 93015 82990 
46 25401 15437 
47 27406 17376 
48 79808 69836 
49 22568 12518 
50 55519 45619 
51 89969 79965 
52 67442 57483 
53 64401 54340 
54 69361 59343 
55 36745 26655 
56 58209 48194 
57 47738 37672 
58 79995 69901 
59 65830 55859 
60 73037 63061 
61 92344 82331 
62 89421 79509 
63 72016 61966 
64 21654 11613 
65 107373 97362 
66 55854 45767 
67 31895 21811 
68 59519 49553 
69 27419 17355 
70 27980 17948 
71 98439 88460 
72 45441 35488 
73 95249 85197 
74 39720 29770 
75 93247 83182 
76 55086 45139 
77 27801 17865 
78 23982 14046 
79 52176 42199 
80 28442 18349 
81 46211 36220 
82 28029 17952 
83 41607 31601 
84 43847 33900 
85 77249 67276 
86 98871 88916 
87 31116 21134 
88 97419 87495 
89 107299 97225 
90 51557 41462 
91 85390 75339 
92 88028 77967 
93 37248 27179 
94 75710 65722 
95 36479 26415 
96 46199 36144 
97 86888 76952 
98 39599 29555 
99 93875 83851 
100 86086 76175 
101 96410 86332 
102 84084 73995 
103 73485 63449 
104 58894 48907 
105 27914 17968 
106 44438 34501 
107 74690 64638 
108 15951 5885 
109 76019 65973 
110 68711 58784 
111 104398 94345 
112 45785 35738 
113 36861 26776 
114 62921 52948 
115 40104 30036 
116 44832 34733 
117 63797 53806 
118 78151 68148 
119 88623 78528 
120 52166 42175 
121 108534 98582 
122 27798 17835 
123 49035 39034 
124 98967 88881 
125 48152 38204 
126 104110 94209 
127 24919 14842 
128 71315 61374 
129 21410 11345 
130 18396 8310 
131 98324 88416 
132 47179 37180 
133 95669 85749 
134 109372 99459 
135 92034 82007 
136 34908 24857 
137 93739 83696 
138 56345 46365 
139 69982 60020 
140 68007 58015 
141 70991 61010 
142 60952 51027 
143 58938 48918 
144 67478 57554 
145 43403 33304 
146 55522 45613 
147 13693 3749 
148 14568 4526 
149 46996 36999 
150 73488 63469 
151 105349 95348 
152 22201 12107 
153 11027 1040 
154 40328 30255 
155 51468 41440 
156 50415 40315 
157 69135 59085 
158 28357 18378 
159 11750 1680 
160 39933 29960 
161 47629 37568 
162 84874 74893 
163 59549 49525 
164 100582 90584 
165 24306 14232 
166 43932 34021 
167 85573 75561 
168 45114 35082 
169 20484 10476 
170 22451 12500 
171 98899 88913 
172 12612 2520 
173 54705 44767 
174 105223 95128 
175 95104 85117 
176 74183 64149 
177 29429 19485 
178 62039 52044 
179 79185 69285 
180 15397 5454 
181 10396 378 
182 102396 92447 
183 96534 86443 
184 25434 15435 
185 45961 35991 
186 101224 91168 
187 90020 80061 
188 27056 17132 
189 54015 43934 
190 83094 73076 
191 88740 78833 
192 106724 96653 
193 20865 10787 
194 90262 80187 
195 50351 40328 
196 11312 1412 
197 36649 26562 
198 37564 27600 
199 54398 44333 
200 85780 75712 
201 21761 11813 
202 68911 58951 
203 39244 29237 
204 20888 10825 
205 52192 42205 
206 44775 34863 
207 11547 1631 
208 53910 43844 
209 102019 92070 
210 109330 99280 
211 21094 11091 
212 71115 61134 
213 45367 35269 
214 49821 39755 
215 17214 7268 
216 24944 14910 
217 34125 24075 
218 79174 69150 
219 97471 87408 
220 12552 2469 
221 103210 93296 
222 31004 21023 
223 92994 82940 
224 109649 99566 
225 54784 44698 
226 99361 89406 
227 23829 13754 
228 74675 64672 
229 70129 60214 
230 43691 33605 
231 32376 22308 
232 97251 87225 
233 43850 33883 
234 100030 90041 
235 71046 61120 
236 102611 92690 
237 104847 94860 
238 87174 77144 
239 67650 57659 
240 18753 8767 
241 28533 18548 
242 76106 66074 
243 89517 79440 
244 50502 40526 
245 105563 95561 
246 105018 94993 
247 24365 14368 
248 90578 80548 
249 91420 81483 
250 40951 30955 
251 29437 19449 
252 16600 6565 
253 56662 46595 
254 80162 70156 
255 40026 30034 
256 16150 6123 
257 79947 69991 
258 97418 87319 
259 24163 14186 
260 107299 97355 
261 75564 65490 
262 68559 58628 
263 10431 525 
264 55381 45333 
265 28968 18990 
266 19599 9576 
267 75341 65329 
268 97758 87858 
269 69566 59499 
270 13022 2994 
271 72877 62834 
272 60717 50790 
273 74685 64774 
274 44650 34569 
275 54870 44796 
276 100683 90733 
277 62314 52293 
278 20467 10481 
279 90383 80415 
280 35103 25087 
281 21569 11639 
282 100950 90949 
283 108574 98618 
284 92846 82861 
285 53531 43607 
286 55459 45531 
287 109105 99090 
288 68791 58851 
289 95750 85735 
290 68058 58149 
291 17207 7225 
292 27616 17702 
293 82084 71991 
294 105700 95628 
295 43907 33865 
296 81886 71829 
297 104635 94653 
298 73881 63925 
299 19062 8968 
300 32956 22954 
301 76965 67003 
302 43036 33085 
303 86518 76420 
304 74651 64600 
305 97198 87166 
306 71921 61950 
307 82054 72150 
308 107352 97324 
309 67466 57530 
310 56255 46314 
311 55475 45568 
312 69344 59405 
313 30570 20625 
314 55959 45932 
315 103159 93136 
316 41296 31357 
317 85035 75083 
318 74905 64844 
319 34828 24861 
320 105865 95863 
321 51534 41437 
322 44490 34505 
323 57738 47654 
324 56290 46321 
325 54131 44228 
326 107194 97214 
327 63415 53336 
328 28210 18233 
329 105300 95240 
330 29473 19519 
331 95716 85734 
332 71277 61306 
333 107412 97435 
334 25178 15131 
335 83723 73648 
336 71883 61814 
337 87623 77561 
338 33029 23001 
339 59902 49919 
340 68973 58954 
341 34434 24424 
342 14634 4573 
343 100757 90692 
344 94254 84271 
345 77092 67031 
346 92852 82753 
347 26418 16318 
348 17567 7476 
349 61501 51456 
350 78507 68510 
351 67857 57843 
352 99420 89415 
353 56676 46599 
354 27307 17219 
355 95684 85619 
356 20887 10923 
357 67179 57210 
358 13468 3482 
359 93775 83865 
360 61081 51169 
361 19149 9232 
362 25129 15047 
363 53383 43435 
364 62538 52609 
365 21557 11564 
366 55672 45706 
367 27621 17559 
368 80443 70463 
369 58242 48186 
370 102721 92761 
371 81540 71510 
372 81219 71272 
373 73647 63726 
374 93441 83497 
375 24276 14187 
376 81246 71236 
377 61895 51913 
378 32247 22244 
379 75892 65954 
380 93654 83603 
381 72534 62581 
382 14270 4306 
383 90747 80691 
384 50864 40914 
385 106492 96486 
386 26972 17042 
387 70125 60062 
388 64773 54677 
389 52925 42936 
390 65263 55231 
391 57438 47469 
392 53190 43244 
393 103683 93621 
394 25409 15373 
395 41491 31479 
396 18144 8224 
397 28754 18702 
398 109397 99466 
399 62634 52697 
400 99058 89044 
401 44745 34687 
402 55473 45376 
403 50729 40636 
404 38806 28902 
405 84790 74861 
406 27136 17039 
407 57113 47028 
408 40758 30797 
409 20379 10473 
410 76863 66773 
411 26409 16381 
412 24291 14234 
413 16477 6507 
414 25721 15623 
415 87284 77310 
416 87658 77657 
417 13291 3385 
418 91643 81719 
419 38484 28487 
420 76466 66414 
421 101467 91456 
422 22635 12685 
423 14565 4628 
424 28432 18490 
425 54827 44759 
426 79028 69072 
427 65800 55753 
428 100790 90774 
429 43793 33697 
430 104597 94684 
431 94247 84181 
432 21522 11476 
433 32969 22920 
434 37573 27627 
435 104786 94705 
436 92047 81987 
437 32362 22372 
438 82650 72750 
439 30414 20480 
440 43291 33225 
441 86544 76532 
442 79626 69651 
443 56766 46862 
444 18557 8520 
445 80941 70914 
446 27065 16990 
447 17464 7443 
448 48813 38715 
449 59665 49729 
450 56843 46801 
451 79569 69519 
452 91791 81752 
453 98297 88239 
454 106072 96070 
455 11244 1165 
456 27790 17773 
457 31901 21877 
458 67039 57009 
459 75992 66050 
460 41259 31268 
461 29272 19300 
462 72420 62400 
463 88692 78636 
464 51231 41217 
465 20187 10167 
466 78757 68796 
467 60072 50069 
468 24627 14592 
469 46056 36117 
470 26776 16808 
471 100185 90255 
472 63067 53145 
473 93340 83341 
474 85468 75454 
475 103789 93718 
476 96385 86302 
477 99144 89241 
478 34061 24151 
479 11220 1235 
480 25471 15385 
481 103950 93886 
482 65523 55489 
483 13564 3542 
484 63134 53232 
485 50626 40712 
486 54236 44264 
487 77776 67801 
488 28776 18755 
489 18900 8816 
490 67078 57103 
491 95411 85473 
492 23406 13354 
493 27637 17687 
494 96485 86486 
495 80542 70621 
496 82511 72505 
497 32694 22794 
498 20399 10483 
499 95407 85479 
500 69508 59421 
501 39470 29533 
502 12819 2779 
503 39664 29696 
504 74927 64893 
505 79775 69874 
506 73993 63960 
507 79574 69589 
508 51621 41531 
509 23011 13009 
510 81427 71409 
511 50968 41054 
512 54316 44307 
513 107710 97807 
514 92161 82087 
515 65315 55323 
516 54293 44217 
517 34676 24745 
518 107192 97204 
519 49698 39671 
520 102221 92188 
521 107536 97607 
522 42766 32843 
523 100538 90631 
524 54826 44839 
525 79293 69243 
526 59222 49213 
527 97058 87145 
528 105416 95356 
529 63791 53889 
530 51839 41936 
531 20973 10919 
532 93361 83449 
533 100796 90719 
534 21182 11175 
535 52987 42931 
536 36984 27028 
537 66223 56164 
538 24067 14047 
539 101881 91978 
540 33739 23776 
541 36104 26122 
542 44505 34477 
543 107827 97875 
544 65106 55144 
545 51957 41941 
546 71059 60962 
547 75480 65535 
548 67233 57201 
549 44703 34771 
550 89946 80009 
551 93209 83240 
552 59157 49242 
553 16492 6491 
554 86332 76357 
555 109188 99220 
556 44788 34716 
557 10347 368 
558 23180 13141 
559 38689 28624 
560 48680 38763 
561 81730 71805 
562 32576 22642 
563 37562 27479 
564 89016 79061 
565 103412 93465 
566 90087 80045 
567 62802 52714 
568 98616 88703 
569 34175 24130 
570 85086 74995 
571 52546 42454 
572 69902 59821 
573 19910 9955 
574 65076 55050 
575 15857 5875 
576 50176 40121 
577 37427 27407 
578 96387 86419 
579 19620 9666 
580 61192 51288 
581 33144 23045 
582 69974 59912 
583 51390 41292 
584 47709 37722 
585 66304 56268 
586 63275 53213 
587 102130 92039 
588 101979 92040 
589 96021 85974 
590 16527 6624 
591 63400 53457 
592 107284 97382 
593 42243 32318 
594 16554 6650 
595 80632 70708 
596 34238 24208 
597 21841 11915 
598 47231 37293 
599 98070 88099 
600 74977 65054 
601 11949 2029 
602 47620 37621 
603 63366 53369 
604 21551 11586 
605 107649 97597 
606 80934 70890 
607 83439 73342 
608 37115 27174 
609 75351 65438 
610 91495 81594 
611 14233 4195 
612 75231 65168 
613 101583 91584 
614 82259 72208 
615 58841 48834 
616 57531 47583 
617 23702 13785 
618 46343 36370 
619 17790 7809 
620 69211 59245 
621 38192 28172 
622 24756 14812 
623 108992 98925 
624 77600 67500 
625 106384 96292 
626 102448 92519 
627 104125 94081 
628 25384 15371 
629 50793 40727 
630 48526 38502 
631 105847 95870 
632 44382 34448 
633 13449 3460 
634 39186 29157 
635 88048 78066 
636 13052 3070 
637 41639 31703 
638 94129 84106 
639 25405 15443 
640 15840 5774 
641 31445 21378 
642 17392 7446 
643 42805 32739 
644 17283 7222 
645 14062 4067 
646 96313 86306 
647 64551 54507 
648 26246 16263 
649 50979 40931 
650 21087 11044 
651 51623 41601 
652 60969 50952 
653 68714 58706 
654 51574 41577 
655 17525 7588 
656 25608 15550 
657 77306 67310 
658 83144 73114 
659 33293 23356 
660 28684 18598 
661 45197 35194 
662 51152 41081 
663 47334 37341 
664 49377 39350 
665 79959 69993 
666 38180 28099 
667 76516 66594 
668 31969 21985 
669 86911 76914 
670 75709 65773 
671 66029 56019 
672 70054 60146 
673 90552 80538 
674 99865 89832 
675 20441 10401 
676 46721 36685 
677 82488 72432 
678 32529 22558 
679 22873 12903 
680 102330 92371 
681 10140 73 
682 76841 66836 
683 40506 30536 
684 42941 32892 
685 105949 95946 
686 66722 56808 
687 101872 91893 
688 82350 72252 
689 42917 32924 
690 84535 74547 
691 22585 12678 
692 54285 44288 
693 15872 5943 
694 77592 67558 
695 51545 41597 
696 84373 74448 
697 94612 84697 
698 10944 910 
699 71399 61384 
700 16743 6764 
701 29477 19534 
702 108806 98737 
703 63104 53118 
704 95877 85969 
705 58560 48487 
706 63956 53967 
707 10825 798 
708 23894 13811 
709 53280 43300 
710 35498 25540 
711 72302 62261 
712 92751 82850 
713 102042 92045 
714 19727 9826 
715 20320 10390 
716 27090 16999 
717 29887 19954 
718 77463 67449 
719 59665 49569 
720 53030 42949 
721 37750 27760 
722 59700 49681 
723 101620 91710 
724 101093 91002 
725 27251 17228 
726 47938 37900 
727 54124 44129 
728 41204 31229 
729 101185 91191 
730 83074 73158 
731 108389 98437 
732 28850 18943 
733 48086 38122 
734 34070 24054 
735 36316 26259 
736 59054 49068 
737 86981 76969 
738 52339 42380 
739 83189 73178 
740 14544 4617 
741 50850 40866 
742 18198 8243 
743 68552 58614 
744 17512 7541 
745 29751 19756 
746 41033 31118 
747 20338 10410 
748 41125 31209 
749 48582 38602 
750 16592 6620 
751 30935 20999 
752 102633 92634 
753 77556 67528 
754 85195 75253 
755 89921 79909 
756 88510 78420 
757 49745 39802 
758 33629 23692 
759 24549 14599 
760 19722 9694 
761 24462 14401 
762 52621 42637 
763 22023 12121 
764 67561 57530 
765 104109 94055 
766 101083 91038 
767 64648 54611 
768 54029 43939 
769 97867 87775 
770 17589 7551 
771 38520 28564 
772 66500 56526 
773 23291 13384 
774 42525 32587 
775 23578 13545 
776 81730 71819 
777 47259 37193 
778 52472 42519 
779 27108 17157 
780 100880 90980 
781 30727 20820 
782 40227 30128 
783 23813 13736 
784 26265 16346 
785 29438 19364 
786 29832 19902 
787 101840 91835 
788 41077 31085 
789 101075 91040 
790 66802 56869 
791 79961 70000 
792 96507 86514 
793 80587 70488 
794 86039 75968 
795 102602 92643 
796 17839 7804 
797 88523 78532 
798 41005 31046 
799 108830 98909 
800 86018 76021 
801 34101 24138 
802 32605 22631 
803 23197 13165 
804 38588 28579 
805 44254 34231 
806 38234 28142 
807 11063 975 
808 40282 30278 
809 28360 18370 
810 29613 19614 
811 55637 45735 
812 37171 27254 
813 30927 20877 
814 39179 29173 
815 93370 83460 
816 90481 80486 
817 36751 26725 
818 25829 15822 
819 86989 76895 
820 30475 20486 
821 74177 64223 
822 17435 7480 
823 105162 95195 
824 31457 21402 
825 57722 47675 
826 71756 61666 
827 44568 34564 
828 54717 44677 
829 104065 94019 
830 41164 31121 
831 82364 72274 
832 73967 63939 
833 60944 51018 
834 42337 32261 
835 63583 53637 
836 84380 74312 
837 32836 22926 
838 40810 30810 
839 65075 54984 
840 92935 82947 
841 92759 82743 
842 109473 99394 
843 37233 27215 
844 91485 81567 
845 63437 53464 
846 13232 3277 
847 61159 51258 
848 79616 69630 
849 49872 39787 
850 45978 35906 
851 25469 15538 
852 86240 76158 
853 67748 57655 
854 95092 85189 
855 91483 81545 
856 42442 32502 
857 84296 74347 
858 76761 66801 
859 27924 17852 
860 100650 90615 
861 85758 75777 
862 92348 82301 
863 64810 54898 
864 55286 45356 
865 21849 11838 
866 96808 86873 
867 105967 95963 
868 91000 81084 
869 14267 4366 
870 71710 61615 
871 28411 18419 
872 74493 64453 
873 16001 5994 
874 104170 94084 
875 98982 88990 
876 104142 94080 
877 86231 76147 
878 57466 47510 
879 85374 75467 
880 12467 2370 
881 92141 82165 
882 84595 74525 
883 78051 68116 
884 59383 49462 
885 90289 80359 
886 17871 7915 
887 13706 3738 
888 52756 42693 
889 33472 23464 
890 107228 97294 
891 75554 65514 
892 105469 95408 
893 27055 17025 
894 55933 46027 
895 100257 90332 
896 31005 21042 
897 33335 23430 
898 79989 69922 
899 92455 82544 
900 104775 94784 
901 16235 6262 
902 15392 5326 
903 90664 80657 
904 42924 33002 
905 62578 52665 
906 58853 48836 
907 94091 84020 
908 66868 56857 
909 67126 57215 
910 58943 49008 
911 88074 78071 
912 62627 52657 
913 31258 21253 
914 90901 80957 
915 88356 78308 
916 43865 33806 
917 83903 73968 
918 38797 28811 
919 77618 67533 
920 24968 15048 
921 99739 89777 
922 90000 80056 
923 76400 66479 
924 43947 34032 
925 22141 12161 
926 103345 93338 
927 66530 56465 
928 96250 86194 
929 82622 72708 
930 84069 74017 
931 91859 81955 
932 76446 66387 
933 68227 58312 
934 24700 14711 
935 29006 18977 
936 109410 99475 
937 73408 63364 
938 58301 48321 
939 88469 78416 
940 51771 41833 
941 91674 81723 
942 62516 52508 
943 101094 91069 
944 68510 58411 
945 53956 44056 
946 42861 32930 
947 108374 98403 
948 98388 88485 
949 84793 74705 
950 73169 63077 
951 73075 63011 
952 34516 24606 
953 29633 19719 
954 58662 48752 
955 66840 56810 
956 21864 11897 
957 103000 92929 
958 106767 96747 
959 50183 40112 
960 42658 32687 
961 47041 37078 
962 94386 84437 
963 17800 7861 
964 63058 53079 
965 108709 98753 
966 40998 30985 
967 71700 61797 
968 19122 9183 
969 71838 61932 
970 73370 63420 
971 67063 57106 
972 91410 81457 
973 71175 61160 
974 72279 62202 
975 50981 41054 
976 43794 33745 
977 95803 85712 
978 21969 11886 
979 60958 50896 
980 25245 15196 
981 105350 95340 
982 66754 56760 
983 62273 52251 
984 11014 1064 
985 89428 79497 
986 43084 33174 
987 96297 86300 
988 65497 55464 
989 39831 29827 
990 53916 43966 
991 39681 29690 
992 64904 54919 
993 32966 22940 
994 59842 49919 
995 100534 90598 
996 49274 39337 
997 74471 64420 
998 56148 46245 
999 14595 4570 
1000 106466 96431 
1001 43487 33521 
1002 78823 68820 
1003 95897 85948 
1004 79374 69297 
1005 91318 81318 
1006 42721 32746 
1007 63751 53753 
1008 45689 35747 
1009 24425 14445 
1010 28327 18335 
1011 19994 10060 
1012 51897 41938 
1013 53418 43454 
1014 65385 55397 
1015 58056 48054 
1016 85051 75078 
1017 87652 77752 
1018 13089 3177 
1019 65880 55973 
1020 100210 90144 
1021 34616 24549 
1022 32540 22546 
1023 92636 82575 
1024 54756 44827 
1025 54241 44280 
1026 48786 38815 
1027 48008 37909 
1028 22525 12588 
1029 51035 41007 
1030 43049 33035 
1031 57533 47555 
1032 32520 22562 
1033 67187 57234 
1034 106986 96938 
1035 101897 91916 
1036 94337 84392 
1037 14641 4724 
1038 57574 47531 
1039 57766 47728 
1040 95730 85825 
1041 28300 18255 
1042 31743 21653 
1043 68182 58199 
1044 49481 39465 
1045 57117 47114 
1046 22711 12748 
1047 104327 94388 
1048 90936 81016 
1049 83489 73588 
1050 95335 85418 
1051 38484 28388 
1052 51928 41919 
1053 48826 38759 
1054 83456 73544 
1055 87821 77839 
1056 98708 88618 
1057 12996 2983 
1058 28926 18996 
1059 25681 15651 
1060 36065 26110 
1061 19422 9411 
1062 56669 46714 
1063 79798 69886 
1064 100573 90586 
1065 103269 93328 
1066 23775 13694 
1067 93394 83394 
1068 76404 66391 
1069 68482 58451 
1070 27020 16925 
1071 90740 80736 
1072 53701 43722 
1073 23548 13461 
1074 60063 49969 
1075 33415 23504 
1076 24333 14302 
1077 57710 47662 
1078 64076 54092 
1079 95019 85044 
1080 53257 43197 
1081 102038 91996 
1082 106202 96281 
1083 82337 72378 
1084 32380 22470 
1085 20099 10122 
1086 78937 68927 
1087 82530 72601 
1088 62640 52661 
1089 100990 91020 
1090 33066 23135 
1091 107450 97520 
1092 26419 16511 
1093 64261 54175 
1094 41525 31443 
1095 37363 27403 
1096 35056 25045 
1097 16723 6731 
1098 56959 46959 
1099 33143 23136 
1100 57059 47134 
1101 55733 45666 
1102 108385 98370 
1103 76985 67020 
1104 31571 21631 
1105 101555 91456 
1106 42703 32723 
1107 20817 10840 
1108 11542 1620 
1109 42530 32618 
1110 34886 24901 
1111 63201 53207 
1112 81321 71413 
1113 51057 41009 
1114 94065 84085 
1115 106860 96935 
1116 80786 70740 
1117 32796 22894 
1118 100803 90713 
1119 41138 31181 
1120 66646 56635 
1121 59152 49061 
1122 94971 84896 
1123 50403 40411 
1124 18550 8464 
1125 14580 4484 
1126 74367 64374 
1127 43894 33964 
1128 103834 93875 
1129 38674 28770 
1130 48731 38750 
1131 33015 23076 
1132 61262 51260 
1133 36133 26210 
1134 95407 85496 
1135 42850 32785 
1136 26320 16383 
1137 28079 18127 
1138 107693 97786 
1139 27948 17902 
1140 73640 63593 
1141 14798 4896 
1142 38687 28665 
1143 41950 31933 
1144 15369 5346 
1145 77140 67059 
1146 99322 89375 
1147 84339 74250 
1148 26427 16362 
1149 43120 33074 
1150 58311 48307 
1151 33248 23276 
1152 27589 17597 
1153 100447 90355 
1154 41590 31574 
1155 51392 41381 
1156 84037 74001 
1157 23298 13361 
1158 62511 52514 
1159 109107 99199 
1160 90946 81045 
1161 67038 57110 
1162 58115 48203 
1163 18133 8174 
1164 30595 20562 
1165 10741 787 
1166 65559 55583 
1167 52618 42610 
1168 24531 14443 
1169 65172 55139 
1170 67801 57735 
1171 14012 4051 
1172 19681 9630 
1173 32899 22925 
1174 94725 84678 
1175 95602 85541 
1176 10958 961 
1177 74846 64897 
1178 35087 25174 
1179 56299 46244 
1180 103800 93864 
1181 107273 97176 
1182 11290 1360 
1183 21356 11286 
1184 23987 14011 
1185 78463 68469 
1186 37536 27522 
1187 46553 36590 
1188 54463 44482 
1189 103246 93320 
1190 45179 35096 
1191 98155 88132 
1192 58295 48347 
1193 67458 57415 
1194 70006 60053 
1195 30361 20351 
1196 31907 21823 
1197 45214 35252 
1198 24936 14968 
1199 72153 62157 
1200 59504 49570 
1201 78478 68476 
1202 22337 12314 
1203 109320 99239 
1204 95549 85618 
1205 105396 95348 
1206 33977 24044 
1207 71034 60976 
1208 61426 51349 
1209 17537 7484 
1210 90904 80987 
1211 15835 5780 
1212 41583 31565 
1213 47237 37309 
1214 10693 686 
1215 16754 6667 
1216 81567 71637 
1217 38562 28524 
1218 67760 57668 
1219 62859 52917 
1220 72584 62658 
1221 96361 86438 
1222 32321 22263 
1223 41496 31580 
1224 78124 68100 
1225 49700 39700 
1226 75957 65917 
1227 34127 24151 
1228 55772 45700 
1229 62132 52038 
1230 30979 21027 
1231 52792 42755 
1232 76066 65990 
1233 68750 58841 
1234 104717 94770 
1235 91873 81962 
1236 29533 19622 
1237 72908 62963 
1238 82913 72941 
1239 54756 44669 
1240 106786 96700 
1241 107800 97731 
1242 89487 79470 
1243 73173 63259 
1244 84836 74906 
1245 91022 80963 
1246 46665 36589 
1247 74446 64490 
1248 46695 36682 
1249 22939 12984 
1250 24707 14651 
1251 22263 12250 
1252 46409 36466 
1253 84513 74542 
1254 100308 90208 
1255 88628 78535 
1256 20363 10417 
1257 28245 18174 
1258 106373 96354 
1259 11475 1557 
1260 68317 58273 
1261 22632 12617 
1262 48591 38592 
1263 70591 60532 
1264 95114 85173 
1265 52921 42843 
1266 93475 83440 
1267 72637 62715 
1268 28283 18361 
1269 77877 67947 
1270 33121 23142 
1271 32944 23022 
1272 64172 54263 
1273 17527 7511 
1274 28393 18478 
1275 94208 84121 
1276 25225 15278 
1277 92300 82378 
1278 31655 21615 
1279 109795 99860 
1280 62586 52570 
1281 66607 56600 
1282 65073 54983 
1283 69433 59519 
1284 24586 14673 
1285 52144 42046 
1286 20803 10739 
1287 91154 81093 
1288 74921 64898 
1289 104884 94820 
1290 35764 25734 
1291 76737 66778 
1292 66240 56213 
1293 62674 52636 
1294 93532 83630 
1295 51020 40927 
1296 86335 76239 
1297 69753 59810 
1298 14273 4372 
1299 46435 36474 
1300 32088 22029 
1301 22139 12219 
1302 16181 6170 
1303 72888 62848 
1304 29208 19205 
1305 63061 52984 
1306 65015 55100 
1307 41753 31853 
1308 67166 57066 
1309 81445 71442 
1310 23334 13393 
1311 34384 24296 
1312 68531 58567 
1313 44061 34029 
1314 72545 62602 
1315 69691 59746 
1316 10818 736 
1317 52397 42423 
1318 47209 37295 
1319 31267 21365 
1320 81662 71606 
1321 105558 95655 
1322 74268 64358 
1323 12974 2886 
1324 53741 43809 
1325 79688 69728 
1326 16981 7021 
1327 84207 74244 
1328 41906 31861 
1329 39303 29389 
1330 96659 86621 
1331 85357 75273 
1332 19971 9887 
1333 25555 15652 
1334 66677 56583 
1335 107370 97334 
1336 64678 54631 
1337 69051 59077 
1338 83194 73176 
1339 40991 30968 
1340 30990 21006 
1341 94174 84186 
1342 32912 22870 
1343 28525 18439 
1344 83764 73775 
1345 39261 29302 
1346 56950 46850 
1347 25072 15075 
1348 12899 2975 
1349 98357 88408 
1350 37341 27285 
1351 99127 89175 
1352 78200 68238 
1353 87810 77895 
1354 15065 5157 
1355 26511 16536 
1356 23684 13605 
1357 28627 18708 
1358 90021 80063 
1359 41137 31045 
1360 23252 13191 
1361 90145 80061 
1362 47438 37516 
1363 48805 38853 
1364 21283 11378 
1365 11867 1798 
1366 105319 95246 
1367 41912 31950 
1368 42356 32381 
1369 53962 43935 
1370 84510 74561 
1371 76324 66298 
1372 61110 51161 
1373 94244 84323 
1374 88938 78972 
1375 54920 44849 
1376 82127 72178 
1377 67905 57972 
1378 90654 80559 
1379 48294 38243 
1380 98346 88365 
1381 19426 9346 
1382 28916 18981 
1383 93531 83501 
1384 71036 61033 
1385 36311 26275 
1386 16598 6689 
1387 28275 18321 
1388 75323 65248 
1389 51119 41209 
1390 77263 67234 
1391 13085 3168 
1392 10358 292 
1393 44013 34097 
1394 51572 41664 
1395 68216 58129 
1396 81797 71780 
1397 57030 46976 
1398 75176 65262 
1399 98655 88584 
1400 58483 48518 
1401 84281 74278 
1402 14862 4824 
1403 32410 22386 
1404 71922 61996 
1405 31029 21100 
1406 54086 44068 
1407 23500 13477 
1408 102089 92113 
1409 72001 62055 
1410 82466 72562 
1411 39764 29666 
1412 86420 76427 
1413 42361 32276 
1414 56677 46622 
1415 41982 31988 
1416 91047 81064 
1417 10174 156 
1418 24384 14362 
1419 45622 35664 
1420 86973 77010 
1421 78175 68111 
1422 99916 90006 
1423 103627 93653 
1424 90857 80781 
1425 87984 77898 
1426 71647 61690 
1427 32340 22251 
1428 47785 37846 
1429 50532 40531 
1430 101730 91656 
1431 79658 69637 
1432 99588 89603 
1433 18065 8025 
1434 29099 19036 
1435 34630 24609 
1436 29915 19879 
1437 35275 25366 
1438 81400 71405 
1439 93511 83460 
1440 93876 83948 
1441 51340 41295 
1442 24884 14891 
1443 82563 72608 
1444 61156 51192 
1445 107515 97456 
1446 34489 24545 
1447 25993 15983 
1448 107023 96971 
1449 65382 55313 
1450 78848 68914 
1451 75840 65815 
1452 43841 33757 
1453 35579 25589 
1454 82335 72253 
1455 42376 32293 
1456 82916 72898 
1457 80471 70536 
1458 36184 26234 
1459 44776 34708 
1460 107924 97991 
1461 20260 10334 
1462 52809 42780 
1463 102981 93029 
1464 49120 39060 
1465 68858 58777 
1466 12186 2126 
1467 79412 69446 
1468 23638 13737 
1469 52025 41953 
1470 56117 46040 
1471 15096 5005 
1472 22327 12322 
1473 98026 88042 
1474 23540 13466 
1475 63891 53980 
1476 39594 29621 
1477 109505 99507 
1478 97758 87757 
1479 43679 33756 
1480 23148 13073 
1481 77439 67459 
1482 30312 20390 
1483 77006 67043 
1484 99282 89343 
1485 71159 61132 
1486 23120 13172 
1487 102919 92912 
1488 49663 39618 
1489 16950 6858 
1490 84499 74399 
1491 88637 78699 
1492 87077 77048 
1493 65585 55683 
1494 107246 97225 
1495 26422 16360 
1496 62609 52568 
1497 23035 12965 
1498 66408 56366 
1499 101057 91074 
1500 74000 63923 
1501 26620 16620 
1502 24936 14917 
1503 56672 46658 
1504 73814 63892 
1505 104896 94939 
1506 19900 9822 
1507 44110 34038 
1508 58154 48098 
1509 103862 93824 
1510 27930 17891 
1511 93806 83708 
1512 50349 40283 
1513 20359 10322 
1514 53847 43865 
1515 94306 84279 
1516 30138 20057 
1517 52268 42356 
1518 35515 25470 
1519 40584 30614 
1520 65515 55438 
1521 26860 16913 
1522 28212 18282 
1523 72250 62225 
1524 60941 50984 
1525 93860 83807 
1526 24263 14352 
1527 89106 79149 
1528 65314 55311 
1529 62520 52510 
1530 57177 47195 
1531 59909 49813 
1532 59240 49156 
1533 98584 88504 
1534 65221 55155 
1535 105263 95360 
1536 32121 22210 
1537 57998 47968 
1538 14615 4567 
1539 35382 25360 
1540 82571 72671 
1541 71204 61301 
1542 101057 91011 
1543 77454 67534 
1544 62324 52393 
1545 81913 71934 
1546 70711 60649 
1547 59438 49425 
1548 22391 12490 
1549 83962 73900 
1550 107325 97273 
1551 52709 42774 
1552 35871 25829 
1553 80780 70877 
1554 71869 61946 
1555 18865 8934 
1556 109781 99833 
1557 92768 82709 
1558 85729 75728 
1559 78879 68821 
1560 20075 10139 
1561 23883 13796 
1562 60679 50774 
1563 17921 7838 
1564 101872 91805 
1565 94222 84293 
1566 72373 62307 
1567 101041 90954 
1568 27208 17291 
1569 35110 25018 
1570 29125 19047 
1571 81660 71656 
1572 88415 78315 
1573 68476 58451 
1574 57193 47276 
1575 92459 82547 
1576 57842 47866 
1577 100969 90886 
1578 42228 32311 
1579 26120 16113 
1580 34262 24211 
1581 31675 21717 
1582 34989 24966 
1583 58159 48112 
1584 24079 14088 
1585 64920 54893 
1586 50337 40369 
1587 73296 63273 
1588 57978 47880 
1589 25921 15843 
1590 23894 13834 
1591 31086 21119 
1592 15653 5690 
1593 45896 35798 
1594 16941 7039 
1595 67497 57566 
1596 85616 75710 
1597 78846 68850 
1598 68542 58580 
1599 45446 35358 
1600 37920 27856 
1601 40673 30761 
1602 105243 95212 
1603 11332 1278 
1604 92823 82758 
1605 15731 5721 
1606 72371 62335 
1607 27669 17611 
1608 108919 98895 
1609 108032 98090 
1610 29863 19938 
1611 26317 16313 
1612 90852 80755 
1613 98149 88143 
1614 25070 15044 
1615 81306 71270 
1616 12684 2615 
1617 42203 32290 
1618 88426 78348 
1619 80347 70331 
1620 17464 7480 
1621 65046 55017 
1622 72594 62622 
1623 54278 44268 
1624 92798 82732 
1625 36347 26293 
1626 51773 41781 
1627 83693 73781 
1628 16035 5990 
1629 25880 15808 
1630 51197 41160 
1631 29823 19836 
1632 46227 36241 
1633 97954 87980 
1634 25519 15462 
1635 23266 13268 
1636 28427 18513 
1637 40460 30376 
1638 85237 75163 
1639 46282 36341 
1640 16054 5959 
1641 86553 76620 
1642 64480 54571 
1643 48774 38790 
1644 104541 94475 
1645 104309 94361 
1646 68716 58772 
1647 75526 65590 
1648 20640 10642 
1649 54916 44891 
1650 65000 54926 
1651 34792 24700 
1652 21917 12007 
1653 41403 31369 
1654 54333 44395 
1655 38428 28507 
1656 90436 80467 
1657 96382 86401 
1658 22534 12473 
1659 10258 194 
1660 13211 3286 
1661 91683 81774 
1662 91325 81308 
1663 33217 23174 
1664 100720 90701 
1665 105989 96036 
1666 103480 93399 
1667 33696 23623 
1668 83894 73932 
1669 72140 62047 
1670 11186 1282 
1671 90174 80274 
1672 45831 35875 
1673 22653 12585 
1674 66556 56530 
1675 70306 60251 
1676 29741 19707 
1677 58289 48243 
1678 85855 75861 
1679 80250 70336 
1680 91009 80984 
1681 44323 34297 
1682 65133 55061 
1683 18548 8491 
1684 27796 17846 
1685 54698 44672 
1686 21250 11250 
1687 38436 28430 
1688 65722 55629 
1689 93925 84025 
1690 14926 4874 
1691 102543 92454 
1692 80848 70798 
1693 61416 51453 
1694 73671 63571 
1695 92577 82649 
1696 12099 2149 
1697 24879 14960 
1698 80024 70076 
1699 70516 60474 
1700 84329 74359 
1701 11101 1088 
1702 79642 69713 
1703 105869 95778 
1704 95500 85475 
1705 24973 15044 
1706 104809 94838 
1707 57285 47382 
1708 39834 29795 
1709 109376 99455 
1710 40903 30953 
1711 36160 26245 
1712 65879 55945 
1713 58485 48540 
1714 51370 41281 
1715 90218 80137 
1716 70993 60932 
1717 98818 88849 
1718 67390 57427 
1719 73357 63395 
1720 96936 86970 
1721 46527 36574 
1722 96065 86089 
1723 107432 97472 
1724 107630 97645 
1725 65498 55565 
1726 105968 95883 
1727 44074 34040 
1728 56431 46392 
1729 108448 98449 
1730 71139 61048 
1731 43920 33931 
1732 25871 15953 
1733 49622 39592 
1734 20793 10731 
1735 54362 44452 
1736 57101 47014 
1737 98578 88571 
1738 25610 15672 
1739 58117 48056 
1740 74976 65026 
1741 44556 34651 
1742 12801 2765 
1743 35571 25509 
1744 48665 38598 
1745 68058 58019 
1746 73452 63540 
1747 98807 88821 
1748 45209 35154 
1749 45742 35802 
1750 12673 2573 
1751 68054 58042 
1752 44304 34299 
1753 54365 44463 
1754 38617 28534 
1755 13566 3665 
1756 26733 16788 
1757 49526 39549 
1758 47786 37764 
1759 83444 73473 
1760 98224 88231 
1761 78786 68838 
1762 55380 45385 
1763 66798 56731 
1764 62226 52187 
1765 81600 71578 
1766 61020 50990 
1767 30860 20921 
1768 103528 93549 
1769 90578 80527 
1770 20803 10903 
1771 77888 67904 
1772 43289 33240 
1773 49827 39815 
1774 50445 40516 
1775 93590 83616 
1776 87711 77807 
1777 12118 2095 
1778 50057 39980 
1779 65955 56048 
1780 49765 39775 
1781 63716 53692 
1782 88570 78625 
1783 80114 70068 
1784 13016 3024 
1785 72868 62829 
1786 45668 35632 
1787 106759 96697 
1788 60140 50210 
1789 49696 39662 
1790 62225 52256 
1791 98211 88309 
1792 33641 23634 
1793 103851 93809 
1794 82772 72784 
1795 98675 88617 
1796 81280 71380 
1797 63857 53940 
1798 53031 43098 
1799 17039 6944 
1800 14343 4408 
1801 38195 28159 
1802 98415 88372 
1803 29737 19695 
1804 93265 83239 
1805 47347 37285 
1806 86805 76780 
1807 75701 65749 
1808 65053 54980 
1809 89518 79552 
1810 51373 41321 
1811 72672 62714 
1812 44316 34253 
1813 108076 98006 
1814 48465 38542 
1815 29810 19729 
1816 55003 45016 
1817 55994 46040 
1818 68471 58552 
1819 43273 33303 
1820 102238 92313 
1821 87054 77151 
1822 71484 61468 
1823 21835 11763 
1824 22924 12952 
1825 44020 34000 
1826 100676 90636 
1827 43399 33398 
1828 34941 25021 
1829 35706 25751 
1830 45358 35281 
1831 71939 61850 
1832 102381 92390 
1833 23191 13100 
1834 106637 96719 
1835 68008 58085 
1836 73658 63564 
1837 99833 89906 
1838 84752 74790 
1839 10413 452 
1840 35323 25380 
1841 16295 6197 
1842 39759 29804 
1843 49857 39794 
1844 102966 92889 
1845 65365 55305 
1846 45882 35957 
1847 85726 75792 
1848 89376 79444 
1849 53015 42991 
1850 108352 98318 
1851 81604 71564 
1852 39693 29622 
1853 86132 76178 
1854 97477 87515 
1855 40162 30204 
1856 107614 97626 
1857 106133 96131 
1858 72160 62142 
1859 100593 90562 
1860 73407 63478 
1861 106585 96578 
1862 36415 26417 
1863 30319 20359 
1864 46476 36472 
1865 45816 35830 
1866 16673 6663 
1867 13620 3521 
1868 98681 88682 
1869 38877 28945 
1870 42245 32177 
1871 72414 62319 
1872 74856 64944 
1873 53343 43375 
1874 30054 19989 
1875 58236 48185 
1876 109549 99590 
1877 102561 92469 
1878 49354 39254 
1879 89750 79698 
1880 30977 20996 
1881 42449 32499 
1882 70619 60593 
1883 65678 55736 
1884 76094 66012 
1885 109835 99812 
1886 27152 17179 
1887 85759 75824 
1888 85265 75224 
1889 32501 22443 
1890 77974 67909 
1891 36781 26860 
1892 98002 87902 
1893 97551 87478 
1894 87553 77530 
1895 67554 57542 
1896 95353 85421 
1897 36446 26460 
1898 102183 92125 
1899 47109 37060 
1900 14905 4991 
1901 28275 18304 
1902 47446 37390 
1903 106646 96660 
1904 79696 69767 
1905 60312 50221 
1906 100334 90339 
1907 19337 9326 
1908 90771 80818 
1909 19639 9561 
1910 81345 71281 
1911 30408 20503 
1912 85225 75239 
1913 72286 62308 
1914 78865 68802 
1915 96551 86458 
1916 77877 67881 
1917 85185 75192 
1918 12888 2909 
1919 38581 28590 
1920 35261 25265 
1921 44645 34696 
1922 41230 31299 
1923 14349 4341 
1924 55949 46006 
1925 22157 12082 
1926 18579 8653 
1927 36496 26584 
1928 91317 81382 
1929 19996 10079 
1930 14317 4273 
1931 74114 64205 
1932 25257 15180 
1933 32358 22368 
1934 109003 98908 
1935 35869 25779 
1936 87451 77450 
1937 45684 35760 
1938 46888 36791 
1939 71420 61458 
1940 17545 7582 
1941 22606 12662 
1942 93412 83492 
1943 78110 68158 
1944 33183 23134 
1945 17972 8065 
1946 21712 11680 
1947 39267 29171 
1948 106674 96605 
1949 32316 22284 
1950 42888 32832 
1951 26220 16151 
1952 34200 24198 
1953 75457 65433 
1954 57409 47381 
1955 52815 42812 
1956 35699 25789 
1957 36787 26712 
1958 11251 1194 
1959 61062 51101 
1960 80646 70723 
1961 105931 95839 
1962 20718 10818 
1963 61466 51549 
1964 63411 53360 
1965 105669 95696 
1966 102627 92541 
1967 41744 31821 
1968 34808 24760 
1969 95722 85688 
1970 54403 44401 
1971 42106 32069 
1972 62045 51977 
1973 53103 43147 
1974 10945 1010 
1975 16632 6632 
1976 21133 11049 
1977 64090 54155 
1978 20794 10796 
1979 21684 11682 
1980 40228 30137 
1981 63651 53568 
1982 69010 59109 
1983 84024 73962 
1984 41291 31286 
1985 53840 43807 
1986 23659 13630 
1987 65096 55106 
1988 50222 40308 
1989 28692 18693 
1990 46697 36624 
1991 80042 70132 
1992 48607 38627 
1993 24887 14939 
1994 70911 60945 
1995 60660 50676 
1996 10249 300 
1997 70037 59985 
1998 58913 48814 
1999 82135 72162 
2000 71671 61747 
2001 100794 90884 
2002 88959 78960 
2003 60408 50439 
2004 91984 81940 
2005 35149 25050 
2006 99463 89529 
2007 19110 9012 
2008 17951 7911 
2009 88090 78145 
2010 56327 46406 
2011 100848 90760 
2012 45303 35389 
2013 54556 44630 
2014 52564 42476 
2015 31639 21609 
2016 20797 10818 
2017 62363 52314 
2018 61547 51644 
2019 63175 53255 
2020 25963 16059 
2021 59322 49244 
2022 34365 24321 
2023 31355 21342 
2024 102631 92583 
2025 94299 84243 
2026 94690 84670 
2027 101107 91090 
2028 44989 34976 
2029 27261 17347 
2030 19477 9394 
2031 79501 69490 
2032 43043 32985 
2033 75123 65077 
2034 79710 69653 
2035 73704 63799 
2036 53212 43262 
2037 44192 34272 
2038 19557 9498 
2039 89769 79747 
2040 98089 87993 
2041 83414 73445 
2042 93142 83149 
2043 16069 5989 
2044 59992 49897 
2045 69316 59308 
2046 30546 20532 
2047 21935 11921 
2048 20829 10762 
2049 46158 36201 
2050 75194 65200 
2051 35656 25578 
2052 78588 68625 
2053 110004 99963 
2054 108489 98426 
2055 23384 13370 
2056 16057 6095 
2057 98005 87977 
2058 24118 14056 
2059 55958 45942 
2060 32451 22443 
2061 13628 3685 
2062 15324 5351 
2063 97183 87260 
2064 43507 33514 
2065 25159 15178 
2066 36062 26144 
2067 34328 24405 
2068 55206 45224 
2069 50547 40608 
2070 67539 57557 
2071 79780 69685 
2072 23535 13534 
2073 50889 40980 
2074 94822 84898 
2075 83731 73720 
2076 38721 28732 
2077 70145 60226 
2078 73380 63294 
2079 60943 51013 
2080 18486 8557 
2081 13922 3917 
2082 93644 83673 
2083 58106 48204 
2084 108355 98295 
2085 65640 55651 
2086 81082 71165 
2087 91597 81673 
2088 21208 11290 
2089 24079 13979 
2090 101615 91696 
2091 78593 68672 
2092 19039 9102 
2093 86556 76504 
2094 49029 39054 
2095 85968 76064 
2096 60054 50151 
2097 43433 33477 
2098 20180 10224 
2099 90135 80227 
2100 10812 786 
2101 94152 84184 
2102 21636 11593 
2103 88372 78378 
2104 67513 57463 
2105 63699 53681 
2106 61373 51461 
2107 90940 80866 
2108 59822 49750 
2109 104053 94009 
2110 58808 48714 
2111 15637 5571 
2112 92510 82540 
2113 86411 76453 
2114 55548 45560 
2115 99443 89517 
2116 52044 42125 
2117 20832 10867 
2118 79723 69642 
2119 96437 86347 
2120 108957 98921 
2121 89081 79113 
2122 10955 1045 
2123 41360 31377 
2124 95004 85097 
2125 69150 59163 
2126 14313 4262 
2127 102862 92800 
2128 100127 90064 
2129 103378 93443 
2130 90350 80262 
2131 97492 87487 
2132 47628 37692 
2133 67404 57416 
2134 74987 64950 
2135 19000 9056 
2136 56130 46084 
2137 34568 24570 
2138 101657 91605 
2139 98015 87971 
2140 30583 20569 
2141 37304 27281 
2142 51824 41815 
2143 107458 97419 
2144 58671 48615 
2145 106899 96915 
2146 62916 52909 
2147 40725 30796 
2148 54031 44082 
2149 88312 78220 
2150 42776 32865 
2151 70819 60735 
2152 31920 21979 
2153 50146 40053 
2154 42999 33080 
2155 64305 54217 
2156 47715 37755 
2157 15101 5103 
2158 19864 9840 
2159 13402 3322 
2160 92228 82148 
2161 77432 67399 
2162 63631 53729 
2163 102248 92233 
2164 57857 47781 
2165 18769 8818 
2166 72340 62366 
2167 57260 47354 
2168 66371 56324 
2169 55786 45775 
2170 93421 83346 
2171 25836 15770 
2172 68308 58339 
2173 30796 20873 
2174 23874 13925 
2175 46259 36287 
2176 83561 73501 
2177 31763 21684 
2178 86519 76535 
2179 86004 76010 
2180 40632 30695 
2181 44934 34861 
2182 49387 39425 
2183 93741 83782 
2184 62046 51985 
2185 19479 9565 
2186 83003 72920 
2187 12059 1960 
2188 98592 88517 
2189 75752 65684 
2190 49831 39787 
2191 20786 10734 
2192 73777 63780 
2193 39607 29551 
2194 52541 42530 
2195 62026 52002 
2196 64438 54381 
2197 42161 32179 
2198 86094 75999 
2199 51841 41750 
2200 75720 65656 
2201 106505 96561 
2202 98737 88798 
2203 63707 53607 
2204 64930 54900 
2205 86909 76834 
2206 22736 12694 
2207 15325 5245 
2208 65140 55119 
2209 80006 69931 
2210 64185 54167 
2211 60847 50758 
2212 51261 41260 
2213 17201 7192 
2214 105361 95403 
2215 45931 35871 
2216 18052 8075 
2217 35502 25473 
2218 103944 93847 
2219 81475 71565 
2220 98219 88198 
2221 89829 79881 
2222 46932 37017 
2223 44387 34461 
2224 32175 22128 
2225 92840 82780 
2226 18237 8297 
2227 20231 10154 
2228 31645 21686 
2229 38658 28558 
2230 27839 17785 
2231 64903 54933 
2232 19478 9407 
2233 19745 9696 
2234 17214 7223 
2235 83433 73356 
2236 108469 98382 
2237 13483 3516 
2238 65911 55848 
2239 61567 51653 
2240 100185 90236 
2241 86773 76726 
2242 63796 53836 
2243 94652 84705 
2244 22569 12608 
2245 50909 40938 
2246 48492 38462 
2247 73848 63948 
2248 48663 38760 
2249 69742 59714 
2250 95720 85747 
2251 24266 14201 
2252 40418 30335 
2253 28563 18543 
2254 66135 56151 
2255 104727 94823 
2256 67248 57319 
2257 46177 36205 
2258 33096 23189 
2259 49306 39232 
2260 90266 80318 
2261 30979 20929 
2262 14423 4462 
2263 97930 87959 
2264 31598 21562 
2265 29353 19420 
2266 41693 31710 
2267 56979 46951 
2268 39139 29230 
2269 63423 53462 
2270 87659 77627 
2271 42698 32664 
2272 75875 65861 
2273 74184 64245 
2274 22045 11959 
2275 29668 19643 
2276 92023 81956 
2277 55916 45926 
2278 43005 32987 
2279 40127 30122 
2280 102749 92841 
2281 55424 45472 
2282 31847 21772 
2283 107330 97355 
2284 45528 35440 
2285 40327 30374 
2286 95349 85352 
2287 78586 68524 
2288 26464 16522 
2289 67407 57443 
2290 91525 81479 
2291 19883 9957 
2292 102915 92997 
2293 84396 74349 
2294 39918 29979 
2295 16205 6139 
2296 76604 66601 
2297 47007 36932 
2298 35864 25810 
2299 91973 82009 
2300 64569 54583 
2301 40383 30321 
2302 105208 95185 
2303 39764 29750 
2304 78744 68714 
2305 46765 36713 
2306 17670 7736 
2307 27453 17395 
2308 107082 97143 
2309 99695 89738 
2310 76929 66946 
2311 24849 14844 
2312 18413 8398 
2313 87070 77114 
2314 40594 30499 
2315 62395 52324 
2316 85409 75352 
2317 37956 28013 
2318 103830 93770 
2319 90486 80459 
2320 107129 97048 
2321 18350 8349 
2322 30411 20414 
2323 35543 25465 
2324 35792 25708 
2325 46066 36081 
2326 49642 39651 
2327 47705 37729 
2328 99520 89420 
2329 33919 23832 
2330 32015 22036 
2331 60291 50369 
2332 56090 46119 
2333 13248 3149 
2334 108662 98728 
2335 45974 36030 
2336 77461 67498 
2337 72548 62610 
2338 83923 73870 
2339 85054 75114 
2340 89526 79546 
2341 61692 51607 
2342 80689 70610 
2343 37464 27456 
2344 86472 76470 
2345 72736 62801 
2346 47176 37112 
2347 53457 43556 
2348 74638 64728 
2349 20435 10437 
2350 21620 11550 
2351 94598 84676 
2352 64958 54962 
2353 98197 88156 
2354 99997 89979 
2355 91161 81179 
2356 61459 51411 
2357 105701 95694 
2358 85235 75204 
2359 18888 8939 
2360 47991 38050 
2361 84797 74842 
2362 101340 91267 
2363 59212 49184 
2364 20776 10719 
2365 14233 4201 
2366 69815 59744 
2367 55251 45329 
2368 23348 13254 
2369 68629 58608 
2370 40942 31034 
2371 103156 93248 
2372 51534 41549 
2373 100642 90604 
2374 48931 38892 
2375 93865 83894 
2376 47363 37282 
2377 76261 66245 
2378 36354 26442 
2379 19005 8906 
2380 19016 8975 
2381 50008 39917 
2382 27223 17219 
2383 108033 98009 
2384 94569 84600 
2385 22988 12928 
2386 107434 97342 
2387 85415 75468 
2388 40401 30330 
2389 46278 36196 
2390 35322 25343 
2391 59886 49847 
2392 48964 39051 
2393 43100 33064 
2394 93036 83073 
2395 44819 34805 
2396 109318 99326 
2397 93079 83174 
2398 71027 61082 
2399 25935 15919 
2400 24446 14397 
2401 107159 97250 
2402 15882 5820 
2403 57221 47124 
2404 33910 23983 
2405 35019 25002 
2406 52915 42832 
2407 32685 22592 
2408 30258 20337 
2409 43901 33845 
2410 86970 76922 
2411 80813 70807 
2412 16794 6751 
2413 99922 89894 
2414 36733 26810 
2415 32876 22856 
2416 62745 52650 
2417 41416 31337 
2418 97688 87623 
2419 35900 25804 
2420 83636 73728 
2421 76824 66770 
2422 22641 12627 
2423 48482 38533 
2424 39359 29352 
2425 91883 81826 
2426 45071 35051 
2427 21292 11234 
2428 11270 1189 
2429 42427 32355 
2430 40579 30646 
2431 60439 50455 
2432 56183 46193 
2433 44646 34601 
2434 33431 23379 
2435 57729 47687 
2436 81873 71777 
2437 68701 58640 
2438 69235 59165 
2439 37733 27772 
2440 108818 98820 
2441 71986 61922 
2442 91788 81800 
2443 77423 67402 
2444 15137 5125 
2445 71955 61872 
2446 100408 90370 
2447 65346 55345 
2448 44038 33959 
2449 106941 96886 
2450 87314 77333 
2451 33158 23130 
2452 57693 47781 
2453 109433 99385 
2454 95803 85857 
2455 26064 16119 
2456 65294 55225 
2457 11717 1769 
2458 32328 22276 
2459 99553 89476 
2460 37177 27252 
2461 109071 99041 
2462 57887 47891 
2463 44266 34250 
2464 92048 82079 
2465 16858 6916 
2466 11787 1792 
2467 81173 71256 
2468 41413 31458 
2469 61131 51168 
2470 49967 39988 
2471 44418 34346 
2472 28778 18683 
2473 75748 65676 
2474 100295 90323 
2475 15637 5540 
2476 19269 9316 
2477 70728 60650 
2478 32889 22909 
2479 59985 49942 
2480 32027 22031 
2481 35501 25511 
2482 70711 60616 
2483 48860 38903 
2484 89218 79179 
2485 18831 8888 
2486 24180 14185 
2487 97150 87178 
2488 55865 45950 
2489 12640 2621 
2490 36611 26698 
2491 42325 32286 
2492 90807 80810 
2493 60643 50624 
2494 94819 84754 
2495 50758 40680 
2496 89605 79562 
2497 93821 83764 
2498 78336 68290 
2499 39448 29384 
2500 60348 50387 
2501 14462 4471 
2502 45135 35092 
2503 53931 43979 
2504 108573 98645 
2505 80080 70002 
2506 15386 5372 
2507 43789 33733 
2508 57067 46970 
2509 44852 34805 
2510 83498 73544 
2511 46741 36724 
2512 16728 6659 
2513 52332 42334 
2514 12681 2754 
2515 63888 53986 
2516 59796 49872 
2517 57711 47665 
2518 98700 88618 
2519 37638 27553 
2520 15564 5558 
2521 34004 23998 
2522 101910 91934 
2523 49021 38990 
2524 58146 48136 
2525 73354 63423 
2526 80310 70323 
2527 21355 11280 
2528 95967 86064 
2529 18414 8409 
2530 72812 62746 
2531 15788 5847 
2532 26124 16084 
2533 15590 5560 
2534 11516 1566 
2535 65404 55455 
2536 25497 15571 
2537 48464 38517 
2538 41911 31874 
2539 30594 20620 
2540 96953 87015 
2541 103689 93745 
2542 77541 67462 
2543 52241 42286 
2544 18046 8003 
2545 58361 48377 
2546 79889 69984 
2547 84907 74812 
2548 72813 62740 
2549 59384 49441 
2550 84249 74309 
2551 87530 77530 
2552 87363 77378 
2553 100846 90763 
2554 46343 36383 
2555 60393 50293 
2556 21020 10957 
2557 55983 45951 
2558 67273 57237 
2559 13052 2978 
2560 92958 82993 
2561 17273 7218 
2562 38341 28424 
2563 94721 84677 
2564 107316 97284 
2565 50335 40353 
2566 79900 69842 
2567 79820 69734 
2568 105422 95349 
2569 32477 22548 
2570 93515 83559 
2571 61580 51514 
2572 104859 94829 
2573 67391 57309 
2574 75952 65941 
2575 77005 67074 
2576 40581 30639 
2577 84642 74552 
2578 91237 81189 
2579 46749 36805 
2580 53575 43576 
2581 12130 2123 
2582 47459 37529 
2583 32242 22294 
2584 87527 77601 
2585 49280 39301 
2586 76217 66190 
2587 50279 40338 
2588 72644 62554 
2589 12371 2272 
2590 87222 77241 
2591 85414 75424 
2592 94392 84367 
2593 65592 55520 
2594 67345 57291 
2595 22694 12624 
2596 51491 41444 
2597 37423 27443 
2598 70588 60527 
2599 75888 65919 
2600 52040 41978 
2601 107424 97392 
2602 15980 5896 
2603 93267 83279 
2604 19197 9258 
2605 106374 96410 
2606 41912 31894 
2607 41814 31761 
2608 49487 39462 
2609 67596 57500 
2610 40401 30479 
2611 88641 78716 
2612 42219 32220 
2613 19733 9773 
2614 15162 5191 
2615 55219 45172 
2616 60712 50708 
2617 108315 98347 
2618 21988 11946 
2619 38658 28742 
2620 104839 94767 
2621 90701 80737 
2622 93923 83999 
2623 57272 47336 
2624 47080 37160 
2625 22565 12482 
2626 48981 38948 
2627 62732 52667 
2628 67551 57620 
2629 49179 39117 
2630 51271 41334 
2631 88875 78954 
2632 78410 68387 
2633 46841 36777 
2634 34620 24680 
2635 76305 66346 
2636 49636 39614 
2637 101747 91752 
2638 27326 17256 
2639 104433 94522 
2640 30875 20969 
2641 78195 68101 
2642 56120 46111 
2643 65188 55170 
2644 69088 59072 
2645 17236 7271 
2646 43629 33647 
2647 43589 33557 
2648 56807 46747 
2649 16098 6142 
2650 78950 69012 
2651 75393 65424 
2652 49484 39563 
2653 38159 28227 
2654 93217 83174 
2655 102933 92954 
2656 90013 79996 
2657 71447 61497 
2658 41455 31411 
2659 98312 88292 
2660 49392 39443 
2661 54298 44240 
2662 13965 3974 
2663 43686 33769 
2664 28236 18287 
2665 84526 74590 
2666 104371 94437 
2667 82320 72236 
2668 78173 68170 
2669 77280 67238 
2670 94804 84812 
2671 16535 6526 
2672 27281 17335 
2673 22748 12787 
2674 64986 54900 
2675 28192 18230 
2676 104333 94403 
2677 106789 96826 
2678 89260 79216 
2679 14697 4793 
2680 26789 16693 
2681 26833 16733 
2682 16816 6860 
2683 45473 35410 
2684 40539 30575 
2685 41648 31653 
2686 25232 15182 
2687 15544 5624 
2688 79013 68972 
2689 96790 86885 
2690 61950 51863 
2691 43374 33292 
2692 48904 38882 
2693 48443 38395 
2694 22037 11969 
2695 42176 32089 
2696 97962 87872 
2697 80251 70224 
2698 96887 86943 
2699 85732 75637 
2700 31651 21678 
2701 98698 88628 
2702 98285 88353 
2703 64712 54684 
2704 57701 47761 
2705 13789 3877 
2706 60268 50255 
2707 32743 22714 
2708 27545 17637 
2709 98135 88102 
2710 64151 54091 
2711 82097 72159 
2712 90535 80611 
2713 52620 42602 
2714 28596 18514 
2715 26222 16297 
2716 96435 86491 
2717 40397 30376 
2718 39005 28985 
2719 78694 68768 
2720 67977 58040 
2721 98810 88805 
2722 81097 71025 
2723 57037 47059 
2724 73733 63745 
2725 104067 94000 
2726 78347 68420 
2727 38390 28413 
2728 66845 56787 
2729 89328 79422 
2730 44325 34296 
2731 33754 23748 
2732 25688 15689 
2733 48798 38772 
2734 46262 36329 
2735 101752 91670 
2736 92473 82486 
2737 94571 84475 
2738 57414 47472 
2739 108690 98635 
2740 83859 73896 
2741 19270 9259 
2742 85263 75168 
2743 106181 96232 
2744 27747 17668 
2745 27232 17250 
2746 99964 89957 
2747 69392 59480 
2748 40858 30766 
2749 74892 64940 
2750 32980 23013 
2751 89567 79538 
2752 64016 54080 
2753 46312 36378 
2754 90404 80320 
2755 94374 84312 
2756 72514 62447 
2757 25901 15916 
2758 66528 56594 
2759 17679 7699 
2760 10668 715 
2761 71485 61450 
2762 32697 22765 
2763 19171 9241 
2764 10542 604 
2765 102626 92676 
2766 89314 79233 
2767 46803 36841 
2768 99562 89608 
2769 68837 58871 
2770 87223 77238 
2771 24779 14700 
2772 78725 68746 
2773 66224 56200 
2774 104489 94478 
2775 68079 58099 
2776 17030 6938 
2777 58802 48840 
2778 64868 54917 
2779 99510 89437 
2780 26885 16841 
2781 108623 98608 
2782 19937 9842 
2783 69814 59727 
2784 80003 69923 
2785 99866 89828 
2786 38072 28069 
2787 78623 68571 
2788 85855 75916 
2789 76044 66098 
2790 59465 49513 
2791 13088 3164 
2792 74104 64165 
2793 16179 6225 
2794 22357 12289 
2795 74980 65078 
2796 108790 98759 
2797 59113 49028 
2798 76025 66028 
2799 58050 48088 
2800 44634 34565 
2801 101974 91958 
2802 109093 99106 
2803 20764 10811 
2804 109220 99275 
2805 104525 94494 
2806 65283 55254 
2807 62588 52545 
2808 85619 75586 
2809 100041 90010 
2810 34279 24340 
2811 85873 75833 
2812 50605 40619 
2813 17917 7925 
2814 108849 98946 
2815 49387 39479 
2816 47665 37601 
2817 54485 44482 
2818 103826 93888 
2819 79295 69246 
2820 26961 17018 
2821 54637 44672 
2822 100435 90473 
2823 76714 66743 
2824 59516 49476 
2825 46162 36150 
2826 65844 55794 
2827 38321 28345 
2828 67693 57705 
2829 58940 48981 
2830 99721 89704 
2831 58279 48225 
2832 95192 85133 
2833 40589 30523 
2834 79444 69524 
2835 60515 50552 
2836 84326 74316 
2837 60529 50444 
2838 41573 31479 
2839 45721 35794 
2840 26051 16095 
2841 41538 31449 
2842 60241 50288 
2843 51905 41931 
2844 48333 38325 
2845 72482 62426 
2846 29451 19539 
2847 34578 24489 
2848 80532 70492 
2849 106691 96629 
2850 76635 66705 
2851 90461 80447 
2852 23310 13335 
2853 33800 23703 
2854 39985 30004 
2855 36856 26821 
2856 105043 94950 
2857 66904 56823 
2858 52373 42273 
2859 21562 11490 
2860 55428 45475 
2861 92180 82199 
2862 60889 50934 
2863 14046 4069 
2864 79107 69089 
2865 38154 28132 
2866 90822 80779 
2867 23717 13765 
2868 48371 38285 
2869 48578 38483 
2870 52087 42131 
2871 88784 78757 
2872 102538 92623 
2873 27259 17316 
2874 21636 11705 
2875 53847 43924 
2876 85314 75399 
2877 66945 57024 
2878 22449 12453 
2879 66191 56134 
2880 61026 51090 
2881 21198 11100 
2882 54587 44630 
2883 17151 7198 
2884 87535 77475 
2885 94520 84566 
2886 40016 29960 
2887 45064 35110 
2888 84934 74860 
2889 92407 82452 
2890 18884 8877 
2891 50686 40691 
2892 57597 47573 
2893 71915 61930 
2894 89956 80053 
2895 71857 61955 
2896 63754 53729 
2897 85582 75538 
2898 64566 54504 
2899 84571 74496 
2900 74126 64046 
2901 53140 43123 
2902 42619 32551 
2903 48326 38363 
2904 75448 65458 
2905 86823 76860 
2906 81085 71088 
2907 82111 72115 
2908 79727 69824 
2909 76197 66247 
2910 37438 27513 
2911 14127 4142 
2912 79601 69571 
2913 71633 61657 
2914 32108 22098 
2915 98030 87964 
2916 20000 9920 
2917 105479 95422 
2918 84918 75013 
2919 25241 15257 
2920 62094 52118 
2921 23887 13935 
2922 68528 58519 
2923 93335 83370 
2924 61162 51230 
2925 52014 42061 
2926 68917 58886 
2927 29619 19580 
2928 22733 12652 
2929 59228 49156 
2930 81408 71498 
2931 76260 66217 
2932 12246 2222 
2933 49208 39115 
2934 56955 46870 
2935 62716 52628 
2936 65533 55562 
2937 75390 65312 
2938 28505 18421 
2939 98369 88425 
2940 98261 88257 
2941 61130 51151 
2942 83617 73583 
2943 109429 99360 
2944 94250 84208 
2945 68712 58633 
2946 55947 46019 
2947 47106 37145 
2948 84637 74668 
2949 98548 88526 
2950 46901 36812 
2951 61598 51551 
2952 79158 69155 
2953 65112 55141 
2954 74758 64735 
2955 74825 64871 
2956 45211 35167 
2957 93170 83073 
2958 92664 82664 
2959 60533 50511 
2960 57108 47107 
2961 44161 34235 
2962 17055 7058 
2963 64438 54433 
2964 27801 17773 
2965 90543 80636 
2966 61234 51198 
2967 47388 37455 
2968 22738 12724 
2969 16519 6514 
2970 30650 20616 
2971 95761 85750 
2972 72052 62122 
2973 99975 89975 
2974 84100 74118 
2975 47441 37437 
2976 62636 52697 
2977 90207 80207 
2978 89287 79338 
2979 35761 25781 
2980 74105 64039 
2981 24103 14120 
2982 51683 41757 
2983 56595 46648 
2984 68695 58771 
2985 91861 81881 
2986 55578 45572 
2987 45857 35915 
2988 23975 13911 
2989 19119 9029 
2990 102903 92861 
2991 29792 19742 
2992 86292 76358 
2993 57820 47863 
2994 96173 86272 
2995 68202 58184 
2996 72883 62893 
2997 56979 46917 
2998 106831 96927 
2999 99034 88941 
3000 30050 20051 
3001 32730 22799 
3002 31692 21736 
3003 42689 32698 
3004 101016 90970 
3005 20588 10527 
3006 68985 59039 
3007 12562 2469 
3008 95243 85341 
3009 17185 7273 
3010 92576 82663 
3011 43201 33167 
3012 40540 30610 
3013 102330 92265 
3014 105315 95224 
3015 60256 50211 
3016 37786 27784 
3017 77352 67305 
3018 87635 77575 
3019 90229 80150 
3020 75563 65607 
3021 61815 51834 
3022 72591 62690 
3023 92767 82726 
3024 45368 35444 
3025 46728 36663 
3026 103922 93875 
3027 90826 80829 
3028 98075 88108 
3029 83206 73255 
3030 14069 3994 
3031 66636 56590 
3032 13901 3941 
3033 29509 19450 
3034 95199 85205 
3035 86709 76660 
3036 94039 84050 
3037 36110 26185 
3038 23013 13050 
3039 37067 26967 
3040 26219 16317 
3041 41167 31127 
3042 11347 1401 
3043 63087 53032 
3044 52974 42893 
3045 51339 41268 
3046 33817 23868 
3047 86756 76705 
3048 52362 42400 
3049 86389 76342 
3050 39751 29735 
3051 51638 41671 
3052 97376 87343 
3053 23621 13567 
3054 63566 53530 
3055 101718 91818 
3056 33630 23726 
3057 53445 43516 
3058 30405 20428 
3059 68832 58913 
3060 50718 40650 
3061 81134 71170 
3062 106847 96815 
3063 13798 3793 
3064 41257 31339 
3065 84655 74641 
3066 29415 19505 
3067 105688 95780 
3068 15504 5489 
3069 38282 28339 
3070 84832 74742 
3071 103790 93812 
3072 108774 98681 
3073 40114 30171 
3074 99250 89216 
3075 62441 52383 
3076 54557 44631 
3077 65019 54983 
3078 17067 7081 
3079 18482 8561 
3080 12844 2747 
3081 41115 31039 
3082 60033 50117 
3083 17053 7103 
3084 58372 48430 
3085 29822 19862 
3086 21407 11427 
3087 48917 39016 
3088 103611 93523 
3089 20554 10598 
3090 42284 32234 
3091 91934 81940 
3092 11079 1032 
3093 78466 68534 
3094 41347 31262 
3095 98305 88278 
3096 102290 92356 
3097 57396 47477 
3098 53940 43962 
3099 86502 76556 
3100 100339 90393 
3101 76201 66109 
3102 18525 8500 
3103 29808 19803 
3104 13055 2992 
3105 43946 33874 
3106 97864 87934 
3107 80519 70453 
3108 76750 66769 
3109 99346 89411 
3110 73077 63009 
3111 47482 37556 
3112 14582 4666 
3113 107694 97765 
3114 102647 92577 
3115 66666 56702 
3116 77361 67429 
3117 68614 58653 
3118 24428 14398 
3119 45117 35041 
3120 17709 7780 
3121 99790 89812 
3122 85734 75694 
3123 76803 66709 
3124 82310 72294 
3125 30670 20610 
3126 15070 5126 
3127 58091 48063 
3128 102252 92177 
3129 19842 9765 
3130 84607 74512 
3131 84924 74922 
3132 109178 99143 
3133 54049 44136 
3134 108351 98260 
3135 23932 13901 
3136 60424 50371 
3137 20418 10495 
3138 86527 76465 
3139 78524 68425 
3140 89439 79515 
3141 75447 65479 
3142 62678 52641 
3143 105265 95338 
3144 15087 5117 
3145 55258 45320 
3146 71575 61562 
3147 16407 6499 
3148 37399 27379 
3149 83419 73492 
3150 102446 92522 
3151 87572 77556 
3152 13184 3233 
3153 30436 20359 
3154 97167 87160 
3155 47151 37157 
3156 52072 42052 
3157 101951 92006 
3158 102349 92328 
3159 17290 7370 
3160 100052 89970 
3161 105938 95874 
3162 106768 96724 
3163 61980 52030 
3164 85271 75326 
3165 70456 60468 
3166 53031 42997 
3167 49168 39082 
3168 48515 38482 
3169 64541 54624 
3170 66109 56057 
3171 29330 19261 
3172 88873 78836 
3173 56553 46516 
3174 35857 25900 
3175 28399 18386 
3176 84782 74852 
3177 98401 88423 
3178 23351 13361 
3179 43953 33935 
3180 86333 76410 
3181 21428 11420 
3182 78013 68008 
3183 100306 90306 
3184 99869 89898 
3185 40104 30046 
3186 99978 90056 
3187 32265 22276 
3188 107189 97217 
3189 19525 9539 
3190 39768 29795 
3191 30766 20759 
3192 109874 99910 
3193 102673 92684 
3194 36072 26086 
3195 70895 60809 
3196 49902 39964 
3197 108953 99008 
3198 51398 41367 
3199 104222 94161 
3200 26460 16412 
3201 59517 49430 
3202 103836 93879 
3203 27436 17486 
3204 73938 63997 
3205 76409 66505 
3206 77631 67552 
3207 46817 36717 
3208 66520 56590 
3209 64922 54947 
3210 87353 77318 
3211 20789 10881 
3212 11203 1143 
3213 84516 74453 
3214 10835 759 
3215 24936 14922 
3216 66018 56062 
3217 66622 56570 
3218 40221 30205 
3219 87827 77777 
3220 103331 93277 
3221 79634 69657 
3222 68889 58904 
3223 47213 37224 
3224 98269 88270 
3225 92231 82210 
3226 51191 41093 
3227 64398 54379 
3228 35882 25857 
3229 66452 56397 
3230 73571 63612 
3231 43864 33827 
3232 60608 50594 
3233 73246 63328 
3234 41918 31851 
3235 53650 43551 
3236 108636 98582 
3237 92043 82088 
3238 109492 99582 
3239 57914 47963 
3240 20388 10459 
3241 48517 38524 
3242 74293 64312 
3243 99364 89339 
3244 44493 34541 
3245 51979 41982 
3246 29407 19321 
3247 50887 40942 
3248 35929 25949 
3249 15077 5115 
3250 57554 47479 
3251 52101 42189 
3252 104565 94490 
3253 108621 98536 
3254 31568 21478 
3255 28876 18842 
3256 91716 81674 
3257 48752 38789 
3258 77153 67123 
3259 44602 34564 
3260 39980 29998 
3261 37200 27227 
3262 37162 27074 
3263 34928 24991 
3264 53335 43395 
3265 64124 54047 
3266 65661 55701 
3267 41830 31790 
3268 88969 78910 
3269 87251 77230 
3270 64378 54469 
3271 107008 96955 
3272 103793 93869 
3273 82924 73009 
3274 88923 78856 
3275 17011 7098 
3276 50313 40314 
3277 92400 82328 
3278 34687 24619 
3279 67769 57675 
3280 32882 22888 
3281 105192 95104 
3282 28424 18360 
3283 94010 83991 
3284 11331 1334 
3285 94903 84975 
3286 69473 59407 
3287 23914 14000 
3288 52491 42489 
3289 72535 62580 
3290 77725 67693 
3291 10268 243 
3292 32413 22435 
3293 99152 89097 
3294 36293 26281 
3295 69627 59590 
3296 81736 71680 
3297 17089 7123 
3298 39249 29268 
3299 35581 25660 
3300 16051 6069 
3301 97789 87870 
3302 27574 17494 
3303 36268 26222 
3304 11638 1602 
3305 20615 10563 
3306 97657 87638 
3307 59850 49857 
3308 70663 60702 
3309 57742 47779 
3310 23719 13680 
3311 52485 42404 
3312 95213 85151 
3313 69577 59626 
3314 81196 71293 
3315 109511 99536 
3316 109849 99825 
3317 26987 16911 
3318 78810 68817 
3319 11558 1512 
3320 57920 47835 
3321 63249 53168 
3322 14684 4758 
3323 45899 35800 
3324 85167 75104 
3325 72283 62360 
3326 60265 50291 
3327 95501 85464 
3328 26356 16409 
3329 89874 79899 
3330 13572 3496 
3331 81100 71176 
3332 69715 59677 
3333 43898 33942 
3334 86414 76433 
3335 38199 28211 
3336 46470 36570 
3337 64341 54289 
3338 16181 6145 
3339 59548 49646 
3340 85423 75419 
3341 72658 62558 
3342 33219 23302 
3343 45912 35831 
3344 31801 21890 
3345 11249 1305 
3346 13848 3785 
3347 77334 67416 
3348 73493 63500 
3349 97047 86951 
3350 84144 74220 
3351 46435 36483 
3352 69570 59634 
3353 94876 84889 
3354 47259 37195 
3355 96891 86837 
3356 53402 43332 
3357 81598 71592 
3358 31814 21886 
3359 103735 93685 
3360 34701 24781 
3361 93811 83736 
3362 104488 94451 
3363 91305 81267 
3364 56406 46324 
3365 77641 67607 
3366 64803 54741 
3367 49408 39499 
3368 83524 73494 
3369 71721 61788 
3370 100735 90794 
3371 45985 35937 
3372 19494 9487 
3373 69739 59690 
3374 40093 30190 
3375 65767 55749 
3376 29796 19856 
3377 108936 98956 
3378 47653 37690 
3379 32797 22798 
3380 70848 60903 
3381 47942 38008 
3382 18118 8161 
3383 15369 5440 
3384 53558 43548 
3385 81332 71310 
3386 65701 55631 
3387 84063 74088 
3388 48414 38383 
3389 88062 77976 
3390 32132 22154 
3391 52153 42204 
3392 73478 63421 
3393 12462 2537 
3394 42310 32243 
3395 30141 20093 
3396 108790 98810 
3397 89793 79808 
3398 45715 35779 
3399 77586 67542 
3400 83391 73366 
3401 62243 52324 
3402 12016 1968 
3403 87709 77788 
3404 74760 64826 
3405 86218 76198 
3406 30068 20103 
3407 58978 48909 
3408 16606 6570 
3409 15299 5284 
3410 22664 12721 
3411 29103 19027 
3412 58392 48450 
3413 71695 61602 
3414 88115 78128 
3415 89406 79424 
3416 109039 99098 
3417 108760 98736 
3418 50967 40992 
3419 68086 58129 
3420 109895 99843 
3421 94493 84489 
3422 48826 38808 
3423 44088 34061 
3424 68775 58825 
3425 92200 82191 
3426 109062 99112 
3427 86551 76517 
3428 90818 80881 
3429 53106 43154 
3430 98805 88763 
3431 102181 92115 
3432 48075 38010 
3433 62196 52200 
3434 98950 88916 
3435 35799 25820 
3436 32718 22749 
3437 109074 99091 
3438 54264 44274 
3439 21844 11920 
3440 27170 17103 
3441 72680 62656 
3442 77256 67213 
3443 53800 43782 
3444 64288 54332 
3445 60744 50724 
3446 12447 2488 
3447 53720 43651 
3448 12172 2187 
3449 42500 32511 
3450 32901 22911 
3451 107049 97009 
3452 52688 42686 
3453 20149 10106 
3454 91740 81640 
3455 25635 15561 
3456 33227 23184 
3457 51824 41866 
3458 11980 1940 
3459 65698 55660 
3460 91053 81110 
3461 99326 89228 
3462 93865 83868 
3463 29420 19427 
3464 41770 31777 
3465 86477 76457 
3466 84514 74485 
3467 106177 96196 
3468 74544 64536 
3469 12435 2385 
3470 58629 48622 
3471 60329 50350 
3472 92697 82720 
3473 34385 24385 
3474 48952 38863 
3475 67175 57097 
3476 106820 96853 
3477 49945 39967 
3478 80154 70170 
3479 53376 43368 
3480 19811 9744 
3481 53224 43290 
3482 106362 96459 
3483 95535 85480 
3484 32352 22432 
3485 77629 67628 
3486 66309 56313 
3487 57255 47248 
3488 79393 69363 
3489 31587 21625 
3490 29448 19444 
3491 53231 43249 
3492 83954 73932 
3493 72438 62480 
3494 53583 43655 
3495 98802 88901 
3496 89801 79819 
3497 109772 99718 
3498 60949 51029 
3499 64364 54418 
3500 76619 66699 
3501 61272 51263 
3502 47413 37405 
3503 69701 59686 
3504 96695 86652 
3505 40521 30567 
3506 97375 87319 
3507 57472 47449 
3508 83655 73679 
3509 93910 83858 
3510 44699 34774 
3511 63357 53456 
3512 106999 96904 
3513 63317 53282 
3514 66904 56965 
3515 13444 3510 
3516 15727 5803 
3517 108049 97951 
3518 98931 88940 
3519 86686 76610 
3520 74058 64081 
3521 61924 51901 
3522 75567 65579 
3523 85438 75477 
3524 81703 71697 
3525 32980 23003 
3526 26353 16347 
3527 97406 87355 
3528 90612 80666 
3529 40706 30656 
3530 49677 39666 
3531 100247 90183 
3532 40643 30677 
3533 40068 29982 
3534 105289 95196 
3535 19823 9913 
3536 106454 96453 
3537 30177 20241 
3538 97662 87684 
3539 54339 44313 
3540 84851 74823 
3541 97908 87870 
3542 42463 32427 
3543 61654 51642 
3544 26139 16052 
3545 65359 55286 
3546 66762 56685 
3547 109212 99226 
3548 105972 95932 
3549 50689 40658 
3550 66084 56161 
3551 77147 67230 
3552 76423 66475 
3553 69369 59286 
3554 55932 45847 
3555 86084 75992 
3556 88481 78470 
3557 99462 89424 
3558 28082 18137 
3559 58567 48546 
3560 87108 77132 
3561 65534 55479 
3562 19724 9772 
3563 87579 77602 
3564 44375 34390 
3565 48704 38798 
3566 35036 25070 
3567 109167 99110 
3568 71621 61593 
3569 108177 98112 
3570 86726 76695 
3571 27932 17959 
3572 56427 46432 
3573 105859 95875 
3574 78685 68666 
3575 21703 11687 
3576 71368 61364 
3577 10800 759 
3578 109665 99682 
3579 19990 10068 
3580 36605 26614 
3581 51032 40934 
3582 63428 53431 
3583 23301 13317 
3584 82208 72161 
3585 71384 61475 
3586 56094 46169 
3587 10253 281 
3588 43002 32970 
3589 46302 36333 
3590 76494 66529 
3591 82671 72701 
3592 108128 98145 
3593 15138 5163 
3594 42926 32900 
3595 50851 40932 
3596 32035 21999 
3597 90021 80046 
3598 71466 61457 
3599 40786 30798 
3600 12044 2104 
3601 65798 55828 
3602 81618 71696 
3603 76516 66531 
3604 53687 43704 
3605 89230 79329 
3606 86169 76226 
3607 61131 51127 
3608 79580 69671 
3609 52501 42437 
3610 15739 5733 
3611 48413 38502 
3612 106630 96631 
3613 39260 29275 
3614 42334 32335 
3615 53359 43382 
3616 54478 44562 
3617 90240 80293 
3618 88264 78192 
3619 91798 81785 
3620 81532 71486 
3621 103517 93459 
3622 72496 62578 
3623 47008 37066 
3624 12355 2299 
3625 101711 91707 
3626 66615 56666 
3627 99296 89325 
3628 23640 13632 
3629 88575 78655 
3630 27348 17446 
3631 37524 27601 
3632 94487 84483 
3633 74173 64172 
3634 68737 58638 
3635 33129 23087 
3636 48468 38384 
3637 25539 15607 
3638 53725 43748 
3639 43533 33577 
3640 34914 24942 
3641 92550 82463 
3642 89821 79734 
3643 24974 14990 
3644 48580 38528 
3645 14827 4816 
3646 87932 77993 
3647 21233 11186 
3648 94360 84447 
3649 23030 13052 
3650 23686 13757 
3651 11819 1752 
3652 55277 45346 
3653 78646 68577 
3654 43431 33357 
3655 32663 22665 
3656 20628 10551 
3657 108862 98951 
3658 47062 36973 
3659 50654 40732 
3660 79615 69673 
3661 105627 95584 
3662 33035 23116 
3663 107651 97582 
3664 25731 15674 
3665 28018 17929 
3666 62887 52881 
3667 94424 84489 
3668 105278 95271 
3669 79886 69957 
3670 10907 928 
3671 68325 58302 
3672 29207 19209 
3673 32164 22246 
3674 61992 52020 
3675 41794 31884 
3676 37500 27472 
3677 97777 87685 
3678 63699 53604 
3679 33051 23001 
3680 78517 68488 
3681 30045 20103 
3682 12871 2847 
3683 70858 60821 
3684 84658 74709 
3685 49541 39448 
3686 33231 23314 
3687 25792 15740 
3688 52561 42552 
3689 54348 44304 
3690 61773 51838 
3691 10422 370 
3692 84930 75017 
3693 81861 71923 
3694 57342 47364 
3695 67021 57030 
3696 54436 44444 
3697 81769 71786 
3698 55350 45371 
3699 37586 27569 
3700 98892 88831 
3701 58267 48364 
3702 46116 36213 
3703 63419 53398 
3704 57993 47927 
3705 13391 3354 
3706 64914 55008 
3707 90958 80929 
3708 87469 77384 
3709 88755 78748 
3710 13243 3329 
3711 13010 3082 
3712 70653 60620 
3713 64407 54374 
3714 25219 15288 
3715 64307 54225 
3716 52486 42456 
3717 26601 16663 
3718 102990 93024 
3719 71831 61857 
3720 84847 74812 
3721 54031 44086 
3722 69177 59085 
3723 34477 24558 
3724 22407 12481 
3725 59578 49557 
3726 53424 43469 
3727 66797 56857 
3728 92789 82730 
3729 18875 8784 
3730 15232 5258 
3731 106124 96200 
3732 31528 21525 
3733 64058 54028 
3734 33803 23780 
3735 51867 41776 
3736 106455 96377 
3737 107374 97306 
3738 49997 39929 
3739 106362 96269 
3740 81559 71496 
3741 47468 37427 
3742 16049 5951 
3743 58235 48294 
3744 102506 92428 
3745 33438 23451 
3746 79779 69702 
3747 15270 5323 
3748 48845 38858 
3749 22051 11999 
3750 96908 86967 
3751 82602 72696 
3752 61474 51556 
3753 94355 84377 
3754 29317 19289 
3755 100030 90065 
3756 82553 72528 
3757 19997 9929 
3758 41052 30985 
3759 88017 78022 
3760 106070 96004 
3761 93536 83451 
3762 26935 16959 
3763 85637 75630 
3764 73916 64012 
3765 59417 49349 
3766 78542 68589 
3767 84202 74285 
3768 35978 25903 
3769 32847 22887 
3770 36192 26112 
3771 92866 82831 
3772 44895 34895 
3773 58660 48683 
3774 78561 68639 
3775 43531 33516 
3776 93687 83623 
3777 70884 60932 
3778 76037 66089 
3779 58035 48036 
3780 107371 97293 
3781 102082 92144 
3782 51456 41401 
3783 101104 91170 
3784 43844 33775 
3785 54603 44536 
3786 52557 42467 
3787 11589 1659 
3788 76674 66615 
3789 77262 67341 
3790 42084 32181 
3791 44371 34350 
3792 76503 66441 
3793 11327 1258 
3794 101867 91897 
3795 80405 70434 
3796 59906 49889 
3797 64272 54230 
3798 99701 89647 
3799 14774 4812 
3800 28393 18488 
3801 87748 77760 
3802 20417 10485 
3803 11148 1161 
3804 102454 92446 
3805 20015 9955 
3806 48731 38785 
3807 50700 40797 
3808 39680 29662 
3809 58637 48577 
3810 64792 54722 
3811 59396 49372 
3812 74468 64382 
3813 15130 5226 
3814 85677 75716 
3815 48226 38143 
3816 12922 2846 
3817 69031 58932 
3818 66648 56618 
3819 78667 68684 
3820 90704 80630 
3821 43144 33185 
3822 105855 95764 
3823 85115 75184 
3824 20563 10650 
3825 11704 1694 
3826 40997 31033 
3827 81559 71621 
3828 67635 57719 
3829 41586 31648 
3830 49521 39595 
3831 42538 32527 
3832 16683 6709 
3833 38429 28422 
3834 54125 44215 
3835 82178 72216 
3836 22096 12084 
3837 48042 38076 
3838 33148 23236 
3839 83894 73881 
3840 90386 80401 
3841 103023 93012 
3842 22415 12433 
3843 47502 37458 
3844 101914 92000 
3845 37211 27308 
3846 17511 7545 
3847 29385 19375 
3848 94114 84112 
3849 26966 16876 
3850 53501 43408 
3851 64492 54435 
3852 21871 11820 
3853 77396 67430 
3854 17840 7844 
3855 74539 64621 
3856 41786 31830 
3857 73272 63190 
3858 102926 92894 
3859 53715 43703 
3860 106601 96652 
3861 105085 95074 
3862 57971 48033 
3863 26993 16915 
3864 100930 90949 
3865 13694 3769 
3866 22961 12967 
3867 12045 2143 
3868 16453 6450 
3869 60962 50869 
3870 84588 74665 
3871 22818 12832 
3872 14109 4127 
3873 68901 58874 
3874 79730 69685 
3875 57696 47655 
3876 95755 85713 
3877 22507 12502 
3878 32379 22423 
3879 42285 32305 
3880 18722 8679 
3881 41597 31585 
3882 91201 81234 
3883 104466 94560 
3884 106830 96762 
3885 45647 35612 
3886 67541 57478 
3887 68593 58693 
3888 23871 13918 
3889 54391 44372 
3890 77034 67113 
3891 74450 64439 
3892 56616 46625 
3893 64057 54109 
3894 92931 82928 
3895 22773 12795 
3896 72162 62121 
3897 51274 41336 
3898 50911 40901 
3899 87940 77947 
3900 46198 36248 
3901 56803 46703 
3902 46192 36271 
3903 80288 70385 
3904 83511 73449 
3905 79120 69110 
3906 69451 59503 
3907 67910 57819 
3908 63160 53073 
3909 42302 32234 
3910 22460 12479 
3911 55720 45637 
3912 72403 62464 
3913 108225 98291 
3914 101924 91923 
3915 63591 53668 
3916 85567 75648 
3917 93867 83907 
3918 50406 40409 
3919 18105 8183 
3920 25638 15570 
3921 40839 30805 
3922 108666 98746 
3923 47340 37382 
3924 95837 85813 
3925 37261 27249 
3926 109307 99288 
3927 37235 27173 
3928 103368 93409 
3929 98175 88100 
3930 57302 47344 
3931 80602 70575 
3932 43606 33573 
3933 105233 95210 
3934 63664 53623 
3935 12899 2860 
3936 81242 71150 
3937 106263 96294 
3938 32779 22847 
3939 37100 27181 
3940 52887 42946 
3941 93552 83526 
3942 45144 35088 
3943 25169 15245 
3944 32494 22526 
3945 98743 88673 
3946 66410 56433 
3947 13804 3791 
3948 70140 60189 
3949 82453 72538 
3950 41911 31838 
3951 89545 79524 
3952 97988 87890 
3953 28028 18076 
3954 80909 70929 
3955 68925 58980 
3956 33564 23593 
3957 90310 80285 
3958 88807 78875 
3959 89635 79729 
3960 82025 72108 
3961 84130 74077 
3962 82427 72489 
3963 45974 35929 
3964 59009 48986 
3965 52261 42310 
3966 69257 59297 
3967 20268 10227 
3968 27804 17904 
3969 49342 39339 
3970 107400 97476 
3971 32453 22494 
3972 47414 37505 
3973 45441 35498 
3974 107135 97163 
3975 82853 72870 
3976 41610 31583 
3977 77197 67148 
3978 80767 70668 
3979 65457 55521 
3980 66136 56082 
3981 68004 58082 
3982 74688 64693 
3983 91157 81196 
3984 22099 12125 
3985 75766 65767 
3986 31881 21965 
3987 97351 87408 
3988 45226 35229 
3989 109119 99138 
3990 63401 53399 
3991 42348 32320 
3992 108675 98603 
3993 14056 4002 
3994 104225 94127 
3995 36993 27066 
3996 43060 33015 
3997 83574 73570 
3998 71063 61132 
3999 31550 21539 
4000 62576 52652 
4001 64812 54756 
4002 24196 14207 
4003 59758 49677 
4004 108870 98801 
4005 107744 97719 
4006 14612 4688 
4007 10126 211 
4008 18918 8868 
4009 55352 45363 
4010 29462 19365 
4011 37315 27353 
4012 15411 5438 
4013 27802 17754 
4014 105195 95165 
4015 71110 61038 
4016 83702 73683 
4017 66862 56951 
4018 43232 33326 
4019 94291 84203 
4020 95780 85712 
4021 10861 895 
4022 43307 33228 
4023 86816 76818 
4024 20994 10973 
4025 64473 54516 
4026 72405 62467 
4027 81643 71633 
4028 51386 41403 
4029 58461 48478 
4030 95005 85049 
4031 79442 69535 
4032 95773 85797 
4033 52504 42482 
4034 106867 96783 
4035 64414 54492 
4036 28858 18928 
4037 100279 90285 
4038 78748 68703 
4039 34791 24850 
4040 76395 66476 
4041 46626 36536 
4042 67359 57372 
4043 96029 85944 
4044 46538 36610 
4045 20076 10019 
4046 81954 71863 
4047 82641 72587 
4048 102665 92597 
4049 20297 10347 
4050 67808 57749 
4051 20427 10452 
4052 101836 91811 
4053 25702 15765 
4054 18942 8891 
4055 49073 39143 
4056 52228 42147 
4057 19587 9554 
4058 50541 40453 
4059 99409 89407 
4060 17458 7495 
4061 95584 85500 
4062 98765 88776 
4063 27846 17893 
4064 82270 72345 
4065 28889 18965 
4066 89867 79829 
4067 38659 28712 
4068 18390 8415 
4069 47673 37644 
4070 10494 439 
4071 13439 3460 
4072 88394 78392 
4073 30934 20952 
4074 51767 41713 
4075 49134 39037 
4076 40253 30206 
4077 46953 36924 
4078 87860 77762 
4079 91603 81506 
4080 33069 23011 
4081 40777 30692 
4082 75503 65410 
4083 67432 57420 
4084 95870 85846 
4085 17306 7236 
4086 46118 36068 
4087 51702 41630 
4088 94511 84445 
4089 91119 81117 
4090 57630 47700 
4091 74307 64388 
4092 82945 72954 
4093 64533 54521 
4094 71042 60952 
4095 87565 77654 
4096 47671 37736 
4097 38411 28460 
4098 62466 52433 
4099 62681 52628 
4100 32856 22813 
4101 57761 47795 
4102 18211 8184 
4103 69656 59560 
4104 99598 89607 
4105 84783 74838 
4106 97476 87395 
4107 29471 19433 
4108 102560 92497 
4109 23916 13831 
4110 49381 39295 
4111 67404 57396 
4112 84596 74525 
4113 56402 46369 
4114 105584 95605 
4115 45547 35507 
4116 62292 52264 
4117 87575 77612 
4118 39882 29863 
4119 91604 81592 
4120 67789 57739 
4121 47437 37429 
4122 85396 75345 
4123 46846 36863 
4124 30264 20213 
4125 99350 89272 
4126 88521 78570 
4127 53521 43601 
4128 70038 60116 
4129 49608 39704 
4130 27979 17922 
4131 36629 26686 
4132 33762 23723 
4133 56109 46050 
4134 75067 65060 
4135 34918 24895 
4136 34998 25083 
4137 20367 10384 
4138 35004 24947 
4139 62435 52444 
4140 42513 32444 
4141 52685 42753 
4142 36515 26478 
4143 64660 54753 
4144 96205 86210 
4145 27976 17955 
4146 21991 12045 
4147 74901 64936 
4148 45106 35130 
4149 91000 80940 
4150 34417 24323 
4151 96360 86452 
4152 107500 97580 
4153 24537 14586 
4154 98253 88156 
4155 58127 48145 
4156 102211 92184 
4157 29691 19703 
4158 74286 64254 
4159 76910 66967 
4160 66234 56219 
4161 76388 66328 
4162 70990 61033 
4163 82190 72166 
4164 57110 47209 
4165 24309 14299 
4166 10592 537 
4167 45353 35369 
4168 34240 24337 
4169 107347 97382 
4170 57043 47104 
4171 89799 79797 
4172 101483 91390 
4173 30157 20141 
4174 83026 73006 
4175 56576 46600 
4176 50821 40723 
4177 44071 34026 
4178 22661 12715 
4179 12666 2764 
4180 41039 30987 
4181 80349 70372 
4182 67688 57593 
4183 44192 34131 
4184 24198 14240 
4185 45675 35594 
4186 42189 32148 
4187 86385 76346 
4188 60251 50178 
4189 36237 26231 
4190 44627 34579 
4191 29100 19176 
4192 46275 36285 
4193 66295 56301 
4194 77720 67750 
4195 47403 37357 
4196 53109 43126 
4197 25648 15644 
4198 18192 8151 
4199 24227 14245 
4200 20549 10476 
4201 69471 59546 
4202 36442 26411 
4203 64358 54453 
4204 22934 12856 
4205 63967 53929 
4206 108122 98080 
4207 106413 96330 
4208 22857 12847 
4209 55132 45174 
4210 20619 10638 
4211 21798 11870 
4212 99087 89116 
4213 11930 1973 
4214 101532 91496 
4215 41677 31764 
4216 34477 24553 
4217 42992 33032 
4218 104947 94874 
4219 16683 6585 
4220 63692 53684 
4221 107516 97591 
4222 41820 31882 
4223 30806 20835 
4224 76420 66363 
4225 27709 17687 
4226 26059 16056 
4227 17366 7347 
4228 24229 14291 
4229 18158 8197 
4230 21564 11551 
4231 36162 26260 
4232 23685 13770 
4233 49934 39850 
4234 11807 1844 
4235 14410 4443 
4236 73144 63114 
4237 39475 29494 
4238 80226 70212 
4239 77654 67751 
4240 35503 25431 
4241 95194 85286 
4242 28264 18263 
4243 37860 27904 
4244 39952 29869 
4245 66572 56607 
4246 13959 3921 
4247 55166 45209 
4248 60794 50884 
4249 67056 57074 
4250 79260 69325 
4251 100273 90351 
4252 35432 25518 
4253 69665 59608 
4254 59077 48994 
4255 108231 98249 
4256 91412 81397 
4257 96482 86390 
4258 31332 21248 
4259 94816 84728 
4260 93103 83167 
4261 88839 78839 
4262 109535 99569 
4263 29074 18998 
4264 10661 748 
4265 46806 36790 
4266 31839 21882 
4267 63198 53160 
4268 20073 10100 
4269 43895 33939 
4270 29860 19929 
4271 97878 87806 
4272 82504 72458 
4273 39196 29146 
4274 80006 70054 
4275 80056 70095 
4276 11190 1213 
4277 13826 3810 
4278 60144 50228 
4279 29540 19584 
4280 21159 11156 
4281 33579 23625 
4282 67871 57934 
4283 51230 41179 
4284 32532 22479 
4285 35741 25818 
4286 29163 19228 
4287 47880 37881 
4288 48380 38411 
4289 85445 75496 
4290 11235 1213 
4291 100188 90267 
4292 82881 72859 
4293 108847 98834 
4294 58535 48556 
4295 96128 86122 
4296 49652 39601 
4297 107186 97087 
4298 50281 40254 
4299 102229 92316 
4300 12090 2165 
4301 75763 65761 
4302 39114 29056 
4303 41131 31152 
4304 26896 16810 
4305 81845 71892 
4306 74998 65050 
4307 27404 17326 
4308 67197 57133 
4309 108157 98205 
4310 56581 46512 
4311 44276 34249 
4312 38878 28823 
4313 76110 66061 
4314 88324 78301 
4315 62114 52190 
4316 54257 44216 
4317 59842 49820 
4318 74620 64696 
4319 76421 66453 
4320 15969 6012 
4321 60270 50256 
4322 108188 98160 
4323 46390 36380 
4324 23834 13735 
4325 42174 32118 
4326 109200 99281 
4327 109539 99633 
4328 46555 36506 
4329 34542 24581 
4330 109008 98943 
4331 19384 9462 
4332 64297 54221 
4333 25379 15424 
4334 95226 85240 
4335 102040 91996 
4336 32528 22453 
4337 40415 30322 
4338 24879 14932 
4339 19874 9819 
4340 33194 23293 
4341 42462 32369 
4342 101161 91078 
4343 73267 63285 
4344 38217 28238 
4345 82405 72349 
4346 17229 7129 
4347 94500 84536 
4348 86512 76521 
4349 60427 50431 
4350 72717 62709 
4351 91730 81818 
4352 67606 57512 
4353 98390 88428 
4354 61185 51129 
4355 30652 20573 
4356 78104 68131 
4357 75388 65442 
4358 98437 88384 
4359 57633 47626 
4360 52915 42855 
4361 24859 14759 
4362 77719 67646 
4363 96381 86423 
4364 80142 70206 
4365 10519 495 
4366 37519 27522 
4367 20540 10499 
4368 69505 59435 
4369 23272 13236 
4370 103856 93812 
4371 44402 34326 
4372 57981 48076 
4373 88878 78845 
4374 48486 38581 
4375 84274 74180 
4376 80198 70104 
4377 39516 29561 
4378 72312 62371 
4379 51250 41224 
4380 86574 76609 
4381 68662 58691 
4382 95079 84980 
4383 66569 56651 
4384 79470 69553 
4385 54232 44253 
4386 85989 75895 
4387 97861 87900 
4388 86867 76910 
4389 52165 42134 
4390 26117 16152 
4391 103922 93910 
4392 10617 695 
4393 84662 74662 
4394 27627 17659 
4395 78574 68639 
4396 95554 85509 
4397 48977 38991 
4398 105508 95518 
4399 61787 51845 
4400 38807 28845 
4401 56332 46331 
4402 89091 79065 
4403 92149 82113 
4404 70969 61019 
4405 93020 82946 
4406 22456 12382 
4407 105448 95541 
4408 49545 39606 
4409 12773 2819 
4410 98924 88987 
4411 25533 15631 
4412 51921 41888 
4413 58410 48359 
4414 66830 56788 
4415 72171 62086 
4416 34257 24341 
4417 11491 1571 
4418 40180 30251 
4419 59922 49881 
4420 86870 76936 
4421 11320 1364 
4422 64296 54394 
4423 31039 21109 
4424 34576 24491 
4425 72741 62754 
4426 78611 68565 
4427 31731 21773 
4428 75850 65861 
4429 85428 75391 
4430 75840 65867 
4431 19083 9057 
4432 17641 7739 
4433 45325 35303 
4434 69385 59299 
4435 38887 28794 
4436 75625 65673 
4437 89240 79296 
4438 97867 87809 
4439 100243 90313 
4440 49991 40040 
4441 99003 88921 
4442 58239 48320 
4443 100797 90797 
4444 77888 67880 
4445 102121 92044 
4446 62542 52470 
4447 55861 45931 
4448 109154 99156 
4449 89696 79613 
4450 60269 50197 
4451 51621 41622 
4452 99553 89458 
4453 12687 2778 
4454 80525 70502 
4455 76709 66694 
4456 14666 4738 
4457 60671 50650 
4458 48547 38541 
4459 52877 42882 
4460 50625 40636 
4461 71177 61216 
4462 84124 74058 
4463 15591 5656 
4464 44244 34164 
4465 26300 16216 
4466 43321 33364 
4467 25970 15905 
4468 33609 23511 
4469 103805 93750 
4470 72699 62685 
4471 109877 99904 
4472 81920 71821 
4473 61521 51579 
4474 71974 62035 
4475 103201 93281 
4476 105266 95287 
4477 94472 84465 
4478 24610 14650 
4479 59008 49084 
4480 36702 26767 
4481 37995 27948 
4482 52566 42580 
4483 88743 78768 
4484 54736 44812 
4485 66721 56648 
4486 38094 28091 
4487 85172 75210 
4488 92566 82493 
4489 16764 6703 
4490 42955 32867 
4491 17869 7902 
4492 53506 43563 
4493 18359 8402 
4494 55596 45531 
4495 17664 7594 
4496 20290 10265 
4497 103093 93133 
4498 70138 60138 
4499 47933 37975 
4500 31364 21317 
4501 77220 67173 
4502 76027 66067 
4503 50895 40985 
4504 45324 35238 
4505 61513 51466 
4506 38766 28851 
4507 13429 3468 
4508 50472 40557 
4509 32160 22167 
4510 101496 91551 
4511 50087 40022 
4512 36726 26758 
4513 100417 90447 
4514 54816 44873 
4515 101095 91050 
4516 89987 79926 
4517 35007 24927 
4518 30204 20186 
4519 84270 74241 
4520 102846 92924 
4521 75006 64961 
4522 44195 34166 
4523 85643 75584 
4524 81539 71505 
4525 87089 77108 
4526 34701 24733 
4527 77700 67734 
4528 104506 94538 
4529 89438 79366 
4530 91136 81125 
4531 77795 67804 
4532 88669 78674 
4533 60191 50124 
4534 29600 19651 
4535 68688 58741 
4536 77595 67634 
4537 16854 6918 
4538 67464 57473 
4539 44811 34893 
4540 11216 1131 
4541 78589 68606 
4542 89826 79814 
4543 50329 40348 
4544 17839 7768 
4545 17368 7463 
4546 69716 59635 
4547 14712 4706 
4548 31108 21199 
4549 19513 9567 
4550 103465 93442 
4551 29456 19402 
4552 91654 81662 
4553 77010 66927 
4554 77305 67335 
4555 19540 9512 
4556 109598 99695 
4557 46277 36327 
4558 23530 13457 
4559 22278 12317 
4560 40365 30406 
4561 37934 27877 
4562 107692 97607 
4563 77160 67119 
4564 52661 42719 
4565 62206 52108 
4566 14700 4684 
4567 26493 16435 
4568 63396 53395 
4569 73953 63919 
4570 35152 25149 
4571 27257 17189 
4572 39737 29713 
4573 20258 10277 
4574 81018 70927 
4575 45687 35692 
4576 67077 56998 
4577 33425 23507 
4578 33331 23411 
4579 44131 34201 
4580 50213 40184 
4581 87118 77160 
4582 33115 23156 
4583 105837 95782 
4584 102054 92068 
4585 98599 88698 
4586 108893 98902 
4587 50199 40216 
4588 25127 15045 
4589 38117 28107 
4590 37273 27254 
4591 104563 94558 
4592 41250 31246 
4593 57144 47048 
4594 10458 462 
4595 79983 70033 
4596 80142 70156 
4597 86197 76197 
4598 26178 16143 
4599 80430 70356 
4600 47579 37542 
4601 59524 49572 
4602 98969 88902 
4603 78119 68180 
4604 73133 63103 
4605 55405 45389 
4606 29527 19513 
4607 51234 41191 
4608 77852 67920 
4609 39394 29365 
4610 58489 48425 
4611 65508 55534 
4612 71902 61936 
4613 33591 23673 
4614 56571 46608 
4615 96537 86516 
4616 31561 21518 
4617 34612 24545 
4618 17388 7298 
4619 38986 29006 
4620 17781 7794 
4621 28948 19039 
4622 32728 22765 
4623 14639 4698 
4624 42610 32545 
4625 99172 89263 
4626 31944 21850 
4627 63758 53762 
4628 72011 61944 
4629 87324 77399 
4630 97904 87819 
4631 64040 54040 
4632 20169 10254 
4633 93923 83909 
4634 41162 31197 
4635 12321 2297 
4636 64660 54644 
4637 108148 98165 
4638 90736 80645 
4639 64182 54220 
4640 14235 4309 
4641 105252 95243 
4642 10628 597 
4643 49732 39778 
4644 21543 11576 
4645 18277 8210 
4646 89831 79893 
4647 26039 16053 
4648 76835 66843 
4649 65931 55877 
4650 86814 76875 
4651 98335 88266 
4652 22035 12055 
4653 83554 73604 
4654 107846 97846 
4655 10019 17 
4656 77873 67808 
4657 53159 43099 
4658 16808 6860 
4659 55736 45665 
4660 31809 21732 
4661 83729 73697 
4662 80163 70081 
4663 105067 95039 
4664 72236 62281 
4665 68872 58836 
4666 92092 82177 
4667 87280 77205 
4668 87659 77585 
4669 77672 67583 
4670 30044 19955 
4671 89873 79932 
4672 12568 2486 
4673 32098 22005 
4674 42092 32117 
4675 12891 2804 
4676 41854 31760 
4677 33041 23093 
4678 68599 58500 
4679 72489 62441 
4680 99815 89740 
4681 54036 43942 
4682 69060 59059 
4683 64426 54414 
4684 65573 55636 
4685 73864 63833 
4686 19731 9776 
4687 48473 38466 
4688 108930 99019 
4689 20815 10892 
4690 84285 74308 
4691 94920 84847 
4692 26003 16015 
4693 103426 93411 
4694 57699 47729 
4695 14459 4487 
4696 53965 43991 
4697 16199 6223 
4698 49939 39860 
4699 70325 60392 
4700 11183 1237 
4701 24269 14312 
4702 102800 92770 
4703 83009 72983 
4704 38081 28115 
4705 107913 97908 
4706 62194 52236 
4707 105192 95110 
4708 81011 71063 
4709 65036 54976 
4710 73223 63261 
4711 83191 73231 
4712 14102 4032 
4713 48646 38723 
4714 83542 73592 
4715 25329 15416 
4716 103435 93352 
4717 59861 49888 
4718 43653 33564 
4719 62486 52398 
4720 75121 65186 
4721 54660 44641 
4722 72882 62913 
4723 82978 72908 
4724 98796 88858 
4725 39905 29950 
4726 53160 43226 
4727 31149 21235 
4728 39892 29914 
4729 30656 20566 
4730 44197 34195 
4731 94976 84913 
4732 11595 1569 
4733 63180 53171 
4734 89700 79699 
4735 33182 23132 
4736 79419 69323 
4737 36240 26248 
4738 60644 50712 
4739 37923 27958 
4740 51467 41390 
4741 106748 96755 
4742 78176 68159 
4743 96974 86888 
4744 58309 48312 
4745 74360 64413 
4746 56118 46106 
4747 19282 9224 
4748 74170 64084 
4749 76126 66134 
4750 31987 21978 
4751 32194 22133 
4752 46473 36388 
4753 75452 65403 
4754 60302 50276 
4755 36484 26423 
4756 43089 33061 
4757 73620 63698 
4758 68100 58141 
4759 20592 10529 
4760 11270 1360 
4761 44265 34314 
4762 15347 5441 
4763 33314 23217 
4764 54644 44596 
4765 73689 63646 
4766 83075 72997 
4767 16106 6092 
4768 29003 18975 
4769 50351 40272 
4770 20463 10426 
4771 47777 37732 
4772 43779 33716 
4773 74927 64975 
4774 103737 93643 
4775 100473 90515 
4776 76038 65972 
4777 80052 70131 
4778 26672 16603 
4779 35889 25823 
4780 59574 49559 
4781 102650 92606 
4782 83069 72969 
4783 17887 7862 
4784 50708 40625 
4785 65388 55482 
4786 67246 57229 
4787 44838 34929 
4788 38545 28463 
4789 17548 7647 
4790 46461 36442 
4791 58003 48082 
4792 97300 87385 
4793 92289 82347 
4794 85550 75452 
4795 62050 52007 
4796 83351 73392 
4797 85098 75114 
4798 47577 37625 
4799 68108 58119 
4800 52303 42318 
4801 97189 87117 
4802 98974 89010 
4803 63958 53905 
4804 25438 15434 
4805 32669 22740 
4806 37027 27072 
4807 93098 83090 
4808 78821 68723 
4809 49018 38982 
4810 28858 18841 
4811 108383 98429 
4812 15904 5938 
4813 25682 15606 
4814 107002 96938 
4815 76993 66930 
4816 67858 57802 
4817 15178 5181 
4818 18535 8635 
4819 83407 73465 
4820 46621 36697 
4821 32116 22052 
4822 55936 45872 
4823 36011 25990 
4824 15554 5590 
4825 63762 53721 
4826 79851 69765 
4827 94208 84244 
4828 75998 66002 
4829 61889 51894 
4830 100318 90383 
4831 47943 37868 
4832 94656 84729 
4833 63666 53727 
4834 66958 56927 
4835 47861 37917 
4836 65303 55216 
4837 47000 37058 
4838 95143 85151 
4839 85066 75010 
4840 35658 25750 
4841 59704 49782 
4842 75286 65236 
4843 89988 80065 
4844 109000 99013 
4845 69327 59230 
4846 85007 75036 
4847 68436 58376 
4848 31166 21103 
4849 54895 44933 
4850 40508 30511 
4851 94243 84144 
4852 44063 34147 
4853 61017 50946 
4854 44096 34016 
4855 25170 15100 
4856 20402 10311 
4857 55174 45139 
4858 106188 96123 
4859 34942 24888 
4860 57954 47933 
4861 12099 2051 
4862 10866 902 
4863 83601 73627 
4864 23837 13888 
4865 51716 41669 
4866 63643 53633 
4867 86575 76615 
4868 72161 62181 
4869 86316 76280 
4870 53436 43496 
4871 84877 74918 
4872 95457 85405 
4873 52320 42403 
4874 76230 66189 
4875 35732 25644 
4876 85658 75727 
4877 79659 69559 
4878 63772 53792 
4879 79320 69337 
4880 97437 87392 
4881 62192 52114 
4882 60843 50761 
4883 107764 97814 
4884 56686 46636 
4885 72344 62264 
4886 61554 51498 
4887 20873 10868 
4888 19827 9835 
4889 50150 40058 
4890 18347 8383 
4891 73002 62962 
4892 67323 57295 
4893 50812 40752 
4894 73571 63551 
4895 46161 36182 
4896 62925 52994 
4897 26696 16640 
4898 44709 34778 
4899 72862 62960 
4900 27936 17994 
4901 21150 11158 
4902 49102 39002 
4903 75688 65660 
4904 14320 4295 
4905 96773 86732 
4906 83153 73156 
4907 71398 61310 
4908 34859 24849 
4909 14415 4353 
4910 104202 94294 
4911 22381 12357 
4912 39453 29468 
4913 33162 23107 
4914 64415 54472 
4915 83789 73802 
4916 83234 73269 
4917 52492 42535 
4918 58047 47981 
4919 12877 2960 
4920 15422 5475 
4921 95783 85741 
4922 102371 92272 
4923 77274 67235 
4924 76460 66409 
4925 98151 88062 
4926 15576 5657 
4927 52251 42331 
4928 107524 97472 
4929 20625 10639 
4930 45588 35592 
4931 90316 80344 
4932 69681 59743 
4933 94889 84926 
4934 53154 43126 
4935 26585 16580 
4936 73678 63637 
4937 52755 42673 
4938 19058 8984 
4939 51045 41046 
4940 34972 24906 
4941 20102 10012 
4942 83973 74045 
4943 69023 59019 
4944 23782 13700 
4945 32009 21945 
4946 89408 79309 
4947 89716 79757 
4948 58397 48477 
4949 88902 78831 
4950 32739 22729 
4951 58495 48462 
4952 93245 83311 
4953 91559 81485 
4954 99304 89360 
4955 64630 54699 
4956 15180 5130 
4957 100525 90477 
4958 45832 35829 
4959 96004 85930 
4960 99983 90010 
4961 54204 44116 
4962 86310 76267 
4963 102480 92414 
4964 27445 17379 
4965 67963 58062 
4966 81517 71483 
4967 25726 15776 
4968 48332 38278 
4969 29995 19988 
4970 59034 49034 
4971 16815 6901 
4972 71154 61148 
4973 28446 18503 
4974 104394 94326 
4975 21725 11788 
4976 62323 52343 
4977 22345 12435 
4978 18823 8855 
4979 66840 56862 
4980 32078 22149 
4981 54410 44335 
4982 21562 11488 
4983 24033 14126 
4984 39702 29678 
4985 23946 13849 
4986 50955 40988 
4987 19777 9833 
4988 17965 7923 
4989 88855 78781 
4990 20307 10355 
4991 11468 1477 
4992 56359 46383 
4993 14488 4556 
4994 95500 85412 
4995 79264 69219 
4996 101310 91255 
4997 79170 69254 
4998 58105 48011 
4999 52538 42446 
5000 13893 3931 
