npieces: 2000
capacity: 252396
1 839 939 
2 32 132 
3 16 116 
4 924 1024 
5 378 478 
6 914 1014 
7 791 891 
8 698 798 
9 748 848 
10 3 103 
11 61 161 
12 735 835 
13 29 129 
14 339 439 
15 279 379 
16 169 269 
17 485 585 
18 992 1092 
19 326 426 
20 984 1084 
21 35 135 
22 585 685 
23 719 819 
24 497 597 
25 388 488 
26 61 161 
27 896 996 
28 616 716 
29 892 992 
30 833 933 
31 696 796 
32 306 406 
33 413 513 
34 808 908 
35 172 272 
36 744 844 
37 329 429 
38 28 128 
39 770 870 
40 623 723 
41 365 465 
42 547 647 
43 587 687 
44 677 777 
45 596 696 
46 566 666 
47 130 230 
48 342 442 
49 908 1008 
50 739 839 
51 676 776 
52 572 672 
53 866 966 
54 682 782 
55 899 999 
56 725 825 
57 637 737 
58 140 240 
59 155 255 
60 710 810 
61 873 973 
62 927 1027 
63 855 955 
64 558 658 
65 299 399 
66 422 522 
67 337 437 
68 949 1049 
69 68 168 
70 29 129 
71 637 737 
72 715 815 
73 484 584 
74 627 727 
75 312 412 
76 653 753 
77 108 208 
78 624 724 
79 770 870 
80 81 181 
81 887 987 
82 110 210 
83 773 873 
84 803 903 
85 494 594 
86 347 447 
87 441 541 
88 41 141 
89 415 515 
90 516 616 
91 126 226 
92 641 741 
93 265 365 
94 974 1074 
95 749 849 
96 402 502 
97 7 107 
98 926 1026 
99 212 312 
100 903 1003 
101 390 490 
102 777 877 
103 412 512 
104 256 356 
105 213 313 
106 125 225 
107 640 740 
108 355 455 
109 600 700 
110 462 562 
111 187 287 
112 504 604 
113 505 605 
114 332 432 
115 430 530 
116 786 886 
117 636 736 
118 834 934 
119 486 586 
120 17 117 
121 924 1024 
122 418 518 
123 678 778 
124 124 224 
125 383 483 
126 635 735 
127 678 778 
128 867 967 
129 507 607 
130 652 752 
131 504 604 
132 91 191 
133 700 800 
134 995 1095 
135 170 270 
136 523 623 
137 988 1088 
138 414 514 
139 597 697 
140 619 719 
141 445 545 
142 371 471 
143 545 645 
144 981 1081 
145 886 986 
146 659 759 
147 307 407 
148 723 823 
149 863 963 
150 8 108 
151 636 736 
152 560 660 
153 386 486 
154 264 364 
155 719 819 
156 699 799 
157 112 212 
158 362 462 
159 886 986 
160 669 769 
161 933 1033 
162 677 777 
163 593 693 
164 588 688 
165 762 862 
166 559 659 
167 269 369 
168 896 996 
169 717 817 
170 451 551 
171 861 961 
172 634 734 
173 7 107 
174 220 320 
175 496 596 
176 357 457 
177 610 710 
178 334 434 
179 311 411 
180 268 368 
181 164 264 
182 708 808 
183 48 148 
184 323 423 
185 476 576 
186 987 1087 
187 243 343 
188 138 238 
189 888 988 
190 542 642 
191 137 237 
192 452 552 
193 513 613 
194 971 1071 
195 780 880 
196 862 962 
197 404 504 
198 610 710 
199 912 1012 
200 34 134 
201 389 489 
202 774 874 
203 516 616 
204 411 511 
205 178 278 
206 596 696 
207 300 400 
208 203 303 
209 337 437 
210 33 133 
211 902 1002 
212 225 325 
213 239 339 
214 472 572 
215 814 914 
216 326 426 
217 382 482 
218 984 1084 
219 737 837 
220 126 226 
221 642 742 
222 819 919 
223 403 503 
224 220 320 
225 697 797 
226 771 871 
227 573 673 
228 541 641 
229 813 913 
230 184 284 
231 998 1098 
232 39 139 
233 855 955 
234 461 561 
235 501 601 
236 443 543 
237 713 813 
238 240 340 
239 488 588 
240 645 745 
241 479 579 
242 303 403 
243 660 760 
244 836 936 
245 539 639 
246 416 516 
247 426 526 
248 885 985 
249 653 753 
250 1 101 
251 58 158 
252 530 630 
253 235 335 
254 614 714 
255 207 307 
256 8 108 
257 418 518 
258 377 477 
259 743 843 
260 214 314 
261 473 573 
262 260 360 
263 301 401 
264 25 125 
265 838 938 
266 570 670 
267 796 896 
268 196 296 
269 984 1084 
270 923 1023 
271 506 606 
272 685 785 
273 81 181 
274 790 890 
275 630 730 
276 499 599 
277 101 201 
278 25 125 
279 256 356 
280 867 967 
281 883 983 
282 660 760 
283 36 136 
284 170 270 
285 847 947 
286 59 159 
287 139 239 
288 509 609 
289 465 565 
290 354 454 
291 254 354 
292 84 184 
293 822 922 
294 571 671 
295 991 1091 
296 37 137 
297 360 460 
298 322 422 
299 590 690 
300 220 320 
301 997 1097 
302 490 590 
303 148 248 
304 880 980 
305 337 437 
306 33 133 
307 224 324 
308 873 973 
309 233 333 
310 726 826 
311 452 552 
312 846 946 
313 622 722 
314 499 599 
315 307 407 
316 179 279 
317 505 605 
318 597 697 
319 777 877 
320 935 1035 
321 1 101 
322 640 740 
323 998 1098 
324 11 111 
325 134 234 
326 288 388 
327 905 1005 
328 375 475 
329 329 429 
330 994 1094 
331 126 226 
332 199 299 
333 762 862 
334 825 925 
335 19 119 
336 738 838 
337 141 241 
338 700 800 
339 141 241 
340 715 815 
341 66 166 
342 500 600 
343 977 1077 
344 928 1028 
345 224 324 
346 716 816 
347 97 197 
348 392 492 
349 926 1026 
350 593 693 
351 678 778 
352 722 822 
353 22 122 
354 289 389 
355 773 873 
356 168 268 
357 894 994 
358 824 924 
359 567 667 
360 906 1006 
361 67 167 
362 189 289 
363 1000 1100 
364 207 307 
365 180 280 
366 795 895 
367 28 128 
368 111 211 
369 152 252 
370 283 383 
371 313 413 
372 699 799 
373 190 290 
374 863 963 
375 13 113 
376 374 474 
377 983 1083 
378 537 637 
379 965 1065 
380 93 193 
381 546 646 
382 546 646 
383 534 634 
384 529 629 
385 124 224 
386 111 211 
387 116 216 
388 78 178 
389 745 845 
390 342 442 
391 541 641 
392 91 191 
393 251 351 
394 70 170 
395 729 829 
396 274 374 
397 502 602 
398 716 816 
399 81 181 
400 442 542 
401 894 994 
402 394 494 
403 400 500 
404 135 235 
405 734 834 
406 586 686 
407 74 174 
408 524 624 
409 446 546 
410 360 460 
411 176 276 
412 790 890 
413 808 908 
414 725 825 
415 629 729 
416 897 997 
417 519 619 
418 784 884 
419 209 309 
420 457 557 
421 332 432 
422 143 243 
423 839 939 
424 399 499 
425 966 1066 
426 27 127 
427 708 808 
428 251 351 
429 133 233 
430 145 245 
431 991 1091 
432 232 332 
433 788 888 
434 653 753 
435 423 523 
436 795 895 
437 249 349 
438 89 189 
439 270 370 
440 877 977 
441 417 517 
442 395 495 
443 584 684 
444 288 388 
445 589 689 
446 461 561 
447 175 275 
448 974 1074 
449 939 1039 
450 974 1074 
451 407 507 
452 197 297 
453 91 191 
454 870 970 
455 417 517 
456 431 531 
457 743 843 
458 590 690 
459 262 362 
460 878 978 
461 309 409 
462 838 938 
463 226 326 
464 597 697 
465 444 544 
466 640 740 
467 594 694 
468 153 253 
469 265 365 
470 217 317 
471 627 727 
472 838 938 
473 981 1081 
474 432 532 
475 961 1061 
476 790 890 
477 340 440 
478 991 1091 
479 1000 1100 
480 308 408 
481 493 593 
482 983 1083 
483 355 455 
484 911 1011 
485 265 365 
486 72 172 
487 671 771 
488 986 1086 
489 610 710 
490 845 945 
491 618 718 
492 160 260 
493 521 621 
494 334 434 
495 461 561 
496 989 1089 
497 12 112 
498 143 243 
499 524 624 
500 991 1091 
501 58 158 
502 94 194 
503 430 530 
504 539 639 
505 836 936 
506 938 1038 
507 525 625 
508 172 272 
509 963 1063 
510 886 986 
511 412 512 
512 415 515 
513 832 932 
514 293 393 
515 976 1076 
516 98 198 
517 411 511 
518 344 444 
519 20 120 
520 338 438 
521 771 871 
522 443 543 
523 677 777 
524 580 680 
525 990 1090 
526 821 921 
527 278 378 
528 883 983 
529 319 419 
530 414 514 
531 393 493 
532 344 444 
533 458 558 
534 659 759 
535 403 503 
536 48 148 
537 28 128 
538 389 489 
539 307 407 
540 895 995 
541 395 495 
542 863 963 
543 303 403 
544 410 510 
545 199 299 
546 638 738 
547 746 846 
548 690 790 
549 365 465 
550 475 575 
551 254 354 
552 349 449 
553 646 746 
554 348 448 
555 706 806 
556 446 546 
557 488 588 
558 569 669 
559 232 332 
560 348 448 
561 472 572 
562 905 1005 
563 846 946 
564 633 733 
565 83 183 
566 933 1033 
567 958 1058 
568 121 221 
569 152 252 
570 588 688 
571 676 776 
572 66 166 
573 587 687 
574 830 930 
575 652 752 
576 418 518 
577 328 428 
578 381 481 
579 142 242 
580 164 264 
581 514 614 
582 876 976 
583 439 539 
584 797 897 
585 248 348 
586 835 935 
587 533 633 
588 907 1007 
589 546 646 
590 635 735 
591 790 890 
592 748 848 
593 966 1066 
594 644 744 
595 438 538 
596 972 1072 
597 97 197 
598 15 115 
599 699 799 
600 985 1085 
601 308 408 
602 269 369 
603 310 410 
604 89 189 
605 533 633 
606 126 226 
607 105 205 
608 283 383 
609 159 259 
610 413 513 
611 311 411 
612 619 719 
613 479 579 
614 664 764 
615 413 513 
616 238 338 
617 507 607 
618 38 138 
619 315 415 
620 797 897 
621 609 709 
622 394 494 
623 350 450 
624 383 483 
625 826 926 
626 924 1024 
627 757 857 
628 831 931 
629 281 381 
630 54 154 
631 878 978 
632 669 769 
633 12 112 
634 867 967 
635 861 961 
636 704 804 
637 806 906 
638 835 935 
639 296 396 
640 873 973 
641 278 378 
642 316 416 
643 850 950 
644 947 1047 
645 39 139 
646 971 1071 
647 130 230 
648 742 842 
649 997 1097 
650 688 788 
651 391 491 
652 570 670 
653 753 853 
654 791 891 
655 690 790 
656 41 141 
657 625 725 
658 571 671 
659 968 1068 
660 109 209 
661 615 715 
662 301 401 
663 867 967 
664 657 757 
665 372 472 
666 746 846 
667 516 616 
668 668 768 
669 281 381 
670 402 502 
671 311 411 
672 223 323 
673 610 710 
674 29 129 
675 170 270 
676 152 252 
677 232 332 
678 256 356 
679 595 695 
680 495 595 
681 657 757 
682 645 745 
683 182 282 
684 998 1098 
685 869 969 
686 129 229 
687 288 388 
688 765 865 
689 240 340 
690 294 394 
691 618 718 
692 803 903 
693 943 1043 
694 953 1053 
695 581 681 
696 441 541 
697 929 1029 
698 838 938 
699 271 371 
700 176 276 
701 764 864 
702 967 1067 
703 184 284 
704 683 783 
705 288 388 
706 843 943 
707 676 776 
708 759 859 
709 636 736 
710 316 416 
711 300 400 
712 294 394 
713 691 791 
714 681 781 
715 355 455 
716 251 351 
717 658 758 
718 57 157 
719 362 462 
720 664 764 
721 705 805 
722 257 357 
723 296 396 
724 372 472 
725 148 248 
726 613 713 
727 218 318 
728 864 964 
729 829 929 
730 731 831 
731 627 727 
732 224 324 
733 920 1020 
734 301 401 
735 536 636 
736 895 995 
737 827 927 
738 500 600 
739 106 206 
740 779 879 
741 183 283 
742 770 870 
743 297 397 
744 87 187 
745 807 907 
746 104 204 
747 202 302 
748 519 619 
749 788 888 
750 558 658 
751 357 457 
752 286 386 
753 994 1094 
754 785 885 
755 181 281 
756 708 808 
757 243 343 
758 782 882 
759 532 632 
760 788 888 
761 246 346 
762 229 329 
763 163 263 
764 65 165 
765 708 808 
766 168 268 
767 307 407 
768 80 180 
769 23 123 
770 715 815 
771 763 863 
772 8 108 
773 159 259 
774 654 754 
775 318 418 
776 86 186 
777 993 1093 
778 934 1034 
779 824 924 
780 941 1041 
781 750 850 
782 490 590 
783 525 625 
784 795 895 
785 422 522 
786 776 876 
787 798 898 
788 623 723 
789 784 884 
790 487 587 
791 545 645 
792 7 107 
793 775 875 
794 896 996 
795 427 527 
796 245 345 
797 994 1094 
798 526 626 
799 213 313 
800 153 253 
801 504 604 
802 700 800 
803 657 757 
804 402 502 
805 957 1057 
806 901 1001 
807 991 1091 
808 894 994 
809 398 498 
810 807 907 
811 928 1028 
812 26 126 
813 109 209 
814 9 109 
815 166 266 
816 363 463 
817 218 318 
818 475 575 
819 30 130 
820 50 150 
821 550 650 
822 181 281 
823 491 591 
824 901 1001 
825 204 304 
826 296 396 
827 408 508 
828 451 551 
829 135 235 
830 368 468 
831 250 350 
832 848 948 
833 818 918 
834 763 863 
835 896 996 
836 558 658 
837 264 364 
838 811 911 
839 807 907 
840 372 472 
841 265 365 
842 359 459 
843 326 426 
844 904 1004 
845 573 673 
846 320 420 
847 267 367 
848 305 405 
849 704 804 
850 191 291 
851 913 1013 
852 480 580 
853 146 246 
854 188 288 
855 735 835 
856 228 328 
857 898 998 
858 697 797 
859 317 417 
860 924 1024 
861 862 962 
862 492 592 
863 141 241 
864 671 771 
865 305 405 
866 124 224 
867 292 392 
868 975 1075 
869 466 566 
870 763 863 
871 316 416 
872 572 672 
873 285 385 
874 58 158 
875 215 315 
876 789 889 
877 513 613 
878 994 1094 
879 42 142 
880 434 534 
881 309 409 
882 310 410 
883 340 440 
884 45 145 
885 159 259 
886 951 1051 
887 985 1085 
888 934 1034 
889 619 719 
890 823 923 
891 311 411 
892 582 682 
893 436 536 
894 662 762 
895 964 1064 
896 811 911 
897 210 310 
898 123 223 
899 962 1062 
900 298 398 
901 488 588 
902 330 430 
903 937 1037 
904 242 342 
905 288 388 
906 332 432 
907 391 491 
908 845 945 
909 422 522 
910 164 264 
911 918 1018 
912 858 958 
913 6 106 
914 974 1074 
915 426 526 
916 429 529 
917 707 807 
918 538 638 
919 821 921 
920 937 1037 
921 437 537 
922 478 578 
923 169 269 
924 284 384 
925 741 841 
926 505 605 
927 418 518 
928 936 1036 
929 856 956 
930 628 728 
931 685 785 
932 409 509 
933 918 1018 
934 571 671 
935 537 637 
936 922 1022 
937 638 738 
938 849 949 
939 545 645 
940 906 1006 
941 536 636 
942 986 1086 
943 74 174 
944 700 800 
945 38 138 
946 801 901 
947 903 1003 
948 253 353 
949 423 523 
950 466 566 
951 175 275 
952 159 259 
953 770 870 
954 514 614 
955 448 548 
956 458 558 
957 348 448 
958 946 1046 
959 682 782 
960 585 685 
961 967 1067 
962 371 471 
963 962 1062 
964 970 1070 
965 663 763 
966 379 479 
967 393 493 
968 791 891 
969 153 253 
970 573 673 
971 201 301 
972 394 494 
973 138 238 
974 735 835 
975 548 648 
976 158 258 
977 745 845 
978 813 913 
979 120 220 
980 920 1020 
981 602 702 
982 147 247 
983 827 927 
984 180 280 
985 704 804 
986 319 419 
987 927 1027 
988 164 264 
989 190 290 
990 717 817 
991 866 966 
992 107 207 
993 275 375 
994 724 824 
995 828 928 
996 864 964 
997 624 724 
998 709 809 
999 206 306 
1000 222 322 
1001 558 658 
1002 492 592 
1003 788 888 
1004 1000 1100 
1005 993 1093 
1006 472 572 
1007 358 458 
1008 586 686 
1009 659 759 
1010 108 208 
1011 65 165 
1012 363 463 
1013 310 410 
1014 176 276 
1015 740 840 
1016 910 1010 
1017 610 710 
1018 353 453 
1019 546 646 
1020 511 611 
1021 535 635 
1022 868 968 
1023 332 432 
1024 538 638 
1025 736 836 
1026 627 727 
1027 184 284 
1028 920 1020 
1029 820 920 
1030 862 962 
1031 738 838 
1032 267 367 
1033 42 142 
1034 123 223 
1035 997 1097 
1036 105 205 
1037 920 1020 
1038 224 324 
1039 317 417 
1040 517 617 
1041 880 980 
1042 148 248 
1043 348 448 
1044 360 460 
1045 768 868 
1046 245 345 
1047 880 980 
1048 47 147 
1049 276 376 
1050 557 657 
1051 46 146 
1052 174 274 
1053 458 558 
1054 366 466 
1055 381 481 
1056 730 830 
1057 50 150 
1058 732 832 
1059 9 109 
1060 356 456 
1061 72 172 
1062 650 750 
1063 90 190 
1064 722 822 
1065 104 204 
1066 220 320 
1067 760 860 
1068 967 1067 
1069 372 472 
1070 203 303 
1071 509 609 
1072 59 159 
1073 77 177 
1074 624 724 
1075 216 316 
1076 701 801 
1077 59 159 
1078 192 292 
1079 865 965 
1080 36 136 
1081 587 687 
1082 341 441 
1083 150 250 
1084 69 169 
1085 564 664 
1086 101 201 
1087 457 557 
1088 663 763 
1089 70 170 
1090 219 319 
1091 739 839 
1092 450 550 
1093 136 236 
1094 204 304 
1095 314 414 
1096 662 762 
1097 700 800 
1098 564 664 
1099 850 950 
1100 56 156 
1101 409 509 
1102 839 939 
1103 507 607 
1104 279 379 
1105 172 272 
1106 507 607 
1107 158 258 
1108 621 721 
1109 637 737 
1110 906 1006 
1111 941 1041 
1112 809 909 
1113 985 1085 
1114 918 1018 
1115 862 962 
1116 145 245 
1117 257 357 
1118 565 665 
1119 948 1048 
1120 116 216 
1121 638 738 
1122 308 408 
1123 107 207 
1124 870 970 
1125 208 308 
1126 784 884 
1127 774 874 
1128 853 953 
1129 434 534 
1130 583 683 
1131 814 914 
1132 392 492 
1133 603 703 
1134 837 937 
1135 792 892 
1136 215 315 
1137 491 591 
1138 467 567 
1139 908 1008 
1140 493 593 
1141 919 1019 
1142 906 1006 
1143 358 458 
1144 258 358 
1145 212 312 
1146 268 368 
1147 435 535 
1148 29 129 
1149 556 656 
1150 947 1047 
1151 570 670 
1152 767 867 
1153 488 588 
1154 260 360 
1155 972 1072 
1156 690 790 
1157 307 407 
1158 875 975 
1159 17 117 
1160 737 837 
1161 398 498 
1162 122 222 
1163 297 397 
1164 81 181 
1165 453 553 
1166 716 816 
1167 683 783 
1168 269 369 
1169 53 153 
1170 867 967 
1171 334 434 
1172 919 1019 
1173 688 788 
1174 297 397 
1175 145 245 
1176 850 950 
1177 935 1035 
1178 516 616 
1179 209 309 
1180 261 361 
1181 930 1030 
1182 419 519 
1183 751 851 
1184 994 1094 
1185 511 611 
1186 421 521 
1187 211 311 
1188 324 424 
1189 141 241 
1190 873 973 
1191 57 157 
1192 894 994 
1193 652 752 
1194 343 443 
1195 806 906 
1196 521 621 
1197 156 256 
1198 949 1049 
1199 103 203 
1200 478 578 
1201 678 778 
1202 598 698 
1203 470 570 
1204 897 997 
1205 922 1022 
1206 110 210 
1207 163 263 
1208 734 834 
1209 62 162 
1210 576 676 
1211 587 687 
1212 622 722 
1213 743 843 
1214 200 300 
1215 191 291 
1216 169 269 
1217 975 1075 
1218 188 288 
1219 411 511 
1220 127 227 
1221 316 416 
1222 765 865 
1223 89 189 
1224 786 886 
1225 465 565 
1226 652 752 
1227 937 1037 
1228 491 591 
1229 883 983 
1230 871 971 
1231 208 308 
1232 981 1081 
1233 242 342 
1234 570 670 
1235 699 799 
1236 439 539 
1237 674 774 
1238 722 822 
1239 246 346 
1240 282 382 
1241 725 825 
1242 750 850 
1243 13 113 
1244 394 494 
1245 350 450 
1246 926 1026 
1247 717 817 
1248 954 1054 
1249 285 385 
1250 349 449 
1251 272 372 
1252 920 1020 
1253 498 598 
1254 403 503 
1255 268 368 
1256 607 707 
1257 728 828 
1258 635 735 
1259 623 723 
1260 860 960 
1261 287 387 
1262 204 304 
1263 217 317 
1264 952 1052 
1265 517 617 
1266 546 646 
1267 702 802 
1268 443 543 
1269 795 895 
1270 492 592 
1271 951 1051 
1272 658 758 
1273 928 1028 
1274 768 868 
1275 195 295 
1276 319 419 
1277 940 1040 
1278 331 431 
1279 727 827 
1280 719 819 
1281 923 1023 
1282 765 865 
1283 407 507 
1284 946 1046 
1285 988 1088 
1286 824 924 
1287 407 507 
1288 787 887 
1289 540 640 
1290 25 125 
1291 131 231 
1292 830 930 
1293 404 504 
1294 48 148 
1295 280 380 
1296 913 1013 
1297 500 600 
1298 698 798 
1299 685 785 
1300 91 191 
1301 698 798 
1302 758 858 
1303 833 933 
1304 50 150 
1305 235 335 
1306 476 576 
1307 626 726 
1308 649 749 
1309 21 121 
1310 336 436 
1311 511 611 
1312 629 729 
1313 295 395 
1314 190 290 
1315 195 295 
1316 985 1085 
1317 949 1049 
1318 456 556 
1319 951 1051 
1320 184 284 
1321 619 719 
1322 331 431 
1323 626 726 
1324 263 363 
1325 726 826 
1326 136 236 
1327 711 811 
1328 445 545 
1329 802 902 
1330 286 386 
1331 612 712 
1332 834 934 
1333 619 719 
1334 820 920 
1335 754 854 
1336 701 801 
1337 939 1039 
1338 276 376 
1339 462 562 
1340 778 878 
1341 228 328 
1342 707 807 
1343 987 1087 
1344 960 1060 
1345 395 495 
1346 789 889 
1347 153 253 
1348 497 597 
1349 634 734 
1350 262 362 
1351 702 802 
1352 42 142 
1353 577 677 
1354 539 639 
1355 887 987 
1356 426 526 
1357 80 180 
1358 847 947 
1359 620 720 
1360 872 972 
1361 826 926 
1362 570 670 
1363 109 209 
1364 613 713 
1365 561 661 
1366 411 511 
1367 13 113 
1368 776 876 
1369 675 775 
1370 790 890 
1371 417 517 
1372 632 732 
1373 390 490 
1374 464 564 
1375 141 241 
1376 316 416 
1377 789 889 
1378 31 131 
1379 484 584 
1380 790 890 
1381 439 539 
1382 295 395 
1383 1 101 
1384 943 1043 
1385 616 716 
1386 439 539 
1387 999 1099 
1388 116 216 
1389 678 778 
1390 610 710 
1391 681 781 
1392 461 561 
1393 826 926 
1394 442 542 
1395 935 1035 
1396 262 362 
1397 505 605 
1398 670 770 
1399 29 129 
1400 671 771 
1401 239 339 
1402 460 560 
1403 714 814 
1404 270 370 
1405 599 699 
1406 314 414 
1407 882 982 
1408 381 481 
1409 656 756 
1410 382 482 
1411 312 412 
1412 405 505 
1413 727 827 
1414 774 874 
1415 428 528 
1416 449 549 
1417 157 257 
1418 122 222 
1419 733 833 
1420 320 420 
1421 918 1018 
1422 229 329 
1423 227 327 
1424 186 286 
1425 574 674 
1426 994 1094 
1427 915 1015 
1428 147 247 
1429 423 523 
1430 786 886 
1431 40 140 
1432 638 738 
1433 891 991 
1434 724 824 
1435 458 558 
1436 417 517 
1437 74 174 
1438 630 730 
1439 830 930 
1440 974 1074 
1441 497 597 
1442 632 732 
1443 42 142 
1444 873 973 
1445 895 995 
1446 464 564 
1447 475 575 
1448 165 265 
1449 285 385 
1450 231 331 
1451 661 761 
1452 546 646 
1453 754 854 
1454 19 119 
1455 374 474 
1456 937 1037 
1457 784 884 
1458 750 850 
1459 751 851 
1460 744 844 
1461 134 234 
1462 787 887 
1463 336 436 
1464 136 236 
1465 227 327 
1466 296 396 
1467 135 235 
1468 747 847 
1469 220 320 
1470 551 651 
1471 525 625 
1472 348 448 
1473 258 358 
1474 63 163 
1475 749 849 
1476 455 555 
1477 19 119 
1478 96 196 
1479 98 198 
1480 727 827 
1481 843 943 
1482 916 1016 
1483 964 1064 
1484 638 738 
1485 71 171 
1486 336 436 
1487 406 506 
1488 543 643 
1489 581 681 
1490 186 286 
1491 479 579 
1492 279 379 
1493 211 311 
1494 124 224 
1495 226 326 
1496 330 430 
1497 947 1047 
1498 446 546 
1499 645 745 
1500 338 438 
1501 752 852 
1502 394 494 
1503 507 607 
1504 27 127 
1505 529 629 
1506 313 413 
1507 998 1098 
1508 81 181 
1509 574 674 
1510 35 135 
1511 957 1057 
1512 315 415 
1513 691 791 
1514 524 624 
1515 501 601 
1516 369 469 
1517 88 188 
1518 913 1013 
1519 255 355 
1520 352 452 
1521 530 630 
1522 26 126 
1523 70 170 
1524 550 650 
1525 610 710 
1526 282 382 
1527 651 751 
1528 312 412 
1529 712 812 
1530 201 301 
1531 167 267 
1532 98 198 
1533 500 600 
1534 723 823 
1535 996 1096 
1536 534 634 
1537 336 436 
1538 264 364 
1539 336 436 
1540 37 137 
1541 741 841 
1542 524 624 
1543 279 379 
1544 748 848 
1545 145 245 
1546 426 526 
1547 452 552 
1548 350 450 
1549 594 694 
1550 474 574 
1551 236 336 
1552 559 659 
1553 410 510 
1554 602 702 
1555 120 220 
1556 624 724 
1557 518 618 
1558 528 628 
1559 997 1097 
1560 526 626 
1561 909 1009 
1562 837 937 
1563 617 717 
1564 837 937 
1565 921 1021 
1566 724 824 
1567 147 247 
1568 483 583 
1569 773 873 
1570 978 1078 
1571 383 483 
1572 959 1059 
1573 596 696 
1574 992 1092 
1575 782 882 
1576 639 739 
1577 169 269 
1578 276 376 
1579 758 858 
1580 889 989 
1581 385 485 
1582 30 130 
1583 347 447 
1584 105 205 
1585 97 197 
1586 510 610 
1587 81 181 
1588 722 822 
1589 468 568 
1590 874 974 
1591 277 377 
1592 216 316 
1593 85 185 
1594 949 1049 
1595 647 747 
1596 793 893 
1597 822 922 
1598 660 760 
1599 318 418 
1600 84 184 
1601 227 327 
1602 882 982 
1603 616 716 
1604 401 501 
1605 662 762 
1606 939 1039 
1607 916 1016 
1608 296 396 
1609 160 260 
1610 461 561 
1611 423 523 
1612 462 562 
1613 120 220 
1614 994 1094 
1615 479 579 
1616 610 710 
1617 947 1047 
1618 274 374 
1619 287 387 
1620 446 546 
1621 480 580 
1622 534 634 
1623 671 771 
1624 721 821 
1625 886 986 
1626 159 259 
1627 998 1098 
1628 321 421 
1629 557 657 
1630 909 1009 
1631 735 835 
1632 670 770 
1633 382 482 
1634 771 871 
1635 79 179 
1636 377 477 
1637 224 324 
1638 712 812 
1639 287 387 
1640 627 727 
1641 72 172 
1642 401 501 
1643 433 533 
1644 666 766 
1645 332 432 
1646 153 253 
1647 827 927 
1648 694 794 
1649 284 384 
1650 306 406 
1651 163 263 
1652 26 126 
1653 653 753 
1654 453 553 
1655 502 602 
1656 910 1010 
1657 948 1048 
1658 158 258 
1659 746 846 
1660 506 606 
1661 547 647 
1662 443 543 
1663 52 152 
1664 452 552 
1665 939 1039 
1666 667 767 
1667 622 722 
1668 978 1078 
1669 942 1042 
1670 91 191 
1671 337 437 
1672 979 1079 
1673 15 115 
1674 451 551 
1675 379 479 
1676 304 404 
1677 905 1005 
1678 800 900 
1679 516 616 
1680 169 269 
1681 928 1028 
1682 171 271 
1683 243 343 
1684 73 173 
1685 848 948 
1686 774 874 
1687 752 852 
1688 347 447 
1689 705 805 
1690 518 618 
1691 494 594 
1692 590 690 
1693 339 439 
1694 491 591 
1695 783 883 
1696 124 224 
1697 284 384 
1698 813 913 
1699 371 471 
1700 449 549 
1701 115 215 
1702 1 101 
1703 855 955 
1704 670 770 
1705 608 708 
1706 185 285 
1707 846 946 
1708 140 240 
1709 58 158 
1710 554 654 
1711 951 1051 
1712 966 1066 
1713 52 152 
1714 199 299 
1715 954 1054 
1716 240 340 
1717 813 913 
1718 714 814 
1719 408 508 
1720 892 992 
1721 50 150 
1722 251 351 
1723 630 730 
1724 99 199 
1725 515 615 
1726 737 837 
1727 445 545 
1728 456 556 
1729 295 395 
1730 253 353 
1731 474 574 
1732 456 556 
1733 420 520 
1734 566 666 
1735 749 849 
1736 54 154 
1737 919 1019 
1738 686 786 
1739 704 804 
1740 251 351 
1741 860 960 
1742 524 624 
1743 790 890 
1744 754 854 
1745 259 359 
1746 59 159 
1747 373 473 
1748 42 142 
1749 399 499 
1750 904 1004 
1751 777 877 
1752 908 1008 
1753 68 168 
1754 649 749 
1755 951 1051 
1756 820 920 
1757 548 648 
1758 8 108 
1759 467 567 
1760 93 193 
1761 846 946 
1762 550 650 
1763 374 474 
1764 165 265 
1765 477 577 
1766 165 265 
1767 343 443 
1768 808 908 
1769 168 268 
1770 574 674 
1771 516 616 
1772 576 676 
1773 371 471 
1774 385 485 
1775 654 754 
1776 121 221 
1777 937 1037 
1778 971 1071 
1779 239 339 
1780 691 791 
1781 987 1087 
1782 674 774 
1783 161 261 
1784 625 725 
1785 802 902 
1786 4 104 
1787 516 616 
1788 254 354 
1789 517 617 
1790 797 897 
1791 203 303 
1792 935 1035 
1793 231 331 
1794 310 410 
1795 371 471 
1796 635 735 
1797 353 453 
1798 131 231 
1799 241 341 
1800 159 259 
1801 951 1051 
1802 341 441 
1803 63 163 
1804 127 227 
1805 186 286 
1806 94 194 
1807 211 311 
1808 855 955 
1809 354 454 
1810 988 1088 
1811 397 497 
1812 335 435 
1813 125 225 
1814 148 248 
1815 130 230 
1816 973 1073 
1817 104 204 
1818 904 1004 
1819 281 381 
1820 868 968 
1821 112 212 
1822 211 311 
1823 674 774 
1824 714 814 
1825 510 610 
1826 560 660 
1827 702 802 
1828 655 755 
1829 845 945 
1830 275 375 
1831 359 459 
1832 865 965 
1833 345 445 
1834 119 219 
1835 604 704 
1836 453 553 
1837 798 898 
1838 351 451 
1839 121 221 
1840 791 891 
1841 914 1014 
1842 752 852 
1843 145 245 
1844 659 759 
1845 136 236 
1846 243 343 
1847 409 509 
1848 581 681 
1849 682 782 
1850 281 381 
1851 627 727 
1852 986 1086 
1853 738 838 
1854 278 378 
1855 755 855 
1856 273 373 
1857 709 809 
1858 864 964 
1859 610 710 
1860 676 776 
1861 876 976 
1862 577 677 
1863 932 1032 
1864 784 884 
1865 417 517 
1866 296 396 
1867 232 332 
1868 52 152 
1869 226 326 
1870 975 1075 
1871 124 224 
1872 703 803 
1873 101 201 
1874 85 185 
1875 906 1006 
1876 946 1046 
1877 465 565 
1878 810 910 
1879 770 870 
1880 724 824 
1881 708 808 
1882 571 671 
1883 53 153 
1884 76 176 
1885 326 426 
1886 220 320 
1887 556 656 
1888 633 733 
1889 737 837 
1890 74 174 
1891 179 279 
1892 590 690 
1893 12 112 
1894 3 103 
1895 342 442 
1896 609 709 
1897 674 774 
1898 84 184 
1899 558 658 
1900 642 742 
1901 892 992 
1902 810 910 
1903 447 547 
1904 217 317 
1905 992 1092 
1906 101 201 
1907 257 357 
1908 744 844 
1909 355 455 
1910 918 1018 
1911 234 334 
1912 8 108 
1913 978 1078 
1914 570 670 
1915 900 1000 
1916 263 363 
1917 289 389 
1918 366 466 
1919 264 364 
1920 646 746 
1921 535 635 
1922 218 318 
1923 214 314 
1924 665 765 
1925 510 610 
1926 658 758 
1927 856 956 
1928 8 108 
1929 922 1022 
1930 583 683 
1931 378 478 
1932 779 879 
1933 870 970 
1934 485 585 
1935 896 996 
1936 962 1062 
1937 213 313 
1938 397 497 
1939 941 1041 
1940 697 797 
1941 731 831 
1942 235 335 
1943 170 270 
1944 779 879 
1945 153 253 
1946 570 670 
1947 235 335 
1948 702 802 
1949 727 827 
1950 515 615 
1951 162 262 
1952 660 760 
1953 657 757 
1954 900 1000 
1955 583 683 
1956 562 662 
1957 737 837 
1958 13 113 
1959 837 937 
1960 176 276 
1961 293 393 
1962 925 1025 
1963 785 885 
1964 329 429 
1965 796 896 
1966 36 136 
1967 145 245 
1968 797 897 
1969 954 1054 
1970 474 574 
1971 879 979 
1972 90 190 
1973 469 569 
1974 420 520 
1975 121 221 
1976 146 246 
1977 324 424 
1978 727 827 
1979 527 627 
1980 477 577 
1981 531 631 
1982 460 560 
1983 360 460 
1984 958 1058 
1985 509 609 
1986 796 896 
1987 608 708 
1988 860 960 
1989 743 843 
1990 933 1033 
1991 338 438 
1992 847 947 
1993 557 657 
1994 787 887 
1995 902 1002 
1996 658 758 
1997 339 439 
1998 698 798 
1999 296 396 
2000 32 132 
