npieces: 500
capacity: 39623532012
1 176183 100054344 
2 402963 100096217 
3 586009 100045754 
4 405106 100053654 
5 896067 100057660 
6 905361 100099875 
7 17876 100078020 
8 731763 100053838 
9 437260 100017577 
10 567377 100068509 
11 309467 100024161 
12 275890 100028869 
13 259907 100070149 
14 927075 100086172 
15 323884 100020145 
16 2132 100063430 
17 496388 100082056 
18 49231 100001260 
19 306640 100017237 
20 474005 100061100 
21 679124 100014156 
22 556695 100089193 
23 26715 100067502 
24 579342 100051202 
25 544420 100064523 
26 641591 100010881 
27 348329 100020994 
28 891375 100048138 
29 232397 100057988 
30 427686 100027539 
31 272993 100073271 
32 315715 100025202 
33 79763 100075702 
34 566292 100092721 
35 9395 100010230 
36 6576 100084287 
37 729891 100089987 
38 712556 100078561 
39 186779 100017705 
40 733174 100048646 
41 886806 100026222 
42 645009 100034744 
43 414301 100027004 
44 782637 100063149 
45 143150 100008573 
46 873314 100060285 
47 966729 100093503 
48 771977 100051887 
49 908310 100064311 
50 711479 100050700 
51 13622 100037857 
52 55831 100076149 
53 906276 100023365 
54 200355 100067951 
55 563400 100031574 
56 700351 100076860 
57 277080 100003349 
58 444594 100086502 
59 833259 100050354 
60 971265 100034805 
61 876956 100017522 
62 104298 100094560 
63 751959 100022796 
64 885370 100068416 
65 440067 100016077 
66 280523 100077183 
67 261196 100085051 
68 957342 100082320 
69 983435 100012471 
70 225169 100071544 
71 646165 100090587 
72 963645 100002857 
73 61917 100033731 
74 194606 100071312 
75 718855 100018953 
76 504000 100046052 
77 891594 100025128 
78 261522 100062399 
79 243392 100057026 
80 697386 100078474 
81 95501 100012125 
82 465573 100066000 
83 147626 100056616 
84 978649 100078548 
85 656269 100067899 
86 456521 100072767 
87 402871 100023036 
88 567299 100029777 
89 474073 100066782 
90 438298 100078489 
91 988132 100006916 
92 68284 100018240 
93 465516 100027140 
94 91055 100049727 
95 457911 100074246 
96 515244 100010033 
97 914152 100058955 
98 943256 100051842 
99 834051 100072267 
100 110939 100037927 
101 340380 100070071 
102 440735 100030344 
103 187873 100044061 
104 538727 100025496 
105 541952 100047529 
106 843273 100013509 
107 343414 100090248 
108 522890 100079147 
109 196662 100081544 
110 157844 100048387 
111 125170 100005596 
112 997654 100080728 
113 345352 100044924 
114 205688 100058810 
115 76300 100012744 
116 32250 100084235 
117 898862 100006125 
118 727848 100033783 
119 632200 100027488 
120 142652 100089153 
121 651335 100048296 
122 534352 100058297 
123 93107 100066008 
124 118142 100086153 
125 232604 100096570 
126 965014 100095823 
127 498019 100010823 
128 401787 100068292 
129 241890 100015282 
130 366810 100044379 
131 247417 100002213 
132 598472 100036741 
133 651190 100013666 
134 193271 100058929 
135 67936 100000364 
136 454805 100081074 
137 82848 100057151 
138 190914 100056344 
139 938765 100047865 
140 951339 100080960 
141 268178 100029148 
142 884104 100053031 
143 339198 100027276 
144 595566 100068122 
145 634920 100078674 
146 531793 100008297 
147 131965 100066883 
148 734810 100093945 
149 504168 100020347 
150 688481 100071065 
151 803548 100001987 
152 768072 100057901 
153 750657 100050482 
154 807155 100095302 
155 117433 100012559 
156 758951 100019570 
157 856205 100052020 
158 474558 100082735 
159 956921 100023502 
160 100356 100057787 
161 97360 100079361 
162 223538 100000680 
163 560973 100070184 
164 658821 100061611 
165 136056 100072059 
166 337401 100013619 
167 31602 100032937 
168 867239 100036534 
169 818781 100055044 
170 569656 100008743 
171 608362 100018973 
172 525765 100015588 
173 289472 100045764 
174 614157 100051372 
175 449414 100081041 
176 709650 100079502 
177 888525 100017249 
178 888592 100040316 
179 302301 100054968 
180 503899 100030431 
181 368154 100058853 
182 96404 100044420 
183 587411 100019555 
184 103495 100014227 
185 551336 100008603 
186 12324 100030112 
187 982421 100063655 
188 169176 100075130 
189 57439 100059474 
190 633160 100033185 
191 802137 100007867 
192 811114 100082358 
193 170899 100086488 
194 362047 100085002 
195 242592 100076726 
196 405169 100001752 
197 171331 100011231 
198 672581 100055662 
199 209270 100082869 
200 788476 100082886 
201 687574 100046522 
202 223244 100049492 
203 963054 100041650 
204 753014 100028696 
205 161630 100047296 
206 644932 100052595 
207 906535 100065549 
208 931809 100013334 
209 557206 100076328 
210 59028 100012085 
211 341003 100047623 
212 404059 100013883 
213 245542 100012395 
214 960352 100043319 
215 362189 100022978 
216 486170 100034133 
217 789211 100001413 
218 394307 100051495 
219 178984 100027426 
220 776497 100087361 
221 71153 100055380 
222 331220 100043141 
223 431460 100031854 
224 535819 100035379 
225 278667 100008791 
226 510691 100049154 
227 390866 100036942 
228 364332 100079980 
229 816054 100097231 
230 418106 100092963 
231 399692 100044366 
232 558965 100058561 
233 341484 100079680 
234 873693 100092446 
235 432248 100093818 
236 345567 100065115 
237 151372 100051985 
238 636492 100017659 
239 387204 100071392 
240 495996 100045201 
241 36388 100002119 
242 143166 100000467 
243 69480 100096816 
244 575994 100077454 
245 486313 100030766 
246 577638 100013140 
247 256425 100043838 
248 611553 100084817 
249 212027 100051119 
250 12079 100009628 
251 837842 100051070 
252 517458 100039976 
253 20132 100077178 
254 171649 100082073 
255 320186 100027239 
256 720008 100067187 
257 88407 100040222 
258 401019 100072590 
259 795842 100097201 
260 534168 100050855 
261 758450 100062667 
262 879160 100007184 
263 191382 100039382 
264 221682 100096520 
265 347134 100064471 
266 126157 100000645 
267 929641 100042132 
268 527647 100046669 
269 507948 100064629 
270 206662 100080547 
271 36731 100089800 
272 614018 100081631 
273 19863 100069790 
274 211758 100044823 
275 294740 100035188 
276 824089 100098969 
277 708550 100073804 
278 573701 100068667 
279 382088 100063545 
280 601467 100005353 
281 989352 100043322 
282 223177 100085789 
283 572530 100072509 
284 706394 100044557 
285 62103 100035813 
286 790832 100000606 
287 957498 100031910 
288 602560 100059895 
289 167064 100048685 
290 147690 100057072 
291 517841 100086269 
292 181075 100022569 
293 166039 100080596 
294 114593 100020951 
295 53042 100095852 
296 414738 100054841 
297 354477 100026205 
298 261049 100091465 
299 455265 100080031 
300 728599 100082541 
301 754715 100066318 
302 912914 100040429 
303 615469 100008614 
304 518740 100003072 
305 757390 100025774 
306 994243 100042527 
307 369262 100048177 
308 689304 100009211 
309 760411 100086151 
310 583646 100078506 
311 618633 100043378 
312 73993 100041916 
313 575169 100034212 
314 267569 100014732 
315 775081 100024702 
316 520553 100004626 
317 87532 100022675 
318 985088 100007189 
319 621061 100037644 
320 50644 100003933 
321 768493 100086500 
322 113742 100075879 
323 140959 100090195 
324 90173 100045970 
325 824900 100003657 
326 442898 100034071 
327 196801 100094960 
328 873270 100089301 
329 522201 100033747 
330 446148 100010794 
331 52095 100083869 
332 147174 100070686 
333 80572 100024122 
334 105167 100090136 
335 450681 100011867 
336 992658 100010484 
337 19690 100080853 
338 954014 100000941 
339 818007 100098824 
340 843927 100049108 
341 651144 100091965 
342 549969 100087714 
343 718925 100023561 
344 338987 100002986 
345 826919 100045039 
346 107974 100010663 
347 200855 100031009 
348 708961 100050613 
349 124800 100022054 
350 806162 100033916 
351 55227 100059735 
352 716515 100031047 
353 753719 100068004 
354 130439 100092051 
355 93707 100094324 
356 170040 100009091 
357 731610 100047081 
358 819118 100014320 
359 377762 100093090 
360 63869 100093085 
361 912161 100027546 
362 721484 100045416 
363 600868 100025485 
364 735789 100000957 
365 987821 100022651 
366 100446 100084741 
367 357440 100001221 
368 251035 100024603 
369 712330 100041461 
370 587422 100058399 
371 221871 100058074 
372 389941 100083364 
373 738543 100075024 
374 211325 100044036 
375 704307 100047966 
376 726144 100085459 
377 93562 100062073 
378 657449 100049680 
379 522395 100049446 
380 721248 100096696 
381 230774 100043549 
382 396806 100055029 
383 85563 100024713 
384 679694 100049012 
385 120470 100054540 
386 588022 100000372 
387 160694 100083647 
388 379297 100020826 
389 556089 100069654 
390 17235 100026434 
391 982710 100059970 
392 42760 100025648 
393 754726 100040593 
394 18673 100006308 
395 551215 100072048 
396 506636 100031051 
397 745551 100064624 
398 810207 100060914 
399 397729 100070086 
400 663248 100092598 
401 66191 100028236 
402 208164 100059767 
403 488405 100087750 
404 61010 100019595 
405 950829 100084447 
406 625731 100095054 
407 261405 100054066 
408 587753 100057207 
409 109145 100072900 
410 845177 100053926 
411 754198 100060814 
412 289158 100084890 
413 154156 100027288 
414 311740 100059967 
415 6182 100000033 
416 763829 100032804 
417 18090 100057531 
418 331963 100071083 
419 577791 100077588 
420 171291 100063641 
421 426304 100047599 
422 879714 100030125 
423 185948 100058800 
424 250295 100028845 
425 519623 100050039 
426 822228 100099196 
427 491009 100022212 
428 192355 100082409 
429 393793 100095193 
430 238577 100080032 
431 445054 100032285 
432 861393 100094563 
433 960473 100000092 
434 184336 100021140 
435 91562 100045388 
436 164560 100029193 
437 166885 100054730 
438 368451 100088962 
439 460777 100037571 
440 303174 100023126 
441 339045 100089967 
442 716695 100013961 
443 417575 100054775 
444 715445 100065467 
445 549634 100016279 
446 676819 100097338 
447 903388 100005375 
448 404344 100001143 
449 764178 100098003 
450 44598 100048150 
451 285640 100002994 
452 162500 100033535 
453 649296 100066548 
454 725370 100018193 
455 714421 100093517 
456 594601 100064918 
457 923110 100023630 
458 479765 100098738 
459 70266 100080491 
460 875729 100088789 
461 487780 100026102 
462 237045 100056656 
463 718068 100056234 
464 752509 100092004 
465 887687 100063652 
466 333825 100045334 
467 535181 100059980 
468 140045 100006398 
469 245365 100036946 
470 346076 100031775 
471 830135 100020690 
472 154230 100033169 
473 615357 100046938 
474 143395 100000282 
475 256303 100057923 
476 197194 100099227 
477 801306 100070746 
478 186411 100073446 
479 333884 100016867 
480 837942 100049486 
481 986862 100051475 
482 432262 100020343 
483 217582 100039932 
484 220925 100001868 
485 237704 100066182 
486 726268 100040015 
487 229025 100079800 
488 86015 100072554 
489 806048 100064085 
490 186900 100011845 
491 894074 100053475 
492 875830 100052241 
493 778520 100036424 
494 358986 100027105 
495 119718 100002733 
496 401717 100027096 
497 534842 100022788 
498 870488 100044765 
499 334559 100027686 
500 210153 100016523 
