npieces: 1000
capacity: 2141924922
1 8621263 9621263 
2 397912 1397912 
3 9489568 10489568 
4 3441740 4441740 
5 1037882 2037882 
6 7741042 8741042 
7 6863687 7863687 
8 5589522 6589522 
9 1096748 2096748 
10 4873627 5873627 
11 2372333 3372333 
12 9833415 10833415 
13 6326277 7326277 
14 3244715 4244715 
15 9592663 10592663 
16 359193 1359193 
17 2607109 3607109 
18 2860088 3860088 
19 4320126 5320126 
20 9569904 10569904 
21 2383067 3383067 
22 4510809 5510809 
23 1073703 2073703 
24 6391937 7391937 
25 4826060 5826060 
26 1067269 2067269 
27 2164256 3164256 
28 1445760 2445760 
29 8965756 9965756 
30 6947353 7947353 
31 725912 1725912 
32 3006834 4006834 
33 8891101 9891101 
34 9179128 10179128 
35 3561756 4561756 
36 2049056 3049056 
37 7427121 8427121 
38 9381196 10381196 
39 9572010 10572010 
40 6807207 7807207 
41 2191677 3191677 
42 9347819 10347819 
43 4946803 5946803 
44 8186925 9186925 
45 3286668 4286668 
46 1733206 2733206 
47 1999154 2999154 
48 5847726 6847726 
49 8038876 9038876 
50 187355 1187355 
51 110884 1110884 
52 1530612 2530612 
53 8620074 9620074 
54 7774170 8774170 
55 59043 1059043 
56 4353829 5353829 
57 9987669 10987669 
58 3701028 4701028 
59 5390563 6390563 
60 1302262 2302262 
61 1724401 2724401 
62 4673023 5673023 
63 1343047 2343047 
64 2313982 3313982 
65 6949931 7949931 
66 2470726 3470726 
67 8443361 9443361 
68 4093477 5093477 
69 8361940 9361940 
70 5311405 6311405 
71 3513861 4513861 
72 5667643 6667643 
73 8586892 9586892 
74 5120547 6120547 
75 2323976 3323976 
76 7521701 8521701 
77 9305868 10305868 
78 3381072 4381072 
79 5838106 6838106 
80 2923697 3923697 
81 2641551 3641551 
82 5312958 6312958 
83 3107389 4107389 
84 4759435 5759435 
85 5749982 6749982 
86 8142867 9142867 
87 2864737 3864737 
88 6755401 7755401 
89 1339895 2339895 
90 5532412 6532412 
91 7772958 8772958 
92 8543393 9543393 
93 4166617 5166617 
94 3153190 4153190 
95 2014221 3014221 
96 3643706 4643706 
97 1057519 2057519 
98 7084006 8084006 
99 4104772 5104772 
100 399135 1399135 
101 9095318 10095318 
102 7823993 8823993 
103 5248876 6248876 
104 9184336 10184336 
105 7230669 8230669 
106 1952613 2952613 
107 9017856 10017856 
108 6475763 7475763 
109 9582712 10582712 
110 8716286 9716286 
111 9467683 10467683 
112 5025064 6025064 
113 905297 1905297 
114 7325956 8325956 
115 562206 1562206 
116 3058426 4058426 
117 1690220 2690220 
118 9986794 10986794 
119 2933366 3933366 
120 2487921 3487921 
121 8708580 9708580 
122 1253042 2253042 
123 9109030 10109030 
124 1794372 2794372 
125 6914343 7914343 
126 3302771 4302771 
127 8084734 9084734 
128 630699 1630699 
129 6683739 7683739 
130 3281660 4281660 
131 5997976 6997976 
132 8435283 9435283 
133 9818604 10818604 
134 731795 1731795 
135 7029746 8029746 
136 6768491 7768491 
137 4206260 5206260 
138 4578902 5578902 
139 1912365 2912365 
140 4855387 5855387 
141 3474373 4474373 
142 7543107 8543107 
143 148577 1148577 
144 7432981 8432981 
145 2522966 3522966 
146 8083027 9083027 
147 3040155 4040155 
148 4409731 5409731 
149 6880071 7880071 
150 6309696 7309696 
151 757620 1757620 
152 9518752 10518752 
153 5710290 6710290 
154 7462376 8462376 
155 8874703 9874703 
156 9074595 10074595 
157 1042384 2042384 
158 1788362 2788362 
159 5935534 6935534 
160 5344341 6344341 
161 9511333 10511333 
162 3020717 4020717 
163 1996337 2996337 
164 3066116 4066116 
165 3780042 4780042 
166 8663391 9663391 
167 66093 1066093 
168 1933712 2933712 
169 2250741 3250741 
170 3842587 4842587 
171 4282725 5282725 
172 5392034 6392034 
173 66663 1066663 
174 875780 1875780 
175 5760616 6760616 
176 7267837 8267837 
177 6840274 7840274 
178 82894 1082894 
179 2487303 3487303 
180 4851948 5851948 
181 8230884 9230884 
182 1108348 2108348 
183 4430448 5430448 
184 2476891 3476891 
185 1032692 2032692 
186 8680387 9680387 
187 2725099 3725099 
188 4644098 5644098 
189 9278152 10278152 
190 1272846 2272846 
191 5591089 6591089 
192 3350588 4350588 
193 8478081 9478081 
194 3246747 4246747 
195 1319140 2319140 
196 7087222 8087222 
197 6792996 7792996 
198 3176386 4176386 
199 9701680 10701680 
200 4263234 5263234 
201 5523269 6523269 
202 3570774 4570774 
203 4305916 5305916 
204 1597451 2597451 
205 6984274 7984274 
206 5478564 6478564 
207 8028236 9028236 
208 1921635 2921635 
209 4150905 5150905 
210 8583065 9583065 
211 1868214 2868214 
212 9144825 10144825 
213 1206071 2206071 
214 5028224 6028224 
215 1692030 2692030 
216 5051814 6051814 
217 6351614 7351614 
218 6234216 7234216 
219 2544721 3544721 
220 8426662 9426662 
221 2279554 3279554 
222 7751715 8751715 
223 4485019 5485019 
224 6859108 7859108 
225 7698337 8698337 
226 5333995 6333995 
227 2091525 3091525 
228 453997 1453997 
229 8966893 9966893 
230 4136224 5136224 
231 1475726 2475726 
232 545031 1545031 
233 331863 1331863 
234 2227757 3227757 
235 6573125 7573125 
236 2419163 3419163 
237 3928057 4928057 
238 7204872 8204872 
239 6487200 7487200 
240 388045 1388045 
241 5389055 6389055 
242 9315159 10315159 
243 5145980 6145980 
244 4545900 5545900 
245 6027443 7027443 
246 5999024 6999024 
247 2117298 3117298 
248 8234885 9234885 
249 2175653 3175653 
250 8466297 9466297 
251 9148498 10148498 
252 4594770 5594770 
253 1412723 2412723 
254 912238 1912238 
255 1027199 2027199 
256 2279248 3279248 
257 940346 1940346 
258 2027713 3027713 
259 5921895 6921895 
260 6911150 7911150 
261 2729753 3729753 
262 5331292 6331292 
263 9097565 10097565 
264 3718497 4718497 
265 724062 1724062 
266 2891458 3891458 
267 8025876 9025876 
268 5379668 6379668 
269 6935888 7935888 
270 7008147 8008147 
271 8862074 9862074 
272 5545149 6545149 
273 6085145 7085145 
274 8057006 9057006 
275 8765102 9765102 
276 6081163 7081163 
277 7109453 8109453 
278 8264817 9264817 
279 604064 1604064 
280 8341371 9341371 
281 7745691 8745691 
282 6463644 7463644 
283 8662980 9662980 
284 84042 1084042 
285 9320463 10320463 
286 6617043 7617043 
287 6812275 7812275 
288 959365 1959365 
289 9819393 10819393 
290 532418 1532418 
291 8467550 9467550 
292 4150652 5150652 
293 5655198 6655198 
294 3033435 4033435 
295 5756335 6756335 
296 5890901 6890901 
297 2487056 3487056 
298 7876666 8876666 
299 1992254 2992254 
300 9163196 10163196 
301 9821517 10821517 
302 784554 1784554 
303 4635884 5635884 
304 9205048 10205048 
305 1104505 2104505 
306 5737921 6737921 
307 3477152 4477152 
308 156569 1156569 
309 9070713 10070713 
310 6328614 7328614 
311 8681564 9681564 
312 3587598 4587598 
313 6345622 7345622 
314 8526835 9526835 
315 3878523 4878523 
316 9753171 10753171 
317 1892425 2892425 
318 90421 1090421 
319 5982473 6982473 
320 1818631 2818631 
321 2226601 3226601 
322 3102352 4102352 
323 7214014 8214014 
324 3887131 4887131 
325 9581038 10581038 
326 8663936 9663936 
327 9925785 10925785 
328 4198119 5198119 
329 1946273 2946273 
330 1746874 2746874 
331 4065046 5065046 
332 9653463 10653463 
333 6402402 7402402 
334 1822001 2822001 
335 2710411 3710411 
336 828738 1828738 
337 1263701 2263701 
338 368052 1368052 
339 185637 1185637 
340 2049115 3049115 
341 1006122 2006122 
342 2389684 3389684 
343 4537849 5537849 
344 7670720 8670720 
345 4798792 5798792 
346 7643812 8643812 
347 1928777 2928777 
348 6636848 7636848 
349 7960598 8960598 
350 3614585 4614585 
351 5944406 6944406 
352 9613146 10613146 
353 1957222 2957222 
354 6294225 7294225 
355 79069 1079069 
356 3141584 4141584 
357 9499646 10499646 
358 6921264 7921264 
359 9471407 10471407 
360 3316890 4316890 
361 3238851 4238851 
362 6456549 7456549 
363 1178096 2178096 
364 5353575 6353575 
365 9970948 10970948 
366 7146379 8146379 
367 4513388 5513388 
368 6229855 7229855 
369 8278880 9278880 
370 9599019 10599019 
371 3617297 4617297 
372 6771475 7771475 
373 4819926 5819926 
374 3531775 4531775 
375 8351245 9351245 
376 9518102 10518102 
377 761191 1761191 
378 2801489 3801489 
379 1777669 2777669 
380 8582565 9582565 
381 592746 1592746 
382 9830530 10830530 
383 2658414 3658414 
384 2643585 3643585 
385 5927404 6927404 
386 173095 1173095 
387 1295884 2295884 
388 213598 1213598 
389 6223553 7223553 
390 5563342 6563342 
391 252677 1252677 
392 755955 1755955 
393 2901931 3901931 
394 4947422 5947422 
395 7426465 8426465 
396 3740594 4740594 
397 5874854 6874854 
398 8859676 9859676 
399 8941601 9941601 
400 5238034 6238034 
401 1460942 2460942 
402 2559562 3559562 
403 7496248 8496248 
404 3816199 4816199 
405 6786670 7786670 
406 7567594 8567594 
407 1373354 2373354 
408 170132 1170132 
409 9167654 10167654 
410 5622304 6622304 
411 3197184 4197184 
412 2692982 3692982 
413 8365880 9365880 
414 4712373 5712373 
415 7216485 8216485 
416 3580801 4580801 
417 5237615 6237615 
418 3795000 4795000 
419 8186273 9186273 
420 6960009 7960009 
421 8888236 9888236 
422 3167935 4167935 
423 445871 1445871 
424 1249655 2249655 
425 2935822 3935822 
426 1777099 2777099 
427 568444 1568444 
428 9649403 10649403 
429 8889917 9889917 
430 6989769 7989769 
431 7587391 8587391 
432 6638560 7638560 
433 2742740 3742740 
434 2257077 3257077 
435 5159023 6159023 
436 175355 1175355 
437 3303913 4303913 
438 3601497 4601497 
439 2701670 3701670 
440 8087357 9087357 
441 1638329 2638329 
442 3616563 4616563 
443 8003600 9003600 
444 3635816 4635816 
445 3401205 4401205 
446 1113589 2113589 
447 2090831 3090831 
448 2183902 3183902 
449 1308195 2308195 
450 5479206 6479206 
451 114927 1114927 
452 860181 1860181 
453 8648371 9648371 
454 5900390 6900390 
455 7041857 8041857 
456 6512167 7512167 
457 1051167 2051167 
458 4652622 5652622 
459 5467606 6467606 
460 4460422 5460422 
461 1447229 2447229 
462 9848438 10848438 
463 9284698 10284698 
464 2137037 3137037 
465 8616612 9616612 
466 9901328 10901328 
467 6508938 7508938 
468 7501361 8501361 
469 4643897 5643897 
470 3568561 4568561 
471 5098067 6098067 
472 4303638 5303638 
473 9874645 10874645 
474 5981744 6981744 
475 7686409 8686409 
476 7112126 8112126 
477 4411796 5411796 
478 1921319 2921319 
479 1121984 2121984 
480 8750748 9750748 
481 763453 1763453 
482 6971671 7971671 
483 850123 1850123 
484 3191495 4191495 
485 7309385 8309385 
486 9939368 10939368 
487 2966351 3966351 
488 1577866 2577866 
489 7070866 8070866 
490 8290701 9290701 
491 2922370 3922370 
492 2349336 3349336 
493 8776729 9776729 
494 737542 1737542 
495 167429 1167429 
496 2698461 3698461 
497 7756788 8756788 
498 7146879 8146879 
499 476764 1476764 
500 2248943 3248943 
501 3158610 4158610 
502 8753494 9753494 
503 686214 1686214 
504 5872803 6872803 
505 2080940 3080940 
506 1115706 2115706 
507 5942845 6942845 
508 7322940 8322940 
509 3799179 4799179 
510 6298926 7298926 
511 4210252 5210252 
512 4428223 5428223 
513 486000 1486000 
514 4914477 5914477 
515 8138120 9138120 
516 9573218 10573218 
517 4570723 5570723 
518 7877224 8877224 
519 8760684 9760684 
520 1469602 2469602 
521 6450587 7450587 
522 3823147 4823147 
523 3180885 4180885 
524 4889716 5889716 
525 5101382 6101382 
526 2359645 3359645 
527 2720342 3720342 
528 8682387 9682387 
529 5617527 6617527 
530 5290406 6290406 
531 1435193 2435193 
532 7572728 8572728 
533 9287594 10287594 
534 9736875 10736875 
535 8276627 9276627 
536 1677672 2677672 
537 5891956 6891956 
538 9258613 10258613 
539 7539715 8539715 
540 2110631 3110631 
541 2475211 3475211 
542 8052975 9052975 
543 648583 1648583 
544 7091402 8091402 
545 1419631 2419631 
546 8592014 9592014 
547 1651322 2651322 
548 6751402 7751402 
549 204405 1204405 
550 5614859 6614859 
551 2564910 3564910 
552 6969461 7969461 
553 9888622 10888622 
554 3176140 4176140 
555 9745314 10745314 
556 2586846 3586846 
557 1845816 2845816 
558 7445985 8445985 
559 3054816 4054816 
560 7581428 8581428 
561 9618016 10618016 
562 5033897 6033897 
563 8341622 9341622 
564 5820433 6820433 
565 9568179 10568179 
566 1059605 2059605 
567 701454 1701454 
568 6663401 7663401 
569 6776928 7776928 
570 4267012 5267012 
571 7048108 8048108 
572 9451458 10451458 
573 3700171 4700171 
574 2186574 3186574 
575 7289604 8289604 
576 4278722 5278722 
577 7444336 8444336 
578 81245 1081245 
579 5699190 6699190 
580 4072292 5072292 
581 7427058 8427058 
582 911092 1911092 
583 7112359 8112359 
584 3233797 4233797 
585 2636096 3636096 
586 9125523 10125523 
587 7796029 8796029 
588 4895259 5895259 
589 6633954 7633954 
590 2186995 3186995 
591 2209846 3209846 
592 7941380 8941380 
593 6401126 7401126 
594 490156 1490156 
595 8161766 9161766 
596 2585468 3585468 
597 9997537 10997537 
598 2158071 3158071 
599 6162443 7162443 
600 5720617 6720617 
601 3014948 4014948 
602 8065677 9065677 
603 1389070 2389070 
604 6786385 7786385 
605 4515325 5515325 
606 8348206 9348206 
607 5288665 6288665 
608 1696043 2696043 
609 614311 1614311 
610 5711421 6711421 
611 7796559 8796559 
612 3713107 4713107 
613 6109135 7109135 
614 4877448 5877448 
615 7477485 8477485 
616 7510742 8510742 
617 4863811 5863811 
618 2580646 3580646 
619 3101435 4101435 
620 7167469 8167469 
621 4562745 5562745 
622 5749370 6749370 
623 5481710 6481710 
624 950087 1950087 
625 4777018 5777018 
626 1303252 2303252 
627 4341725 5341725 
628 3936895 4936895 
629 1397161 2397161 
630 2821302 3821302 
631 9523230 10523230 
632 6189101 7189101 
633 8597876 9597876 
634 1584435 2584435 
635 7415677 8415677 
636 4154008 5154008 
637 8838870 9838870 
638 146803 1146803 
639 4197400 5197400 
640 1096841 2096841 
641 1402694 2402694 
642 4764372 5764372 
643 9412954 10412954 
644 764859 1764859 
645 4726655 5726655 
646 7643819 8643819 
647 5835154 6835154 
648 2152942 3152942 
649 6762157 7762157 
650 5740456 6740456 
651 7802415 8802415 
652 988314 1988314 
653 5101361 6101361 
654 2661079 3661079 
655 8426010 9426010 
656 8077121 9077121 
657 478993 1478993 
658 1723843 2723843 
659 6979120 7979120 
660 7790557 8790557 
661 2580095 3580095 
662 7435189 8435189 
663 5294683 6294683 
664 2331385 3331385 
665 2704516 3704516 
666 1085338 2085338 
667 593484 1593484 
668 30940 1030940 
669 8090953 9090953 
670 6395010 7395010 
671 7084247 8084247 
672 3927519 4927519 
673 7825666 8825666 
674 7098693 8098693 
675 193770 1193770 
676 1876320 2876320 
677 7182840 8182840 
678 6904128 7904128 
679 2071339 3071339 
680 4281807 5281807 
681 2115889 3115889 
682 4863677 5863677 
683 4362286 5362286 
684 1505894 2505894 
685 1266493 2266493 
686 1413745 2413745 
687 3404752 4404752 
688 9029365 10029365 
689 1702304 2702304 
690 7472414 8472414 
691 3271602 4271602 
692 8326747 9326747 
693 7971543 8971543 
694 1363161 2363161 
695 5466453 6466453 
696 1074065 2074065 
697 4585993 5585993 
698 909414 1909414 
699 8848207 9848207 
700 6203232 7203232 
701 965708 1965708 
702 5506111 6506111 
703 619944 1619944 
704 6734387 7734387 
705 7122320 8122320 
706 596275 1596275 
707 1846100 2846100 
708 6331783 7331783 
709 3274156 4274156 
710 632876 1632876 
711 1274444 2274444 
712 3263358 4263358 
713 9193731 10193731 
714 8976649 9976649 
715 3809611 4809611 
716 664467 1664467 
717 7070290 8070290 
718 704041 1704041 
719 7707682 8707682 
720 3241064 4241064 
721 1684121 2684121 
722 7237257 8237257 
723 9533624 10533624 
724 9647164 10647164 
725 8195748 9195748 
726 3466757 4466757 
727 6449826 7449826 
728 7202680 8202680 
729 2636853 3636853 
730 8966587 9966587 
731 28123 1028123 
732 5214440 6214440 
733 5765072 6765072 
734 7048077 8048077 
735 1026464 2026464 
736 2335751 3335751 
737 8634019 9634019 
738 2369220 3369220 
739 5365610 6365610 
740 8271731 9271731 
741 4157071 5157071 
742 296146 1296146 
743 9659785 10659785 
744 2253823 3253823 
745 2629207 3629207 
746 5678896 6678896 
747 7179226 8179226 
748 2335847 3335847 
749 2080868 3080868 
750 4539622 5539622 
751 2284069 3284069 
752 6516254 7516254 
753 6772146 7772146 
754 2091177 3091177 
755 908821 1908821 
756 4929348 5929348 
757 4985435 5985435 
758 828062 1828062 
759 1062996 2062996 
760 4726196 5726196 
761 1262910 2262910 
762 8841405 9841405 
763 4337475 5337475 
764 4262969 5262969 
765 6846924 7846924 
766 6320464 7320464 
767 5121747 6121747 
768 7853792 8853792 
769 2017519 3017519 
770 9854491 10854491 
771 3091587 4091587 
772 8634728 9634728 
773 8812055 9812055 
774 3135382 4135382 
775 7374710 8374710 
776 2654934 3654934 
777 2485473 3485473 
778 5337302 6337302 
779 6278832 7278832 
780 8516261 9516261 
781 1804518 2804518 
782 7435018 8435018 
783 7016045 8016045 
784 6434587 7434587 
785 9083422 10083422 
786 6699552 7699552 
787 330526 1330526 
788 2304055 3304055 
789 4090224 5090224 
790 7095687 8095687 
791 1947777 2947777 
792 7760455 8760455 
793 6902103 7902103 
794 7027472 8027472 
795 3162587 4162587 
796 9355925 10355925 
797 1249458 2249458 
798 1121134 2121134 
799 7227861 8227861 
800 5929793 6929793 
801 8977704 9977704 
802 3152604 4152604 
803 4103025 5103025 
804 5987498 6987498 
805 3122741 4122741 
806 2429277 3429277 
807 9671463 10671463 
808 57222 1057222 
809 4442198 5442198 
810 2443423 3443423 
811 7522976 8522976 
812 4774546 5774546 
813 278605 1278605 
814 5955705 6955705 
815 9118734 10118734 
816 5295075 6295075 
817 7298962 8298962 
818 6192403 7192403 
819 7563430 8563430 
820 1262810 2262810 
821 7474902 8474902 
822 3098021 4098021 
823 94139 1094139 
824 97589 1097589 
825 6940212 7940212 
826 6843096 7843096 
827 7705464 8705464 
828 3330499 4330499 
829 1750007 2750007 
830 9084872 10084872 
831 3560506 4560506 
832 5250096 6250096 
833 7752322 8752322 
834 7384875 8384875 
835 6763016 7763016 
836 9461758 10461758 
837 7436000 8436000 
838 4442891 5442891 
839 5026095 6026095 
840 8191124 9191124 
841 2133737 3133737 
842 2843055 3843055 
843 5223422 6223422 
844 1798512 2798512 
845 806285 1806285 
846 7966616 8966616 
847 5631003 6631003 
848 4274169 5274169 
849 6950464 7950464 
850 9860519 10860519 
851 7493377 8493377 
852 5788400 6788400 
853 8614786 9614786 
854 6047324 7047324 
855 4861591 5861591 
856 4294404 5294404 
857 5263242 6263242 
858 4893881 5893881 
859 4010093 5010093 
860 1615492 2615492 
861 2681870 3681870 
862 7081028 8081028 
863 96405 1096405 
864 4386223 5386223 
865 1377969 2377969 
866 1065772 2065772 
867 4735004 5735004 
868 5481127 6481127 
869 6671754 7671754 
870 5675011 6675011 
871 4141476 5141476 
872 1718916 2718916 
873 8093005 9093005 
874 645290 1645290 
875 2914207 3914207 
876 3807109 4807109 
877 6516377 7516377 
878 3065290 4065290 
879 3934890 4934890 
880 7703522 8703522 
881 1293789 2293789 
882 5352062 6352062 
883 3596420 4596420 
884 8015549 9015549 
885 4499175 5499175 
886 8363919 9363919 
887 8977577 9977577 
888 6864950 7864950 
889 8188299 9188299 
890 4281943 5281943 
891 7861647 8861647 
892 4311326 5311326 
893 9734636 10734636 
894 6281158 7281158 
895 2889340 3889340 
896 9913027 10913027 
897 8511850 9511850 
898 4624643 5624643 
899 5245442 6245442 
900 4274666 5274666 
901 1495464 2495464 
902 2021674 3021674 
903 8281881 9281881 
904 4648922 5648922 
905 4330296 5330296 
906 3389364 4389364 
907 1616727 2616727 
908 2864533 3864533 
909 1646822 2646822 
910 8268532 9268532 
911 1398350 2398350 
912 1013026 2013026 
913 1805342 2805342 
914 2275006 3275006 
915 5492482 6492482 
916 3647237 4647237 
917 8215547 9215547 
918 5352866 6352866 
919 5098117 6098117 
920 5573841 6573841 
921 4514797 5514797 
922 2943830 3943830 
923 6012977 7012977 
924 1173716 2173716 
925 4963461 5963461 
926 1867441 2867441 
927 4315010 5315010 
928 161136 1161136 
929 551136 1551136 
930 5007956 6007956 
931 3073037 4073037 
932 7598729 8598729 
933 4491310 5491310 
934 3008995 4008995 
935 3655201 4655201 
936 2623258 3623258 
937 4034142 5034142 
938 7087217 8087217 
939 6139513 7139513 
940 190946 1190946 
941 7424360 8424360 
942 5014522 6014522 
943 5628442 6628442 
944 3891644 4891644 
945 1650742 2650742 
946 1332745 2332745 
947 9292751 10292751 
948 5254029 6254029 
949 823599 1823599 
950 7337210 8337210 
951 2443583 3443583 
952 7866455 8866455 
953 3437794 4437794 
954 5957082 6957082 
955 4833064 5833064 
956 268650 1268650 
957 814540 1814540 
958 5763946 6763946 
959 1829946 2829946 
960 6025401 7025401 
961 3889863 4889863 
962 7783747 8783747 
963 6980626 7980626 
964 3729098 4729098 
965 2365327 3365327 
966 5556627 6556627 
967 4995921 5995921 
968 8180679 9180679 
969 456177 1456177 
970 1843973 2843973 
971 8318041 9318041 
972 858802 1858802 
973 3831314 4831314 
974 1222207 2222207 
975 3717028 4717028 
976 2015414 3015414 
977 1292761 2292761 
978 2800133 3800133 
979 7064384 8064384 
980 7525272 8525272 
981 6260986 7260986 
982 3094651 4094651 
983 7316843 8316843 
984 1269068 2269068 
985 9163424 10163424 
986 8269831 9269831 
987 7733703 8733703 
988 9531044 10531044 
989 4261430 5261430 
990 6459605 7459605 
991 7691962 8691962 
992 9793187 10793187 
993 3375315 4375315 
994 2941044 3941044 
995 4324580 5324580 
996 1145072 2145072 
997 5731008 6731008 
998 7908637 8908637 
999 2679358 3679358 
1000 4991078 5991078 
