npieces: 5000
capacity: 24238334
1 7578 4748 
2 6659 1408 
3 892 5326 
4 9744 4239 
5 1150 7928 
6 1965 9982 
7 326 1993 
8 7704 6672 
9 6075 161 
10 1751 2814 
11 3347 496 
12 8335 9791 
13 951 2376 
14 3254 6832 
15 4643 7393 
16 2928 801 
17 7130 905 
18 4406 2492 
19 839 6341 
20 4758 8194 
21 3102 8313 
22 9091 5380 
23 1392 4032 
24 364 3883 
25 2893 4921 
26 8251 8788 
27 9220 3262 
28 7844 5500 
29 3606 5410 
30 925 5379 
31 9961 8918 
32 636 5600 
33 1288 4680 
34 3515 4465 
35 3080 4568 
36 7001 5453 
37 5669 4600 
38 5771 5833 
39 4027 1664 
40 2752 5427 
41 2816 1083 
42 2530 3246 
43 2398 8306 
44 5879 58 
45 751 9667 
46 9831 1743 
47 3217 3470 
48 473 4950 
49 2777 6731 
50 8374 1028 
51 4291 3835 
52 9071 7492 
53 2327 4025 
54 3337 5760 
55 8120 9901 
56 6822 3916 
57 4295 4957 
58 2128 6335 
59 5972 7328 
60 2559 7630 
61 4644 1553 
62 90 9143 
63 1038 3532 
64 890 5639 
65 7999 8328 
66 1657 9672 
67 9357 5889 
68 7130 6571 
69 1977 8352 
70 9138 4526 
71 3085 5290 
72 2659 2218 
73 4741 4146 
74 5146 891 
75 8235 9788 
76 910 4813 
77 7674 7743 
78 3753 6863 
79 372 2117 
80 900 2423 
81 9039 4914 
82 9690 1586 
83 7546 5279 
84 4798 9606 
85 2333 2722 
86 5225 9574 
87 8718 2572 
88 987 1008 
89 9552 9614 
90 2947 3319 
91 6438 5817 
92 2410 8889 
93 3142 1921 
94 3977 9356 
95 3096 5340 
96 6555 6713 
97 2461 173 
98 5116 4309 
99 2141 1224 
100 257 5384 
101 8153 7553 
102 1698 8780 
103 8063 3974 
104 7314 1412 
105 603 1605 
106 7567 1654 
107 7882 8107 
108 9477 2103 
109 2042 8187 
110 7181 9937 
111 8686 8423 
112 4434 6803 
113 4846 3917 
114 4500 8965 
115 3850 7617 
116 1477 5879 
117 959 739 
118 7601 1013 
119 7362 4733 
120 5627 9145 
121 9818 5020 
122 7539 3837 
123 2730 9064 
124 3235 123 
125 3772 7553 
126 2601 83 
127 681 1656 
128 1262 8616 
129 8772 5751 
130 1477 1319 
131 375 7438 
132 7375 901 
133 4548 2891 
134 123 500 
135 2478 9365 
136 1148 4562 
137 321 5941 
138 1122 4239 
139 4155 1522 
140 4586 984 
141 2830 4631 
142 5777 7909 
143 5678 4259 
144 5940 4219 
145 2020 8221 
146 6467 3758 
147 5157 4226 
148 2499 7799 
149 4573 2877 
150 4995 5758 
151 9685 1457 
152 7223 5157 
153 5364 2214 
154 5248 1088 
155 9265 142 
156 7836 2820 
157 4038 242 
158 5785 5771 
159 7872 8206 
160 4997 3697 
161 3443 2917 
162 8418 975 
163 3370 6210 
164 2229 6258 
165 381 1949 
166 1549 3142 
167 5643 9623 
168 5616 8548 
169 4022 7874 
170 6465 3221 
171 3711 6367 
172 9406 6658 
173 6454 4213 
174 4518 5290 
175 8019 59 
176 9656 6543 
177 2995 4162 
178 4998 1293 
179 8714 4786 
180 6921 5432 
181 935 735 
182 8974 9681 
183 933 8856 
184 1197 1444 
185 1837 7037 
186 9354 6785 
187 8969 3242 
188 980 5173 
189 2164 4916 
190 9835 3253 
191 7005 3598 
192 7936 2759 
193 330 376 
194 1044 8860 
195 2984 7413 
196 3042 9838 
197 4753 4008 
198 9928 402 
199 3575 7115 
200 5296 8281 
201 7404 7179 
202 9646 8441 
203 4116 19 
204 6786 8403 
205 7410 5475 
206 8877 5073 
207 7471 4924 
208 3088 2670 
209 2954 203 
210 9103 1489 
211 6457 7696 
212 8533 280 
213 1213 4667 
214 8065 349 
215 2468 7298 
216 4415 6775 
217 2023 4576 
218 4001 3232 
219 9460 5805 
220 8027 6350 
221 2246 230 
222 655 6289 
223 3712 9417 
224 5197 3608 
225 2009 5360 
226 8364 304 
227 1984 4343 
228 8934 8121 
229 6833 2795 
230 3981 3111 
231 2704 7153 
232 9483 9378 
233 6242 9953 
234 2600 3418 
235 2780 5709 
236 3333 2076 
237 1587 1649 
238 693 681 
239 8674 9289 
240 7211 9897 
241 313 137 
242 2845 8683 
243 8018 6365 
244 9496 7303 
245 1024 6638 
246 5758 5667 
247 4448 5534 
248 7643 5422 
249 9457 2768 
250 5686 6444 
251 1072 8727 
252 818 7215 
253 6668 73 
254 7651 3854 
255 2873 8399 
256 2509 6069 
257 48 6684 
258 7976 8424 
259 8051 5399 
260 8065 4165 
261 9645 5815 
262 4426 1637 
263 7208 219 
264 1058 6335 
265 4521 2067 
266 1983 3050 
267 9494 14 
268 1703 7980 
269 2375 3089 
270 237 6003 
271 9610 3200 
272 7593 671 
273 9744 5180 
274 81 7899 
275 3702 2505 
276 4883 8790 
277 4270 6715 
278 4949 3554 
279 507 7501 
280 4467 7080 
281 6476 6781 
282 8359 5462 
283 7567 5719 
284 6359 3591 
285 8615 1388 
286 8680 5693 
287 6424 4463 
288 7377 6013 
289 5503 3309 
290 8842 1207 
291 4911 2902 
292 1283 2272 
293 8422 6220 
294 9297 5422 
295 6302 7927 
296 2611 9727 
297 5231 6370 
298 6899 6550 
299 3537 6790 
300 6503 1540 
301 5808 6016 
302 263 5519 
303 8520 802 
304 7370 4849 
305 6240 3459 
306 9033 5552 
307 259 595 
308 4485 7253 
309 1417 5040 
310 3300 9707 
311 3204 1918 
312 7334 5942 
313 3302 790 
314 5798 2702 
315 8688 8990 
316 1708 9750 
317 3477 9393 
318 2127 7837 
319 6542 6362 
320 6567 3953 
321 6550 9218 
322 8737 5963 
323 5333 5652 
324 2092 8170 
325 7163 2073 
326 2865 5439 
327 690 4374 
328 7135 6211 
329 3973 8094 
330 9556 6849 
331 751 1892 
332 6520 291 
333 252 433 
334 7186 5212 
335 7133 3150 
336 1950 4623 
337 87 6767 
338 7911 5659 
339 2042 3948 
340 1886 1940 
341 7039 6493 
342 332 5454 
343 9579 914 
344 9236 9736 
345 6161 7836 
346 8529 9683 
347 6339 428 
348 15 3502 
349 7784 2629 
350 7318 5391 
351 1625 4944 
352 9921 1840 
353 6086 1100 
354 1549 7284 
355 6918 4160 
356 5773 1989 
357 9627 8287 
358 1962 8267 
359 8036 4871 
360 7735 3898 
361 6172 8342 
362 3058 73 
363 6111 9881 
364 3383 6378 
365 8909 6098 
366 6015 9115 
367 6567 53 
368 2053 2248 
369 6279 5391 
370 5897 8843 
371 7660 1812 
372 2686 6386 
373 1682 4500 
374 6494 42 
375 7488 5096 
376 637 621 
377 8059 7071 
378 8026 9206 
379 2616 5456 
380 2642 6909 
381 6079 1771 
382 4783 819 
383 9547 512 
384 7902 3483 
385 4958 1403 
386 6558 3331 
387 8673 7739 
388 7524 2958 
389 8664 4062 
390 5788 4832 
391 3940 875 
392 4730 1477 
393 1555 4027 
394 7406 286 
395 6274 6916 
396 9269 1721 
397 9442 4964 
398 7004 4748 
399 6984 934 
400 2944 7741 
401 8606 1284 
402 9649 2129 
403 248 6442 
404 3509 2159 
405 289 9266 
406 184 3968 
407 6628 3058 
408 273 6054 
409 614 5438 
410 2752 8310 
411 3216 6043 
412 9732 8739 
413 6138 2033 
414 3897 8553 
415 3571 4619 
416 878 5874 
417 445 5951 
418 4853 200 
419 7686 612 
420 8819 2328 
421 7265 9349 
422 3111 3727 
423 178 3249 
424 4487 8116 
425 8601 7772 
426 7350 801 
427 5734 7398 
428 3747 7744 
429 4651 8166 
430 1466 9598 
431 3551 6739 
432 7405 6542 
433 4542 2014 
434 5166 1533 
435 5006 3791 
436 2051 3645 
437 1420 1658 
438 5948 6736 
439 2229 1918 
440 256 3267 
441 7601 7562 
442 3235 5924 
443 4585 6380 
444 9685 530 
445 3209 2855 
446 500 7808 
447 1073 4657 
448 2961 7781 
449 2133 5303 
450 4896 851 
451 9412 5421 
452 9257 4481 
453 6886 3173 
454 8491 8007 
455 9263 4554 
456 5520 9814 
457 1792 8731 
458 7516 8034 
459 2141 1519 
460 8703 606 
461 5816 1097 
462 1194 1218 
463 7788 857 
464 2334 2682 
465 214 7516 
466 3408 5566 
467 8590 2402 
468 6152 5498 
469 1972 5962 
470 3321 121 
471 4132 5004 
472 4107 3843 
473 5772 5730 
474 8052 4944 
475 2805 420 
476 1429 5447 
477 8812 8495 
478 832 9016 
479 8581 4769 
480 8648 6547 
481 8693 7715 
482 2657 5891 
483 638 211 
484 2854 8026 
485 1272 157 
486 5769 3977 
487 5450 4950 
488 1028 5724 
489 1527 661 
490 6543 3697 
491 7925 4543 
492 667 8163 
493 8714 8573 
494 8795 9991 
495 7247 9083 
496 5298 4626 
497 4406 9519 
498 1287 8709 
499 2120 9572 
500 133 1014 
501 2807 995 
502 5903 5996 
503 3250 573 
504 8273 1783 
505 5767 9719 
506 4497 9817 
507 7970 5731 
508 7604 773 
509 4100 1287 
510 4621 4819 
511 4079 7676 
512 7537 4860 
513 6397 9620 
514 8054 7032 
515 6177 9177 
516 2666 1442 
517 2949 2430 
518 1647 5349 
519 3826 3605 
520 6820 6326 
521 5902 8221 
522 2271 5069 
523 2848 9828 
524 5798 3376 
525 671 3617 
526 5293 4702 
527 2328 5191 
528 249 1206 
529 8063 3767 
530 3571 9441 
531 4156 1125 
532 6632 5058 
533 710 228 
534 6622 4121 
535 4350 4961 
536 4689 9902 
537 9218 1305 
538 860 8688 
539 8546 3800 
540 8659 9402 
541 2239 3247 
542 8140 5614 
543 4815 5649 
544 910 8434 
545 2318 5002 
546 9617 3348 
547 6366 653 
548 7957 3290 
549 9823 8920 
550 2767 4666 
551 3145 70 
552 4734 627 
553 7862 6865 
554 6764 7127 
555 157 8177 
556 7552 4037 
557 2057 8918 
558 4992 7127 
559 4952 1774 
560 8611 4693 
561 111 323 
562 1236 9187 
563 1883 6692 
564 8419 6958 
565 8546 5534 
566 390 4495 
567 5160 5831 
568 6829 7961 
569 6077 503 
570 6083 1861 
571 276 4772 
572 3264 1447 
573 5487 2920 
574 4523 6844 
575 7782 513 
576 7453 9187 
577 7366 5813 
578 7345 2901 
579 4646 6847 
580 647 8738 
581 8900 4490 
582 4760 2937 
583 6734 217 
584 8739 5220 
585 3389 6369 
586 3318 5582 
587 2844 2548 
588 9033 9762 
589 2326 8379 
590 3140 2129 
591 3677 9407 
592 6816 4911 
593 8791 7620 
594 3307 8523 
595 7795 370 
596 165 8905 
597 4570 6433 
598 4840 4270 
599 8272 7152 
600 7732 760 
601 7193 3666 
602 2232 8471 
603 3304 2278 
604 4237 1211 
605 8451 7858 
606 2300 5547 
607 5698 4556 
608 9776 7455 
609 3079 6820 
610 950 3531 
611 8759 8256 
612 5249 1593 
613 118 4709 
614 1146 9234 
615 2561 5792 
616 2884 1544 
617 3189 3503 
618 3309 835 
619 9741 2062 
620 7889 8134 
621 9816 6753 
622 729 1373 
623 5961 4843 
624 5568 2374 
625 5656 5529 
626 7030 1593 
627 4470 7822 
628 3022 7973 
629 5229 6604 
630 4802 984 
631 4774 3324 
632 5174 3626 
633 4277 8842 
634 9498 1367 
635 9262 3648 
636 5369 6967 
637 1451 8829 
638 1182 1228 
639 2021 6945 
640 5606 2407 
641 2015 1496 
642 4544 9959 
643 979 8864 
644 4305 6304 
645 4724 4105 
646 8677 6740 
647 7858 2169 
648 1104 6768 
649 2700 7368 
650 434 950 
651 3600 3951 
652 4136 2578 
653 4078 5720 
654 3983 7947 
655 3211 113 
656 1908 5032 
657 4129 2995 
658 2487 4140 
659 9427 7002 
660 5518 799 
661 893 9424 
662 8518 7643 
663 8922 5162 
664 2340 9632 
665 3488 9342 
666 2249 7364 
667 4679 207 
668 7283 2459 
669 5735 1288 
670 5121 9646 
671 8750 5521 
672 3423 4315 
673 9072 1392 
674 351 6393 
675 8425 495 
676 6633 4518 
677 8094 4517 
678 4537 9584 
679 2770 676 
680 8758 7340 
681 5604 5663 
682 1267 5670 
683 7253 2086 
684 6879 6677 
685 200 2639 
686 5575 5546 
687 4051 6195 
688 4891 533 
689 865 226 
690 3645 1508 
691 9017 4243 
692 8069 2026 
693 9530 892 
694 9346 8727 
695 7245 9371 
696 6700 4073 
697 8988 9983 
698 9637 7599 
699 5425 9318 
700 9741 5798 
701 5831 2355 
702 8981 8338 
703 7853 3275 
704 9947 8554 
705 1817 205 
706 1572 8161 
707 9705 4428 
708 2696 5261 
709 7236 2474 
710 8918 9765 
711 5855 2642 
712 6968 2635 
713 7420 82 
714 3090 4868 
715 4333 1700 
716 5716 224 
717 4854 215 
718 399 3035 
719 7553 286 
720 8532 3039 
721 4250 7205 
722 1144 2147 
723 522 4108 
724 3940 8099 
725 610 3346 
726 3800 9805 
727 1261 9998 
728 2511 1750 
729 7400 5180 
730 6990 6904 
731 5598 8259 
732 6615 5497 
733 7531 5055 
734 8010 3048 
735 2658 2784 
736 3130 6998 
737 4570 9567 
738 5213 8846 
739 8819 279 
740 7373 6962 
741 2726 9367 
742 5805 4052 
743 1451 835 
744 3269 3982 
745 2724 2514 
746 6270 8847 
747 903 1496 
748 1177 9955 
749 553 8960 
750 6857 989 
751 2789 8597 
752 2017 8115 
753 1227 5005 
754 8824 9318 
755 5158 1891 
756 985 4701 
757 5206 6559 
758 2375 8061 
759 5836 4324 
760 6926 2327 
761 8724 7959 
762 8245 446 
763 7308 5383 
764 1775 243 
765 2067 8876 
766 9984 7775 
767 157 8160 
768 9581 188 
769 7859 9397 
770 8540 5633 
771 6327 2146 
772 811 6760 
773 741 7005 
774 7372 8141 
775 8757 3574 
776 4126 5541 
777 2332 510 
778 263 6856 
779 8946 1139 
780 3357 9181 
781 8111 4089 
782 7156 785 
783 1183 4502 
784 4465 8676 
785 3973 9770 
786 1037 3600 
787 5643 696 
788 9846 5206 
789 2535 3286 
790 9407 7383 
791 5481 8845 
792 7016 380 
793 8032 9869 
794 1048 4114 
795 9629 9473 
796 4134 8645 
797 4032 8538 
798 3672 8568 
799 9758 490 
800 6674 3262 
801 7028 6464 
802 3728 2729 
803 2373 251 
804 7599 5165 
805 5871 5020 
806 2133 1727 
807 1964 7869 
808 4705 687 
809 3285 4359 
810 5117 1919 
811 3472 1541 
812 6880 351 
813 842 8867 
814 5824 3783 
815 8831 5858 
816 7908 2640 
817 8550 7611 
818 1000 63 
819 90 2125 
820 345 8047 
821 4707 7589 
822 4785 7066 
823 6292 6041 
824 2301 8932 
825 2669 7233 
826 8185 1092 
827 1152 9074 
828 4413 5295 
829 2912 1912 
830 1040 7154 
831 1878 4192 
832 5451 7244 
833 5278 9263 
834 7081 4887 
835 6974 5266 
836 266 1777 
837 2278 7427 
838 5623 5435 
839 9282 1829 
840 1327 4589 
841 9613 9789 
842 8352 2931 
843 2288 4173 
844 8658 3801 
845 6136 7917 
846 3725 8718 
847 7030 6872 
848 5642 5160 
849 9759 7713 
850 7223 4484 
851 1396 5168 
852 9620 9703 
853 8620 4092 
854 8331 5079 
855 5021 2182 
856 7245 9439 
857 2249 9232 
858 6390 6771 
859 2517 2729 
860 1058 9632 
861 5541 7783 
862 8490 9263 
863 5811 9807 
864 2663 9494 
865 8687 9347 
866 1863 890 
867 3920 3545 
868 7580 6374 
869 5625 5379 
870 6722 6769 
871 9478 4096 
872 361 654 
873 5094 8751 
874 8288 3205 
875 2226 4940 
876 8323 250 
877 9723 7800 
878 9211 823 
879 8178 4409 
880 7028 2699 
881 5265 5403 
882 9100 3166 
883 2007 2369 
884 9398 5776 
885 4417 9901 
886 4286 8589 
887 132 519 
888 6424 5390 
889 5798 4221 
890 5953 2688 
891 7148 7432 
892 8839 7481 
893 3918 3830 
894 5348 7372 
895 1095 8537 
896 1030 6827 
897 8377 9788 
898 4746 7956 
899 8301 4205 
900 1750 7257 
901 9576 140 
902 4758 7920 
903 6377 782 
904 6141 2227 
905 5838 3006 
906 3694 4389 
907 4391 7201 
908 6867 4211 
909 5298 3092 
910 5850 98 
911 8133 9925 
912 2256 730 
913 4971 4378 
914 8805 1918 
915 3381 9601 
916 543 3911 
917 8258 5669 
918 7515 2701 
919 9049 1722 
920 3438 6817 
921 9923 1398 
922 2169 4074 
923 2901 7036 
924 4827 7146 
925 5019 6214 
926 6928 4508 
927 721 9566 
928 4872 492 
929 5467 5625 
930 466 9746 
931 3172 9841 
932 8423 4173 
933 6979 8605 
934 3059 5433 
935 8041 3199 
936 5341 8972 
937 279 5786 
938 3400 7650 
939 4909 9229 
940 1603 5475 
941 7085 4193 
942 8107 494 
943 5822 1243 
944 4384 7749 
945 3324 9710 
946 4116 4052 
947 5277 1344 
948 7568 350 
949 5311 2055 
950 7921 1863 
951 8204 784 
952 5199 9368 
953 8719 5292 
954 3246 5618 
955 3681 8888 
956 4222 1010 
957 9500 6551 
958 3085 573 
959 7153 6414 
960 3949 2056 
961 1412 1451 
962 4688 6247 
963 3493 4483 
964 7598 4016 
965 5354 1623 
966 4233 4299 
967 2279 9202 
968 1176 4984 
969 880 850 
970 8720 7661 
971 245 6352 
972 6625 4347 
973 3052 2525 
974 9004 6364 
975 5533 7132 
976 4978 9387 
977 4166 2838 
978 4968 3887 
979 1503 4989 
980 9591 1973 
981 2584 7201 
982 7664 426 
983 8590 8345 
984 780 2402 
985 1884 3855 
986 5345 2728 
987 3854 6762 
988 9920 7922 
989 2385 744 
990 2155 1615 
991 2775 8792 
992 7397 5616 
993 9382 7202 
994 9538 6305 
995 5440 8836 
996 4509 6387 
997 8957 4169 
998 136 4039 
999 5764 984 
1000 7838 6056 
1001 5945 5975 
1002 8533 9254 
1003 9648 233 
1004 1487 6843 
1005 2000 6523 
1006 3167 5227 
1007 4706 2791 
1008 8920 605 
1009 4857 995 
1010 1617 7520 
1011 7515 649 
1012 5733 2780 
1013 8205 4068 
1014 8216 9527 
1015 3038 5764 
1016 4819 7184 
1017 4682 174 
1018 7712 875 
1019 4398 259 
1020 2049 7561 
1021 1835 7658 
1022 6747 6228 
1023 4083 8077 
1024 1152 5508 
1025 3713 7693 
1026 3706 2977 
1027 5813 4659 
1028 6947 4773 
1029 1629 4548 
1030 737 7325 
1031 5007 1888 
1032 6527 5964 
1033 2210 7480 
1034 6231 4988 
1035 525 7305 
1036 652 6210 
1037 3191 1353 
1038 9011 6988 
1039 2637 2605 
1040 2817 3386 
1041 8355 3892 
1042 6671 7207 
1043 5154 5524 
1044 3307 5058 
1045 3375 6095 
1046 9401 2173 
1047 3595 4625 
1048 9142 5041 
1049 583 1449 
1050 493 4092 
1051 4544 9570 
1052 2066 8296 
1053 2472 9773 
1054 6795 7449 
1055 3957 988 
1056 1823 3987 
1057 2979 1997 
1058 8038 5190 
1059 6820 881 
1060 2433 1223 
1061 9736 4504 
1062 2259 6940 
1063 4600 5083 
1064 9820 9203 
1065 2123 1894 
1066 2982 3631 
1067 956 9056 
1068 1288 3601 
1069 7027 6728 
1070 1720 4879 
1071 8207 158 
1072 2445 2643 
1073 117 4155 
1074 9667 6659 
1075 9362 3645 
1076 5976 2280 
1077 764 6355 
1078 163 5597 
1079 2391 7282 
1080 6100 902 
1081 2116 8066 
1082 2630 8026 
1083 4340 1160 
1084 6817 5135 
1085 5162 2864 
1086 3533 993 
1087 382 4998 
1088 4177 7118 
1089 6813 2913 
1090 9224 3025 
1091 4606 8862 
1092 1013 4761 
1093 9552 4836 
1094 9757 4469 
1095 5423 2201 
1096 4115 2750 
1097 5557 6769 
1098 2850 497 
1099 7709 1341 
1100 2787 6007 
1101 7442 2104 
1102 1854 5555 
1103 7702 5513 
1104 2989 4792 
1105 5647 1237 
1106 9979 8197 
1107 5692 5717 
1108 4716 7501 
1109 7350 448 
1110 7542 7223 
1111 5425 1829 
1112 2013 4223 
1113 5330 5207 
1114 2317 5671 
1115 8122 2596 
1116 4464 7645 
1117 6624 5652 
1118 8959 858 
1119 1484 5723 
1120 485 629 
1121 4448 4651 
1122 1807 1202 
1123 1265 2217 
1124 9792 6122 
1125 7427 1929 
1126 4257 3543 
1127 4708 7481 
1128 5830 9676 
1129 670 7000 
1130 1531 4096 
1131 3280 8257 
1132 6253 9573 
1133 9814 6312 
1134 7445 105 
1135 5316 7055 
1136 3839 4536 
1137 34 7333 
1138 9577 2572 
1139 609 684 
1140 9559 9842 
1141 7340 309 
1142 9267 6138 
1143 8906 3530 
1144 577 5291 
1145 703 8344 
1146 7665 5888 
1147 658 55 
1148 3070 4195 
1149 4682 1304 
1150 9747 1141 
1151 7841 4154 
1152 2541 7623 
1153 1466 4936 
1154 9100 4424 
1155 4255 2019 
1156 3779 2459 
1157 8179 2359 
1158 1742 2243 
1159 9719 7292 
1160 4723 9087 
1161 4744 9228 
1162 6946 6412 
1163 1269 5164 
1164 8678 7595 
1165 6126 6344 
1166 2541 4081 
1167 7256 8832 
1168 8772 8916 
1169 2861 9465 
1170 460 649 
1171 4464 97 
1172 4137 2951 
1173 4126 6099 
1174 4552 7239 
1175 6624 4323 
1176 2592 683 
1177 3901 9382 
1178 9922 7320 
1179 6092 385 
1180 2939 3585 
1181 7000 4445 
1182 1240 2529 
1183 7580 5748 
1184 936 6261 
1185 7469 4523 
1186 7021 4452 
1187 9415 8443 
1188 476 1195 
1189 2495 8541 
1190 5765 3577 
1191 2344 9746 
1192 1916 1556 
1193 5922 3628 
1194 7909 3271 
1195 652 9789 
1196 9663 8361 
1197 7402 7050 
1198 8423 1274 
1199 1362 2331 
1200 5277 6860 
1201 8624 6274 
1202 2883 2348 
1203 3625 6101 
1204 9378 3307 
1205 5036 1833 
1206 4871 7230 
1207 9060 9709 
1208 8491 3150 
1209 8507 321 
1210 432 4141 
1211 6857 434 
1212 2439 6518 
1213 9914 5299 
1214 5070 527 
1215 2269 9608 
1216 790 8350 
1217 1944 2066 
1218 6835 4565 
1219 9369 7794 
1220 7149 7499 
1221 1608 9756 
1222 964 1465 
1223 5544 9690 
1224 8688 1838 
1225 460 5545 
1226 4790 9135 
1227 5686 6132 
1228 6470 7678 
1229 3402 796 
1230 321 1925 
1231 7634 1057 
1232 8441 6815 
1233 7115 175 
1234 5568 6500 
1235 1628 9383 
1236 7042 3215 
1237 4166 6393 
1238 1167 7886 
1239 4343 4683 
1240 7184 7142 
1241 3193 8521 
1242 3915 7328 
1243 3495 9177 
1244 1218 5411 
1245 4528 1225 
1246 6741 3775 
1247 196 5751 
1248 2856 6147 
1249 5515 861 
1250 815 7516 
1251 2965 9624 
1252 8053 1723 
1253 6652 1379 
1254 9260 5874 
1255 1525 8261 
1256 5375 4234 
1257 2646 2755 
1258 9060 4708 
1259 2001 2931 
1260 813 9482 
1261 1471 8046 
1262 4109 6433 
1263 1432 6961 
1264 9271 4478 
1265 3774 433 
1266 1154 4322 
1267 2185 8984 
1268 5242 9987 
1269 2605 4624 
1270 7264 9288 
1271 7415 555 
1272 5825 9568 
1273 8039 301 
1274 5364 352 
1275 8104 9686 
1276 7036 1336 
1277 890 1872 
1278 8717 5856 
1279 8673 9633 
1280 6476 2772 
1281 4934 6493 
1282 447 4521 
1283 1851 2876 
1284 7172 5051 
1285 2332 4083 
1286 734 2388 
1287 2721 5234 
1288 9289 4427 
1289 4688 7162 
1290 2127 4503 
1291 1983 200 
1292 3843 1951 
1293 2519 7090 
1294 3898 4575 
1295 7588 8604 
1296 2297 489 
1297 3785 1735 
1298 7290 7445 
1299 7696 5720 
1300 5688 4406 
1301 6735 9233 
1302 9850 2203 
1303 5526 5406 
1304 477 9855 
1305 821 7213 
1306 3385 1326 
1307 3275 379 
1308 7973 9300 
1309 4153 647 
1310 2535 9091 
1311 8196 3126 
1312 5220 6240 
1313 9801 7154 
1314 8389 6923 
1315 7148 9295 
1316 5514 9706 
1317 8105 2188 
1318 3401 1873 
1319 4619 8514 
1320 1791 1263 
1321 3994 3757 
1322 7655 2616 
1323 6335 4115 
1324 2056 8171 
1325 2644 5493 
1326 1496 95 
1327 8262 4818 
1328 4767 1743 
1329 3308 2738 
1330 4854 6862 
1331 2194 6518 
1332 910 9977 
1333 5694 2762 
1334 1949 440 
1335 8275 4627 
1336 4996 4417 
1337 1507 4987 
1338 1628 7001 
1339 2768 6102 
1340 4734 8775 
1341 1515 5344 
1342 7361 6407 
1343 9278 1813 
1344 2606 6296 
1345 3845 7708 
1346 7680 5123 
1347 2438 7745 
1348 3784 6424 
1349 5553 1981 
1350 2268 1863 
1351 2083 5605 
1352 4383 3927 
1353 2181 620 
1354 332 4822 
1355 2097 790 
1356 1404 4894 
1357 1876 9770 
1358 4887 7152 
1359 4287 5634 
1360 2423 7264 
1361 808 4578 
1362 7224 7373 
1363 3437 3315 
1364 6155 6731 
1365 5144 6843 
1366 7306 5871 
1367 4926 4955 
1368 5286 5702 
1369 370 3509 
1370 6651 2962 
1371 4167 3911 
1372 2918 4451 
1373 6434 6840 
1374 1229 6830 
1375 8429 5902 
1376 6860 2028 
1377 6296 890 
1378 7280 5713 
1379 5915 5921 
1380 4204 4598 
1381 8566 9063 
1382 5529 8054 
1383 7657 1274 
1384 315 3795 
1385 7695 1464 
1386 8254 9826 
1387 2517 3918 
1388 3135 6921 
1389 2089 5135 
1390 4919 6739 
1391 7550 5069 
1392 7826 4990 
1393 2939 1239 
1394 1262 1874 
1395 6867 2862 
1396 191 4189 
1397 3855 6822 
1398 5807 1791 
1399 7223 6838 
1400 4595 9440 
1401 9713 7595 
1402 7528 393 
1403 9488 2335 
1404 1612 470 
1405 1165 2498 
1406 5882 8357 
1407 1411 8402 
1408 2925 5115 
1409 3108 9549 
1410 5813 9524 
1411 6009 6368 
1412 6904 9812 
1413 8071 7674 
1414 3551 2111 
1415 1597 9906 
1416 2497 8018 
1417 1242 5569 
1418 1630 3180 
1419 4059 3086 
1420 7025 7676 
1421 8514 1461 
1422 1145 5896 
1423 3218 5635 
1424 7009 6759 
1425 7575 1776 
1426 5578 2220 
1427 8579 5561 
1428 9034 9695 
1429 1058 6472 
1430 8750 4233 
1431 287 3939 
1432 2299 6445 
1433 8399 6910 
1434 5538 9982 
1435 2363 8030 
1436 2082 2880 
1437 908 3980 
1438 776 5279 
1439 1855 3393 
1440 6337 8326 
1441 9208 612 
1442 3520 5053 
1443 9954 7309 
1444 8970 8514 
1445 5796 5269 
1446 5134 8498 
1447 9168 3229 
1448 7875 3076 
1449 1173 2279 
1450 5226 9411 
1451 2692 9588 
1452 7283 9878 
1453 9471 7563 
1454 3035 9598 
1455 5837 2947 
1456 3266 2331 
1457 2459 621 
1458 1579 3579 
1459 7452 4385 
1460 2220 5904 
1461 2145 6340 
1462 3253 4445 
1463 4548 6387 
1464 7374 3453 
1465 1758 5854 
1466 185 7680 
1467 6009 2404 
1468 9943 7586 
1469 3583 582 
1470 695 7338 
1471 8225 5083 
1472 1656 3292 
1473 9780 7264 
1474 3231 6571 
1475 2181 8729 
1476 5364 2783 
1477 3533 6377 
1478 9143 5998 
1479 7088 2602 
1480 9872 9371 
1481 9792 9929 
1482 7956 1416 
1483 2718 3857 
1484 3827 8888 
1485 8768 3570 
1486 8463 5318 
1487 8782 3006 
1488 4695 8908 
1489 8295 5280 
1490 7201 3345 
1491 9008 7433 
1492 6470 4593 
1493 5148 3800 
1494 6774 2970 
1495 2120 3045 
1496 9005 3105 
1497 6989 6251 
1498 5182 1375 
1499 6696 3616 
1500 267 972 
1501 4982 8882 
1502 6039 6166 
1503 9673 9663 
1504 1682 8126 
1505 7048 5681 
1506 500 9375 
1507 9170 4900 
1508 3445 5068 
1509 6963 6293 
1510 4472 3668 
1511 9007 3161 
1512 9992 9301 
1513 5979 5816 
1514 6203 1706 
1515 5707 3924 
1516 9203 6146 
1517 7254 3386 
1518 2275 9567 
1519 7589 6739 
1520 751 5207 
1521 6395 7511 
1522 5196 3787 
1523 9359 8543 
1524 6614 9618 
1525 6372 7813 
1526 512 4769 
1527 8665 1994 
1528 934 1193 
1529 4892 820 
1530 9935 1181 
1531 3546 4210 
1532 1583 2382 
1533 7538 2478 
1534 3208 3573 
1535 8471 4430 
1536 544 7020 
1537 8788 9030 
1538 7341 5129 
1539 617 8765 
1540 5709 3832 
1541 2148 6762 
1542 3507 4996 
1543 3771 9692 
1544 5739 1794 
1545 7910 595 
1546 6175 8091 
1547 1274 1150 
1548 5330 9747 
1549 1631 4290 
1550 6601 3338 
1551 7715 995 
1552 4314 8223 
1553 4535 3794 
1554 8684 908 
1555 2775 6259 
1556 9198 7954 
1557 3287 5402 
1558 8451 3362 
1559 7129 5570 
1560 8491 3876 
1561 747 4986 
1562 8302 5224 
1563 4766 3052 
1564 3617 6567 
1565 5537 2522 
1566 362 9796 
1567 395 519 
1568 144 2389 
1569 1528 6032 
1570 6892 6232 
1571 8811 8053 
1572 9788 2820 
1573 3889 6904 
1574 2022 6621 
1575 2726 6241 
1576 1338 4099 
1577 3857 2779 
1578 5408 4984 
1579 8650 8623 
1580 9408 8764 
1581 5949 4875 
1582 5712 5879 
1583 2262 318 
1584 9128 5474 
1585 7371 8338 
1586 2209 6210 
1587 8281 871 
1588 6988 4482 
1589 1047 1752 
1590 8128 6828 
1591 5895 780 
1592 7467 6755 
1593 4219 4876 
1594 7305 1760 
1595 1972 1132 
1596 8658 4344 
1597 8421 4695 
1598 8686 5382 
1599 8982 3851 
1600 6836 5354 
1601 3588 5838 
1602 5328 5693 
1603 5270 4188 
1604 4770 5824 
1605 5931 1662 
1606 9059 5264 
1607 7919 2057 
1608 1123 7192 
1609 2141 3200 
1610 590 916 
1611 2941 5062 
1612 4381 237 
1613 5886 116 
1614 40 197 
1615 3455 5171 
1616 8281 881 
1617 5880 775 
1618 7228 6430 
1619 2694 6009 
1620 7234 3089 
1621 3555 3103 
1622 5957 8367 
1623 7987 8057 
1624 4726 7558 
1625 8410 3659 
1626 5010 2198 
1627 3660 4514 
1628 7475 4160 
1629 3229 741 
1630 6323 1257 
1631 5030 9690 
1632 2523 1594 
1633 9161 7473 
1634 7401 3320 
1635 1948 3873 
1636 320 475 
1637 1953 4557 
1638 4057 29 
1639 406 3843 
1640 9256 6689 
1641 8344 1201 
1642 9001 3421 
1643 4867 8692 
1644 3017 8021 
1645 2068 7486 
1646 8273 421 
1647 2191 7427 
1648 9821 4251 
1649 9596 1937 
1650 2283 7135 
1651 6332 2105 
1652 8815 4096 
1653 2746 558 
1654 7124 8589 
1655 1997 2553 
1656 796 6092 
1657 1594 6902 
1658 6472 5034 
1659 3238 4543 
1660 7907 6336 
1661 5256 4435 
1662 7816 670 
1663 4445 4467 
1664 6677 1767 
1665 7766 8425 
1666 8423 3768 
1667 2396 9829 
1668 4820 8486 
1669 1251 8773 
1670 9496 3859 
1671 4748 6224 
1672 471 8189 
1673 6148 2815 
1674 9106 6611 
1675 8842 8376 
1676 2900 7957 
1677 6174 201 
1678 3196 9127 
1679 4037 3118 
1680 5173 3569 
1681 1529 5135 
1682 4912 2518 
1683 589 8872 
1684 6915 831 
1685 4190 1030 
1686 2731 5188 
1687 2165 123 
1688 5005 6054 
1689 8090 4255 
1690 8027 7996 
1691 2434 8147 
1692 8962 7399 
1693 6792 2242 
1694 1759 6500 
1695 4154 9463 
1696 7506 6478 
1697 1914 8613 
1698 3386 1854 
1699 7493 4199 
1700 6320 3968 
1701 6145 1861 
1702 6208 3203 
1703 79 5951 
1704 7970 7308 
1705 3664 3369 
1706 7463 2359 
1707 5491 1204 
1708 2335 2188 
1709 2428 1508 
1710 5607 1114 
1711 609 1507 
1712 4815 8067 
1713 2222 4705 
1714 810 7043 
1715 5464 1526 
1716 1055 7117 
1717 3598 1110 
1718 572 8004 
1719 3836 8688 
1720 1658 5860 
1721 873 1219 
1722 475 3803 
1723 1153 7166 
1724 3120 9799 
1725 541 4754 
1726 2871 4076 
1727 829 1749 
1728 8498 4882 
1729 2983 9862 
1730 771 7833 
1731 9385 3816 
1732 5203 4554 
1733 8539 3118 
1734 6898 8460 
1735 9136 4065 
1736 5048 7792 
1737 555 1009 
1738 7498 633 
1739 6015 853 
1740 9864 1563 
1741 8238 3408 
1742 4692 4319 
1743 99 611 
1744 1229 5984 
1745 5547 9113 
1746 2153 3541 
1747 5309 498 
1748 1585 7435 
1749 8843 4432 
1750 8694 2287 
1751 6304 1448 
1752 1585 3221 
1753 4281 9013 
1754 5192 2247 
1755 945 7647 
1756 6717 2525 
1757 5589 2818 
1758 1472 7606 
1759 8630 4159 
1760 7765 3233 
1761 2460 4396 
1762 8080 1834 
1763 1735 5432 
1764 3309 724 
1765 4561 5519 
1766 572 63 
1767 208 5574 
1768 8457 1479 
1769 1736 5716 
1770 9994 9801 
1771 3820 9710 
1772 9297 6370 
1773 2100 1821 
1774 2001 8117 
1775 4123 5389 
1776 6398 6761 
1777 4592 7669 
1778 9533 3037 
1779 892 9486 
1780 6842 5289 
1781 7347 881 
1782 9753 1922 
1783 1859 7362 
1784 148 9561 
1785 3978 5459 
1786 2787 9666 
1787 1156 6534 
1788 7721 4540 
1789 3601 9859 
1790 5627 2113 
1791 5157 5346 
1792 7355 1787 
1793 6937 726 
1794 5587 7313 
1795 4544 2807 
1796 5726 8621 
1797 1188 6809 
1798 3296 4396 
1799 814 5326 
1800 7269 6481 
1801 9012 1013 
1802 1927 7846 
1803 1660 2701 
1804 7401 5968 
1805 4175 8074 
1806 8112 4301 
1807 2777 3202 
1808 5634 3325 
1809 221 869 
1810 6566 5483 
1811 4261 1575 
1812 2283 7078 
1813 7223 4028 
1814 6405 9120 
1815 7748 1598 
1816 2370 1010 
1817 4058 8430 
1818 7386 8250 
1819 1513 8197 
1820 7941 3570 
1821 2962 5237 
1822 4198 3454 
1823 6554 9825 
1824 8885 2354 
1825 4831 325 
1826 7339 6365 
1827 4466 2819 
1828 4438 6742 
1829 1762 6908 
1830 6332 7106 
1831 4058 6680 
1832 3597 4383 
1833 1072 9394 
1834 5137 849 
1835 4142 1234 
1836 9808 4998 
1837 3309 7656 
1838 8432 2615 
1839 1549 8418 
1840 7849 8813 
1841 546 9882 
1842 7301 2350 
1843 6281 6287 
1844 9587 7699 
1845 5544 3103 
1846 8426 5815 
1847 7987 5134 
1848 58 3694 
1849 4378 2213 
1850 7119 7343 
1851 6448 5642 
1852 9919 2176 
1853 5846 279 
1854 4467 5724 
1855 694 7018 
1856 5618 7012 
1857 8604 745 
1858 376 9599 
1859 6862 8975 
1860 4645 3279 
1861 3501 7991 
1862 3186 850 
1863 6019 148 
1864 4095 9297 
1865 3436 3019 
1866 8744 5081 
1867 2098 5214 
1868 1478 2131 
1869 9440 8118 
1870 6273 9906 
1871 5368 8748 
1872 3907 3385 
1873 8608 2356 
1874 3592 3782 
1875 1430 6710 
1876 4786 2591 
1877 7653 6714 
1878 8984 5992 
1879 8912 672 
1880 9710 5614 
1881 6779 3721 
1882 5632 8226 
1883 3161 4405 
1884 2729 1205 
1885 5135 6170 
1886 6064 4045 
1887 9511 4061 
1888 865 2081 
1889 3314 4113 
1890 266 5031 
1891 645 2041 
1892 3884 2743 
1893 372 8315 
1894 9569 4076 
1895 1228 7540 
1896 9805 5127 
1897 7433 9218 
1898 4236 5551 
1899 5160 5153 
1900 779 5273 
1901 8791 6005 
1902 2243 2079 
1903 1929 4385 
1904 1424 4656 
1905 21 9138 
1906 689 1125 
1907 4462 6476 
1908 5544 5163 
1909 4558 3007 
1910 9936 5394 
1911 1867 5828 
1912 9566 9297 
1913 7755 5146 
1914 8991 6291 
1915 4116 9111 
1916 7985 386 
1917 5068 861 
1918 1359 958 
1919 4959 1276 
1920 3652 3130 
1921 5247 3021 
1922 2145 4372 
1923 9446 7138 
1924 1113 7967 
1925 2295 5064 
1926 7801 591 
1927 9042 6070 
1928 4069 9152 
1929 2918 6645 
1930 2414 6275 
1931 7008 9659 
1932 7183 8613 
1933 1746 4693 
1934 87 9534 
1935 4863 4401 
1936 8593 803 
1937 8835 8261 
1938 4542 9545 
1939 7968 2368 
1940 9349 7015 
1941 3123 7083 
1942 9921 6486 
1943 2468 8172 
1944 2984 9960 
1945 9340 7527 
1946 1723 7650 
1947 5985 3776 
1948 1113 775 
1949 1869 8785 
1950 1215 3874 
1951 9517 1252 
1952 7994 9951 
1953 405 847 
1954 8077 9159 
1955 4641 1738 
1956 8478 5719 
1957 9030 8109 
1958 2122 8284 
1959 3782 5146 
1960 7721 3820 
1961 5426 9780 
1962 3004 8756 
1963 2475 4779 
1964 819 5066 
1965 1633 8677 
1966 6955 8238 
1967 9708 2171 
1968 804 114 
1969 7001 8077 
1970 161 9683 
1971 9916 4067 
1972 1673 4482 
1973 3524 2049 
1974 1482 932 
1975 7820 7525 
1976 8269 9986 
1977 9005 6049 
1978 8244 3134 
1979 8561 7487 
1980 7296 6355 
1981 7042 6886 
1982 8960 2343 
1983 7617 6152 
1984 2275 560 
1985 1315 3925 
1986 6271 5215 
1987 4693 9040 
1988 458 2414 
1989 3905 8331 
1990 9509 3346 
1991 8345 545 
1992 1656 8509 
1993 719 7040 
1994 728 8675 
1995 2855 1554 
1996 6581 9606 
1997 9012 4998 
1998 4721 1584 
1999 1727 5488 
2000 6299 6860 
2001 8407 4825 
2002 2633 3858 
2003 4802 3044 
2004 5988 6093 
2005 2081 15 
2006 989 2731 
2007 2065 1890 
2008 8334 6208 
2009 5070 7319 
2010 4379 1319 
2011 7282 7350 
2012 2806 8311 
2013 1707 1563 
2014 8914 1789 
2015 683 9558 
2016 3056 6236 
2017 6521 1935 
2018 6613 5198 
2019 7301 1444 
2020 3805 6021 
2021 1288 6849 
2022 9512 5282 
2023 1561 7611 
2024 8306 4081 
2025 108 7913 
2026 385 6191 
2027 9302 2591 
2028 7271 2713 
2029 1339 5704 
2030 4775 7747 
2031 4520 9215 
2032 6373 3490 
2033 3821 7594 
2034 9878 6839 
2035 8546 5076 
2036 5511 8232 
2037 538 5910 
2038 3929 7932 
2039 1909 3329 
2040 585 2562 
2041 8431 8250 
2042 606 1519 
2043 4918 5170 
2044 2780 210 
2045 7129 7473 
2046 4885 8150 
2047 5787 9247 
2048 5327 7347 
2049 6391 4607 
2050 2657 2993 
2051 2318 344 
2052 3927 1835 
2053 3083 8816 
2054 1493 5660 
2055 936 3479 
2056 631 4584 
2057 9530 190 
2058 5559 3513 
2059 3606 499 
2060 5880 8245 
2061 6375 9338 
2062 1167 664 
2063 616 5337 
2064 4738 2916 
2065 9451 5952 
2066 7384 7521 
2067 6876 963 
2068 576 4418 
2069 6256 1253 
2070 5710 8774 
2071 4807 8547 
2072 2064 8247 
2073 7088 5162 
2074 8111 3219 
2075 7676 1286 
2076 6128 3157 
2077 3578 9000 
2078 7818 2480 
2079 754 1682 
2080 850 7383 
2081 4429 6626 
2082 9794 6331 
2083 3025 3178 
2084 4888 8913 
2085 5323 9880 
2086 4394 3183 
2087 5477 4935 
2088 4472 8228 
2089 1287 7984 
2090 7418 3377 
2091 8009 8174 
2092 552 456 
2093 6374 6045 
2094 4520 9215 
2095 4605 1214 
2096 1314 6177 
2097 3713 7546 
2098 1024 4225 
2099 4753 4512 
2100 321 1852 
2101 8721 7901 
2102 9724 8746 
2103 2663 1063 
2104 1026 6800 
2105 2402 2726 
2106 7500 4550 
2107 595 7535 
2108 1492 5632 
2109 928 9935 
2110 8815 7419 
2111 990 7552 
2112 8471 7078 
2113 5852 763 
2114 7303 1114 
2115 879 5050 
2116 9376 6727 
2117 4599 856 
2118 2153 9676 
2119 3904 7864 
2120 2067 4546 
2121 9412 8079 
2122 5242 9382 
2123 5918 4463 
2124 9639 8290 
2125 2378 1825 
2126 2402 23 
2127 9208 4973 
2128 3413 5609 
2129 6672 8505 
2130 6188 3607 
2131 223 6844 
2132 9177 8869 
2133 2383 3646 
2134 6324 9496 
2135 3733 3614 
2136 7679 1485 
2137 851 2063 
2138 5735 8950 
2139 894 5744 
2140 3158 4930 
2141 7450 7719 
2142 6726 2680 
2143 5473 3625 
2144 3344 9328 
2145 722 6360 
2146 9298 3150 
2147 4950 7609 
2148 4175 8012 
2149 3774 7905 
2150 7185 626 
2151 121 5996 
2152 826 4373 
2153 1474 3418 
2154 6103 9001 
2155 4485 1687 
2156 3893 5988 
2157 4818 9109 
2158 5070 1169 
2159 2938 9239 
2160 2300 686 
2161 518 6508 
2162 8910 6019 
2163 9320 9847 
2164 6728 4254 
2165 5113 8727 
2166 5412 5007 
2167 9905 9448 
2168 9351 2541 
2169 4005 6101 
2170 7615 6404 
2171 6938 631 
2172 8712 7884 
2173 9527 1295 
2174 2174 4279 
2175 8105 2684 
2176 828 3254 
2177 3409 4282 
2178 8467 1608 
2179 4856 8839 
2180 8310 5361 
2181 3890 5379 
2182 5730 2051 
2183 5136 1363 
2184 427 5307 
2185 2111 3042 
2186 9922 7498 
2187 6207 1365 
2188 9699 4734 
2189 2334 9193 
2190 1306 461 
2191 7986 2940 
2192 7957 3006 
2193 5301 4772 
2194 5877 6244 
2195 1738 3248 
2196 5086 9223 
2197 975 2313 
2198 4542 3040 
2199 5835 8308 
2200 4810 1697 
2201 1158 9495 
2202 3588 991 
2203 6248 6469 
2204 1369 3310 
2205 2281 7176 
2206 6966 8199 
2207 120 2746 
2208 363 2824 
2209 2952 4528 
2210 1672 7976 
2211 2020 1060 
2212 7636 485 
2213 3458 9581 
2214 6812 3804 
2215 8005 1085 
2216 8008 7973 
2217 4781 8343 
2218 1913 1944 
2219 618 9914 
2220 4031 2255 
2221 6910 7343 
2222 9639 7322 
2223 7008 1323 
2224 1122 1257 
2225 1228 1537 
2226 5488 5146 
2227 8375 5303 
2228 8811 8559 
2229 9569 7187 
2230 1441 7483 
2231 3587 2387 
2232 9497 297 
2233 2888 5814 
2234 5766 3944 
2235 7112 3705 
2236 7689 5367 
2237 7456 882 
2238 3472 9561 
2239 3261 5171 
2240 8365 853 
2241 7174 2059 
2242 4578 1342 
2243 8074 4303 
2244 3864 8985 
2245 1374 9792 
2246 5759 4624 
2247 3097 2489 
2248 5200 3314 
2249 2651 3880 
2250 8526 5076 
2251 423 1606 
2252 4923 889 
2253 866 6101 
2254 4118 4649 
2255 7300 6885 
2256 3521 3441 
2257 8107 8578 
2258 8881 6822 
2259 1662 4398 
2260 5872 9831 
2261 5215 8055 
2262 5820 4319 
2263 6298 6708 
2264 722 3876 
2265 3754 1985 
2266 9445 9375 
2267 9355 7316 
2268 1608 1480 
2269 8570 9420 
2270 7740 941 
2271 1176 7462 
2272 1218 7694 
2273 5693 7179 
2274 834 9177 
2275 2410 4377 
2276 36 493 
2277 1559 9387 
2278 4988 5373 
2279 2987 3480 
2280 9731 1619 
2281 3929 6406 
2282 5360 7486 
2283 4071 9736 
2284 5541 9945 
2285 4762 4107 
2286 5590 5353 
2287 4942 8505 
2288 7140 947 
2289 3938 8872 
2290 3624 9368 
2291 336 6147 
2292 6683 943 
2293 7177 8994 
2294 2785 5805 
2295 2751 5144 
2296 5671 9283 
2297 7676 9065 
2298 5410 6451 
2299 480 790 
2300 8566 4816 
2301 632 8199 
2302 4344 7826 
2303 905 6035 
2304 939 8819 
2305 3149 7647 
2306 406 4441 
2307 5236 9825 
2308 9607 8912 
2309 8635 3151 
2310 9345 1443 
2311 2010 8537 
2312 3345 3399 
2313 935 6560 
2314 8575 597 
2315 9241 5057 
2316 9183 1825 
2317 8919 2994 
2318 4710 6859 
2319 8910 4200 
2320 874 8962 
2321 2529 3283 
2322 4803 8320 
2323 651 3175 
2324 5006 3878 
2325 5264 5351 
2326 9168 2852 
2327 161 4511 
2328 2886 5669 
2329 4223 1342 
2330 3275 6005 
2331 8262 3598 
2332 9604 4032 
2333 8059 3442 
2334 3093 7817 
2335 561 716 
2336 8102 2627 
2337 388 5480 
2338 6000 1840 
2339 5064 5464 
2340 98 4387 
2341 8988 2924 
2342 5072 6884 
2343 984 93 
2344 6170 7536 
2345 8198 8775 
2346 1803 9737 
2347 4413 8769 
2348 1528 2689 
2349 8551 5322 
2350 5992 3119 
2351 1637 194 
2352 7971 1420 
2353 4857 50 
2354 9603 6541 
2355 7568 2153 
2356 4343 3133 
2357 2690 2068 
2358 2407 6437 
2359 1522 5928 
2360 6689 8027 
2361 3105 687 
2362 3858 885 
2363 5071 525 
2364 4480 9336 
2365 4321 4574 
2366 2996 4386 
2367 9934 6623 
2368 2981 3503 
2369 5875 1829 
2370 5919 4860 
2371 9943 4813 
2372 2115 1718 
2373 5432 5921 
2374 6968 4030 
2375 6228 7172 
2376 8223 3979 
2377 2404 6683 
2378 6804 3532 
2379 8771 8183 
2380 1104 4041 
2381 1708 8707 
2382 4395 1876 
2383 4001 2790 
2384 6271 530 
2385 5800 4246 
2386 217 4080 
2387 9552 7290 
2388 3368 3171 
2389 801 233 
2390 1415 3568 
2391 209 740 
2392 7783 9877 
2393 4995 9245 
2394 5157 1682 
2395 8634 9203 
2396 2188 1351 
2397 2636 6699 
2398 8083 4124 
2399 2 6028 
2400 8535 8615 
2401 2347 71 
2402 547 2093 
2403 4063 7218 
2404 9419 504 
2405 5633 9375 
2406 8233 4049 
2407 8814 2237 
2408 5598 6427 
2409 5971 6603 
2410 5722 556 
2411 2891 5188 
2412 9719 5096 
2413 9877 9228 
2414 2144 9323 
2415 3124 2917 
2416 1119 3555 
2417 8144 9902 
2418 6595 4344 
2419 5225 8249 
2420 2256 2201 
2421 1996 1704 
2422 5521 6053 
2423 2671 2883 
2424 312 5106 
2425 8790 1144 
2426 7494 5261 
2427 2776 2207 
2428 5895 2654 
2429 1083 5625 
2430 4020 567 
2431 763 9237 
2432 7836 2922 
2433 5450 9806 
2434 1500 6100 
2435 3522 3988 
2436 3419 5386 
2437 7654 1622 
2438 403 1102 
2439 9062 5305 
2440 2041 4142 
2441 4225 7480 
2442 3566 3257 
2443 7637 1032 
2444 1102 4431 
2445 8562 8326 
2446 3493 4724 
2447 8364 3471 
2448 5665 512 
2449 2079 5883 
2450 243 4022 
2451 4589 4519 
2452 1823 6991 
2453 739 6526 
2454 4323 4643 
2455 1338 7444 
2456 2533 6947 
2457 6953 8767 
2458 9556 1365 
2459 1767 7234 
2460 3392 3869 
2461 9582 6759 
2462 7638 565 
2463 3515 5560 
2464 5236 9561 
2465 1410 825 
2466 4523 2369 
2467 4751 5462 
2468 9522 8012 
2469 5607 8565 
2470 1366 1061 
2471 6669 8968 
2472 4127 8213 
2473 1744 8081 
2474 6878 5621 
2475 5857 8370 
2476 6803 2413 
2477 4307 2496 
2478 8779 9598 
2479 8107 3795 
2480 3719 9129 
2481 8327 4429 
2482 4328 6490 
2483 4667 6100 
2484 742 8468 
2485 5606 1278 
2486 6703 7738 
2487 4547 4856 
2488 5692 7991 
2489 6364 9939 
2490 5231 3915 
2491 5592 5611 
2492 3049 7971 
2493 2373 1957 
2494 1721 4388 
2495 6865 6021 
2496 3855 8435 
2497 3714 4473 
2498 462 9188 
2499 4806 9910 
2500 1695 5453 
2501 8916 5645 
2502 6178 3846 
2503 8913 7033 
2504 192 2495 
2505 7711 9575 
2506 3452 2429 
2507 4864 2467 
2508 9368 1843 
2509 8040 7547 
2510 6547 9578 
2511 5824 3442 
2512 928 3421 
2513 8519 6019 
2514 7410 2611 
2515 8083 9696 
2516 8259 9177 
2517 5765 3718 
2518 5204 1003 
2519 6683 8574 
2520 1935 6527 
2521 7375 2371 
2522 9720 4847 
2523 3420 7947 
2524 1490 8209 
2525 8576 4709 
2526 1773 2164 
2527 7181 2509 
2528 3981 6665 
2529 1786 6606 
2530 4455 3836 
2531 6215 5125 
2532 4292 6701 
2533 7901 7069 
2534 552 1264 
2535 9780 8669 
2536 2748 2637 
2537 4078 9146 
2538 6471 6996 
2539 3600 4122 
2540 59 9505 
2541 2033 4583 
2542 236 2711 
2543 1387 4827 
2544 2283 5069 
2545 6495 686 
2546 785 1506 
2547 9589 282 
2548 6071 6238 
2549 6609 9303 
2550 514 6134 
2551 1808 7448 
2552 8652 5547 
2553 5538 5376 
2554 9133 7232 
2555 4338 6226 
2556 9481 5991 
2557 6496 1637 
2558 7219 4871 
2559 9135 3248 
2560 6031 5355 
2561 1258 5367 
2562 4260 634 
2563 3554 8210 
2564 2896 206 
2565 8515 5958 
2566 9846 227 
2567 7285 5219 
2568 1939 9662 
2569 1805 7098 
2570 1455 4952 
2571 6947 9048 
2572 2910 2278 
2573 8719 3379 
2574 9430 6790 
2575 8013 7871 
2576 2298 6520 
2577 1455 4702 
2578 6869 7638 
2579 8225 1826 
2580 3683 9682 
2581 2648 1312 
2582 6729 4059 
2583 6452 5219 
2584 5509 8203 
2585 8837 7082 
2586 5600 6479 
2587 6297 2223 
2588 3327 7924 
2589 3299 1269 
2590 8105 8939 
2591 2568 1885 
2592 6179 7272 
2593 1762 5973 
2594 327 8957 
2595 4711 7230 
2596 5267 2190 
2597 7044 9864 
2598 5326 8769 
2599 9011 8876 
2600 4373 6356 
2601 845 2294 
2602 7764 6506 
2603 1064 3565 
2604 2512 515 
2605 9472 3840 
2606 2017 3943 
2607 3636 5422 
2608 1628 3247 
2609 5544 3714 
2610 9182 8001 
2611 8504 5273 
2612 9398 6294 
2613 4028 5538 
2614 1305 937 
2615 7894 130 
2616 5081 6878 
2617 296 7968 
2618 575 7852 
2619 5843 6835 
2620 8933 9176 
2621 6555 9126 
2622 16 2720 
2623 5670 4789 
2624 5739 6385 
2625 2675 2072 
2626 5007 9462 
2627 9287 1881 
2628 5902 4125 
2629 9378 9218 
2630 9439 8375 
2631 3024 1320 
2632 7459 4428 
2633 6444 8382 
2634 1830 6649 
2635 8575 3912 
2636 5297 2328 
2637 5254 6605 
2638 9965 2617 
2639 4146 1479 
2640 2722 3266 
2641 3416 7611 
2642 6205 6432 
2643 1560 7439 
2644 208 713 
2645 4891 2237 
2646 5795 2368 
2647 2294 835 
2648 7240 7636 
2649 5276 7075 
2650 1772 1382 
2651 767 4910 
2652 7721 1397 
2653 3030 3848 
2654 713 9271 
2655 5563 6552 
2656 7669 3718 
2657 9899 6943 
2658 5388 1220 
2659 7088 6018 
2660 2319 2061 
2661 236 5493 
2662 4841 4536 
2663 8875 566 
2664 2763 9081 
2665 827 1875 
2666 6837 3702 
2667 6680 1066 
2668 5505 4196 
2669 3568 923 
2670 9658 5757 
2671 1173 3035 
2672 7322 2976 
2673 2593 5480 
2674 4128 2630 
2675 9107 2580 
2676 5552 7452 
2677 1719 5344 
2678 5733 5682 
2679 9396 6886 
2680 674 2063 
2681 2255 3843 
2682 6406 2158 
2683 2606 9103 
2684 8877 1545 
2685 8406 9514 
2686 4163 992 
2687 3301 1813 
2688 5075 1414 
2689 7212 5738 
2690 686 5177 
2691 2004 3802 
2692 8744 4028 
2693 6962 5121 
2694 6092 4546 
2695 6693 8727 
2696 8527 8937 
2697 4155 5733 
2698 9666 9585 
2699 7811 114 
2700 8289 1672 
2701 7278 8842 
2702 6792 2723 
2703 7151 6474 
2704 4885 3098 
2705 5665 7706 
2706 7001 9233 
2707 2760 407 
2708 8089 2879 
2709 2575 6252 
2710 5089 9613 
2711 2481 2828 
2712 855 7180 
2713 2771 1551 
2714 4541 1523 
2715 4638 8295 
2716 9792 4340 
2717 4250 9949 
2718 5358 7882 
2719 742 1645 
2720 1300 3122 
2721 8389 6747 
2722 2309 402 
2723 5970 1344 
2724 2455 6602 
2725 8820 421 
2726 4024 2582 
2727 6364 6091 
2728 6734 5133 
2729 731 1972 
2730 3211 2889 
2731 3089 6769 
2732 7503 4515 
2733 7040 9497 
2734 1240 5770 
2735 3039 6643 
2736 3668 4448 
2737 9770 7345 
2738 6839 4417 
2739 6167 6777 
2740 8328 1 
2741 3619 8496 
2742 7029 9361 
2743 3947 7797 
2744 2567 9118 
2745 9559 2744 
2746 6865 3782 
2747 8096 1509 
2748 5666 3863 
2749 2258 161 
2750 6170 358 
2751 1965 9904 
2752 249 8121 
2753 4022 5328 
2754 4018 5730 
2755 7370 1029 
2756 3758 3320 
2757 5314 6162 
2758 7501 8387 
2759 9393 5297 
2760 1912 5780 
2761 2603 6127 
2762 3394 3679 
2763 8576 4103 
2764 4285 1926 
2765 998 3241 
2766 2824 963 
2767 9797 5079 
2768 1910 289 
2769 4267 6748 
2770 58 808 
2771 752 2585 
2772 2766 1331 
2773 8420 3357 
2774 9251 6208 
2775 1684 7793 
2776 3219 3907 
2777 4667 9085 
2778 9858 4631 
2779 4693 1802 
2780 1651 6882 
2781 7647 4229 
2782 1991 4740 
2783 9258 6973 
2784 1136 2588 
2785 1007 2537 
2786 3811 3239 
2787 476 6745 
2788 5100 8470 
2789 9068 1495 
2790 6908 8762 
2791 1669 9001 
2792 29 527 
2793 6779 1687 
2794 6006 4738 
2795 5026 883 
2796 5721 4097 
2797 6336 2346 
2798 2602 1069 
2799 1585 2789 
2800 7099 6638 
2801 9332 7116 
2802 4002 836 
2803 6835 2632 
2804 3868 8197 
2805 752 4483 
2806 7514 5335 
2807 4586 8863 
2808 2730 5676 
2809 8479 2255 
2810 8097 3333 
2811 8299 9174 
2812 6163 8037 
2813 623 6810 
2814 1173 8835 
2815 829 2405 
2816 3210 7307 
2817 7408 8184 
2818 4970 7250 
2819 4728 971 
2820 9217 35 
2821 6915 3749 
2822 9491 1723 
2823 3495 5877 
2824 3709 6846 
2825 7003 7323 
2826 4599 2787 
2827 2310 950 
2828 5253 3731 
2829 3503 6955 
2830 9517 1001 
2831 8115 1118 
2832 8035 2791 
2833 3573 6945 
2834 1551 6533 
2835 5792 6342 
2836 1904 3670 
2837 3032 3554 
2838 6442 2681 
2839 1695 3088 
2840 7723 1160 
2841 8707 1038 
2842 8540 273 
2843 4708 5464 
2844 8499 1471 
2845 660 4608 
2846 6325 196 
2847 3207 4135 
2848 3272 8997 
2849 9305 2091 
2850 9766 450 
2851 2351 9132 
2852 2781 5312 
2853 8245 1244 
2854 8324 4277 
2855 6071 4691 
2856 7416 1824 
2857 7259 1260 
2858 6453 6962 
2859 4635 8912 
2860 9520 6717 
2861 2289 5725 
2862 9857 2535 
2863 2380 2 
2864 6862 7099 
2865 4447 2458 
2866 7586 364 
2867 1240 8450 
2868 6764 2759 
2869 9181 377 
2870 5700 6468 
2871 2242 5347 
2872 5000 6888 
2873 3128 4041 
2874 4661 6363 
2875 2431 4497 
2876 4785 1361 
2877 5324 646 
2878 5445 695 
2879 774 6596 
2880 456 9851 
2881 186 6274 
2882 5975 9304 
2883 1343 9324 
2884 17 8381 
2885 6980 2555 
2886 2174 5705 
2887 1461 2948 
2888 2735 8518 
2889 9964 1274 
2890 8640 4559 
2891 5859 7696 
2892 5178 3710 
2893 9768 5487 
2894 3030 4278 
2895 1178 7952 
2896 2012 2026 
2897 5936 9767 
2898 4601 5897 
2899 9241 8845 
2900 3375 5271 
2901 1102 1192 
2902 4502 7641 
2903 259 8425 
2904 7680 7404 
2905 3100 8609 
2906 3370 8770 
2907 4284 7857 
2908 6607 9962 
2909 8137 6621 
2910 9639 4843 
2911 5404 4460 
2912 44 8797 
2913 2324 5326 
2914 5117 8356 
2915 2090 7674 
2916 875 2137 
2917 4447 5747 
2918 7233 807 
2919 7249 8327 
2920 8080 4975 
2921 2236 8180 
2922 5816 8633 
2923 2062 4183 
2924 8387 3447 
2925 2659 8178 
2926 8252 1863 
2927 3855 4841 
2928 2061 5398 
2929 2554 7946 
2930 9110 6811 
2931 6853 3191 
2932 2633 9719 
2933 8906 6128 
2934 5969 8631 
2935 5506 1601 
2936 3075 4275 
2937 6241 1718 
2938 7453 6743 
2939 9067 2391 
2940 6892 6315 
2941 4634 5348 
2942 7017 2544 
2943 1463 8926 
2944 1011 7450 
2945 8934 6767 
2946 792 2869 
2947 414 8007 
2948 3772 7589 
2949 4117 276 
2950 1517 8654 
2951 9275 8205 
2952 8509 8764 
2953 9437 8475 
2954 814 5568 
2955 5850 3173 
2956 4396 9800 
2957 9794 1510 
2958 3091 7034 
2959 873 1005 
2960 4146 9037 
2961 7899 7601 
2962 5431 3987 
2963 5098 1887 
2964 5002 1655 
2965 163 7441 
2966 6166 1151 
2967 3551 5693 
2968 8898 606 
2969 2709 1655 
2970 6077 4569 
2971 2269 1332 
2972 4008 8819 
2973 3935 2236 
2974 349 9240 
2975 4569 3291 
2976 5309 9555 
2977 9135 5956 
2978 2392 3196 
2979 8717 2674 
2980 4645 1233 
2981 2664 6285 
2982 178 3071 
2983 3523 1973 
2984 7253 1469 
2985 2446 1535 
2986 1552 853 
2987 760 4841 
2988 3443 1505 
2989 1845 8538 
2990 7388 478 
2991 8970 2667 
2992 5993 7375 
2993 2373 1181 
2994 8510 5393 
2995 5562 9813 
2996 3266 7510 
2997 1817 3387 
2998 6628 5841 
2999 3115 1707 
3000 2955 109 
3001 4298 2501 
3002 7162 1929 
3003 8624 5511 
3004 3123 6708 
3005 2040 9557 
3006 82 9537 
3007 3825 2002 
3008 8058 7815 
3009 9233 4622 
3010 670 3704 
3011 7206 1340 
3012 8805 5356 
3013 5576 4687 
3014 912 9561 
3015 8922 6032 
3016 1000 8689 
3017 2079 6783 
3018 2512 7528 
3019 6569 9587 
3020 282 9153 
3021 1020 159 
3022 917 8276 
3023 3441 2052 
3024 7924 9678 
3025 6263 1613 
3026 4938 7700 
3027 4372 2523 
3028 1601 4757 
3029 442 7341 
3030 7931 940 
3031 7844 1355 
3032 7535 8847 
3033 9711 7631 
3034 9845 4215 
3035 5590 6305 
3036 7533 8908 
3037 8869 5150 
3038 6521 1883 
3039 6047 6164 
3040 7834 9751 
3041 5851 7597 
3042 6920 858 
3043 3209 805 
3044 876 4534 
3045 7331 2745 
3046 2855 2205 
3047 1870 7934 
3048 2310 1769 
3049 7248 5419 
3050 3469 1081 
3051 2683 965 
3052 8255 4040 
3053 4375 4741 
3054 6432 1963 
3055 1342 7335 
3056 2242 3175 
3057 1041 3490 
3058 1243 1645 
3059 4265 7807 
3060 5560 4868 
3061 8695 9848 
3062 9579 3761 
3063 4668 5646 
3064 927 4372 
3065 3716 9671 
3066 5836 4578 
3067 3133 6786 
3068 2790 6523 
3069 2439 8520 
3070 1968 6856 
3071 9827 1713 
3072 4094 4467 
3073 6333 7760 
3074 4968 3026 
3075 7878 9388 
3076 8474 3985 
3077 5194 2460 
3078 5576 7819 
3079 5457 3199 
3080 7663 9621 
3081 9441 3061 
3082 2791 7015 
3083 8928 7757 
3084 7940 3336 
3085 7223 4203 
3086 9964 6804 
3087 4786 9045 
3088 6115 8061 
3089 5219 7995 
3090 2145 9116 
3091 8503 4658 
3092 6614 2594 
3093 2801 6859 
3094 8916 8479 
3095 3746 4516 
3096 2682 1054 
3097 7898 9466 
3098 6417 4315 
3099 9975 1081 
3100 6206 7986 
3101 5020 2307 
3102 7432 7174 
3103 4286 6744 
3104 1988 1274 
3105 1816 1768 
3106 6637 9439 
3107 7326 9394 
3108 3967 8011 
3109 3918 2440 
3110 8978 7378 
3111 3106 7634 
3112 755 3220 
3113 9874 8699 
3114 7998 8387 
3115 4407 619 
3116 9400 1694 
3117 970 5474 
3118 3929 975 
3119 7723 7374 
3120 7255 7854 
3121 174 2394 
3122 1613 5744 
3123 7471 8419 
3124 7610 1568 
3125 1766 9015 
3126 1078 8487 
3127 6758 7244 
3128 7904 6443 
3129 6095 3275 
3130 8450 7682 
3131 6963 55 
3132 1862 3361 
3133 9142 5614 
3134 6594 7813 
3135 5902 4218 
3136 6206 1933 
3137 6746 1412 
3138 1910 2770 
3139 6559 8727 
3140 3627 1940 
3141 5005 4460 
3142 2228 243 
3143 6785 2327 
3144 5075 4663 
3145 1332 1053 
3146 3586 3436 
3147 3760 1393 
3148 2651 2717 
3149 3762 8394 
3150 9255 3771 
3151 2011 5809 
3152 7806 4459 
3153 1472 2188 
3154 3885 7114 
3155 3602 1571 
3156 8198 9997 
3157 5752 6300 
3158 9729 3305 
3159 6920 6615 
3160 9745 1259 
3161 5220 856 
3162 6721 2214 
3163 6081 8844 
3164 5580 2263 
3165 979 8249 
3166 3388 8790 
3167 9909 8407 
3168 5723 9211 
3169 8373 2117 
3170 9061 2619 
3171 7035 1658 
3172 271 7806 
3173 9593 8105 
3174 9136 2813 
3175 1662 496 
3176 3613 7133 
3177 7141 4765 
3178 7059 5891 
3179 555 620 
3180 1741 3331 
3181 7438 2642 
3182 5718 7561 
3183 1424 3919 
3184 8200 2115 
3185 7467 548 
3186 3523 5881 
3187 1550 2593 
3188 9401 9034 
3189 8054 3609 
3190 6950 1812 
3191 8152 8453 
3192 2813 5696 
3193 7930 9889 
3194 6365 1720 
3195 2001 1655 
3196 9058 9989 
3197 6421 7638 
3198 8744 7097 
3199 1777 8478 
3200 3115 9190 
3201 9847 4235 
3202 6506 9913 
3203 1472 9436 
3204 4233 9991 
3205 5889 8207 
3206 2549 7282 
3207 8841 8891 
3208 8675 8487 
3209 2007 7625 
3210 2226 4296 
3211 776 3279 
3212 6095 4369 
3213 7294 9226 
3214 486 1465 
3215 3196 5512 
3216 3686 3335 
3217 2318 528 
3218 2846 7102 
3219 3061 4798 
3220 9923 4759 
3221 704 2767 
3222 7683 4633 
3223 566 3957 
3224 6548 280 
3225 3504 7783 
3226 3382 9367 
3227 1972 185 
3228 8423 8075 
3229 7099 2179 
3230 9989 7661 
3231 8548 3120 
3232 5726 7051 
3233 6946 662 
3234 2051 1277 
3235 9584 2876 
3236 5131 1791 
3237 7525 1309 
3238 6964 9407 
3239 9955 1880 
3240 9764 341 
3241 5641 5889 
3242 5165 9674 
3243 3576 3528 
3244 6415 1238 
3245 6274 7476 
3246 8392 538 
3247 8446 3243 
3248 5542 215 
3249 5592 6320 
3250 1101 9881 
3251 8150 6202 
3252 9844 8371 
3253 5574 8973 
3254 6858 1896 
3255 7811 120 
3256 8694 8595 
3257 6806 9674 
3258 1596 9796 
3259 7432 3889 
3260 3835 488 
3261 6517 9985 
3262 7523 8867 
3263 1197 4189 
3264 4916 1213 
3265 8533 2661 
3266 8465 6198 
3267 4714 6684 
3268 6420 8295 
3269 9173 7636 
3270 5691 1799 
3271 9962 1032 
3272 2512 6182 
3273 3531 3334 
3274 3942 3978 
3275 3753 9560 
3276 5151 8211 
3277 5610 1054 
3278 9594 2221 
3279 1766 8601 
3280 8490 3954 
3281 7115 6358 
3282 5490 3577 
3283 849 3829 
3284 1453 5535 
3285 856 9108 
3286 2954 8384 
3287 9789 237 
3288 8612 6322 
3289 8284 7466 
3290 9583 7551 
3291 191 5632 
3292 814 7901 
3293 5204 4063 
3294 1586 9931 
3295 620 6676 
3296 6349 9178 
3297 512 2952 
3298 5365 3221 
3299 8686 4681 
3300 3572 3007 
3301 9426 1267 
3302 699 808 
3303 2624 8315 
3304 8391 8635 
3305 2397 5688 
3306 44 3095 
3307 9869 6526 
3308 9630 9976 
3309 3670 5832 
3310 6270 2753 
3311 3604 1041 
3312 2785 4345 
3313 2854 2736 
3314 5805 2223 
3315 1270 6222 
3316 1116 5563 
3317 342 2836 
3318 5059 4882 
3319 6422 741 
3320 8924 1189 
3321 8402 2486 
3322 272 199 
3323 6807 8374 
3324 3425 985 
3325 2182 1934 
3326 1570 1892 
3327 8049 3366 
3328 1066 3362 
3329 4467 6064 
3330 6605 7050 
3331 2029 3254 
3332 9515 7958 
3333 1882 1099 
3334 2549 7987 
3335 6067 208 
3336 8169 6692 
3337 7375 8678 
3338 735 9954 
3339 306 8619 
3340 5291 452 
3341 1943 1379 
3342 9267 9095 
3343 7080 4388 
3344 1691 1115 
3345 7130 7086 
3346 7276 6202 
3347 469 517 
3348 2883 6230 
3349 7265 8141 
3350 149 5149 
3351 5837 6240 
3352 8896 1131 
3353 2168 3518 
3354 1581 1293 
3355 6594 8994 
3356 1074 9341 
3357 7485 5341 
3358 2852 4927 
3359 8397 9330 
3360 6649 663 
3361 734 7837 
3362 2235 4804 
3363 1589 9345 
3364 7337 2157 
3365 9855 140 
3366 8408 567 
3367 1845 2729 
3368 2502 2912 
3369 3761 9825 
3370 1503 3819 
3371 9562 5711 
3372 648 9816 
3373 5707 7007 
3374 4857 815 
3375 7603 4962 
3376 7160 2537 
3377 8437 3585 
3378 688 9308 
3379 3391 427 
3380 2993 9377 
3381 5271 3310 
3382 4672 979 
3383 769 7230 
3384 6015 7013 
3385 1742 8580 
3386 6904 7072 
3387 4175 2213 
3388 9874 6617 
3389 9095 877 
3390 630 8460 
3391 5198 6521 
3392 7420 4695 
3393 3330 2063 
3394 9470 1300 
3395 8935 7482 
3396 5790 7172 
3397 4687 2885 
3398 2867 2037 
3399 5029 3715 
3400 863 4368 
3401 3315 8313 
3402 9292 6161 
3403 8020 2665 
3404 452 5140 
3405 4676 8732 
3406 6864 6536 
3407 9747 2635 
3408 5480 6707 
3409 7128 7593 
3410 5162 1426 
3411 2850 5136 
3412 4485 251 
3413 8682 7943 
3414 4469 8161 
3415 4116 605 
3416 8489 723 
3417 6437 3014 
3418 3919 9490 
3419 4718 3535 
3420 8562 9372 
3421 1750 5038 
3422 7642 7594 
3423 4838 5627 
3424 130 706 
3425 4029 2757 
3426 9174 2538 
3427 8852 3250 
3428 5579 2810 
3429 6876 1847 
3430 7784 2684 
3431 7923 6032 
3432 2194 723 
3433 8774 3069 
3434 8534 1781 
3435 3584 3210 
3436 9776 5591 
3437 5361 7145 
3438 3352 7651 
3439 3162 8893 
3440 3020 7512 
3441 9412 3190 
3442 9272 6479 
3443 7952 4516 
3444 1649 6693 
3445 9881 409 
3446 9250 666 
3447 2566 9200 
3448 8654 2420 
3449 3499 9316 
3450 4196 3792 
3451 2911 2287 
3452 737 8615 
3453 6649 4912 
3454 8063 7753 
3455 7907 6951 
3456 9626 6937 
3457 881 5328 
3458 6899 101 
3459 6859 2137 
3460 9390 6416 
3461 5269 2162 
3462 5862 2813 
3463 1856 8976 
3464 6481 2410 
3465 6441 6350 
3466 798 4615 
3467 7871 9313 
3468 9946 3954 
3469 4482 7959 
3470 1522 2000 
3471 3159 6075 
3472 8162 9497 
3473 1448 9991 
3474 6476 7745 
3475 4360 3494 
3476 7397 7599 
3477 8564 4324 
3478 6921 3020 
3479 325 6821 
3480 9998 5993 
3481 6290 3535 
3482 1942 9725 
3483 3667 854 
3484 8959 490 
3485 2080 4114 
3486 1509 1995 
3487 663 5038 
3488 9078 9596 
3489 7757 1615 
3490 3894 6470 
3491 3179 7535 
3492 8249 8485 
3493 7306 5477 
3494 7726 2408 
3495 954 2355 
3496 1819 6069 
3497 4411 5404 
3498 2642 6214 
3499 7903 3232 
3500 7155 1892 
3501 6807 6293 
3502 2572 4942 
3503 7497 5491 
3504 6172 4710 
3505 3283 9804 
3506 5349 1400 
3507 9130 2743 
3508 8591 2168 
3509 6491 8648 
3510 3529 775 
3511 8226 557 
3512 9690 6242 
3513 6889 2327 
3514 965 8231 
3515 3736 7779 
3516 6108 7748 
3517 4011 8004 
3518 9708 7470 
3519 8209 8671 
3520 7462 7803 
3521 3744 1939 
3522 8077 300 
3523 3846 2355 
3524 8779 139 
3525 1803 1793 
3526 3678 9821 
3527 2114 9720 
3528 3216 5363 
3529 2398 5174 
3530 9796 8787 
3531 4001 4116 
3532 1980 2350 
3533 6736 9044 
3534 8424 2974 
3535 7858 2006 
3536 7544 7630 
3537 1127 4327 
3538 4131 4486 
3539 7398 3926 
3540 7952 7361 
3541 3966 7876 
3542 2241 9308 
3543 9278 5752 
3544 6480 3454 
3545 1504 236 
3546 7010 9887 
3547 6128 1527 
3548 360 6854 
3549 6778 632 
3550 9620 2802 
3551 481 5435 
3552 1608 389 
3553 876 76 
3554 5114 856 
3555 140 613 
3556 7731 7855 
3557 4664 3285 
3558 3543 5963 
3559 3305 7920 
3560 5136 9189 
3561 833 5437 
3562 2243 910 
3563 8838 9184 
3564 8052 1104 
3565 7965 9107 
3566 7460 9327 
3567 5746 6819 
3568 8216 9250 
3569 1347 9974 
3570 902 265 
3571 2556 9508 
3572 3097 9914 
3573 1822 3961 
3574 1347 6107 
3575 8648 1077 
3576 466 1470 
3577 7735 9517 
3578 5595 3428 
3579 2601 8114 
3580 2019 8575 
3581 6318 7995 
3582 45 4489 
3583 5495 9890 
3584 1869 5370 
3585 4529 4553 
3586 7563 8762 
3587 2459 4519 
3588 1076 2772 
3589 5378 8098 
3590 5658 7522 
3591 5358 3914 
3592 363 4315 
3593 1701 3440 
3594 8463 7926 
3595 9853 4850 
3596 6106 1113 
3597 8655 4164 
3598 4018 7650 
3599 9431 2924 
3600 8923 1122 
3601 9976 4697 
3602 9134 8017 
3603 9356 9825 
3604 1080 9266 
3605 8905 1030 
3606 9646 5860 
3607 8335 2628 
3608 5647 4081 
3609 5326 1946 
3610 1714 599 
3611 9909 7635 
3612 3965 7728 
3613 9973 8704 
3614 215 2449 
3615 5268 5492 
3616 5990 5868 
3617 9197 8027 
3618 482 3073 
3619 644 5175 
3620 7643 3592 
3621 4423 9512 
3622 3125 3924 
3623 8449 8039 
3624 4241 1764 
3625 5688 7456 
3626 2344 7595 
3627 5542 7018 
3628 9888 362 
3629 7508 21 
3630 2305 1191 
3631 738 1470 
3632 2641 317 
3633 8532 993 
3634 9563 223 
3635 6855 9180 
3636 3855 7754 
3637 353 892 
3638 3571 102 
3639 8981 8935 
3640 9622 5864 
3641 5254 469 
3642 3957 1911 
3643 1411 1835 
3644 2071 185 
3645 7089 5413 
3646 6467 9194 
3647 8182 6352 
3648 9297 2345 
3649 5313 1345 
3650 6046 6686 
3651 5080 4197 
3652 5449 4059 
3653 3481 8854 
3654 5450 5071 
3655 305 8055 
3656 3603 3985 
3657 1323 1245 
3658 7358 2319 
3659 4289 393 
3660 6613 738 
3661 8062 5686 
3662 3121 6541 
3663 6516 6348 
3664 8474 1651 
3665 4408 9950 
3666 9454 7827 
3667 4155 3926 
3668 7341 8065 
3669 6900 4171 
3670 9808 9538 
3671 8121 7820 
3672 3385 5811 
3673 4189 8236 
3674 6038 5078 
3675 5955 698 
3676 2064 4442 
3677 6864 3659 
3678 6176 9909 
3679 3087 9094 
3680 400 7521 
3681 8734 9340 
3682 31 3345 
3683 7077 8946 
3684 4462 3103 
3685 1015 7437 
3686 2152 131 
3687 5329 585 
3688 1071 3057 
3689 8415 2134 
3690 6241 3904 
3691 1534 8703 
3692 8346 8643 
3693 3756 2184 
3694 546 8165 
3695 5483 6963 
3696 5511 5414 
3697 9461 7967 
3698 9941 4652 
3699 714 9439 
3700 2354 7960 
3701 5924 2226 
3702 1543 9159 
3703 8411 5939 
3704 8376 6337 
3705 821 1263 
3706 4628 9073 
3707 4149 4543 
3708 4471 449 
3709 9012 7825 
3710 5437 9794 
3711 2541 215 
3712 498 4085 
3713 5602 4828 
3714 8261 1225 
3715 1805 2318 
3716 4747 9665 
3717 9713 9405 
3718 5279 6161 
3719 9214 638 
3720 2039 4277 
3721 2659 2716 
3722 9698 6670 
3723 1373 5020 
3724 5101 5690 
3725 9582 4043 
3726 3189 3151 
3727 3289 2758 
3728 3942 4116 
3729 5866 7094 
3730 5234 5435 
3731 5666 1782 
3732 4558 4143 
3733 1632 9986 
3734 5606 5094 
3735 412 174 
3736 2561 2387 
3737 4844 6464 
3738 6223 5211 
3739 3529 7851 
3740 5070 2065 
3741 7084 9096 
3742 236 2320 
3743 626 5987 
3744 3607 4261 
3745 1903 9872 
3746 9504 6359 
3747 7663 745 
3748 9167 6436 
3749 5783 6437 
3750 255 2361 
3751 3545 278 
3752 9978 9709 
3753 1846 5342 
3754 5199 1339 
3755 3662 9215 
3756 2639 2906 
3757 1684 1694 
3758 6344 266 
3759 7533 7811 
3760 3449 4749 
3761 4647 864 
3762 20 7472 
3763 9957 1099 
3764 7217 1509 
3765 4280 5226 
3766 5951 4254 
3767 2634 874 
3768 3909 3208 
3769 7812 3420 
3770 8695 2082 
3771 6656 4125 
3772 7188 7704 
3773 8 9600 
3774 8652 9344 
3775 2477 2586 
3776 6751 6512 
3777 4740 5257 
3778 5505 8858 
3779 3867 4866 
3780 7945 5558 
3781 6329 8774 
3782 4809 1466 
3783 4003 5504 
3784 7944 6424 
3785 3114 9293 
3786 3866 8068 
3787 7442 5513 
3788 8337 7841 
3789 2590 9378 
3790 477 8295 
3791 1943 827 
3792 8031 7363 
3793 4300 3759 
3794 8603 7770 
3795 7490 1456 
3796 6619 7899 
3797 5836 5931 
3798 5457 3953 
3799 2503 9546 
3800 997 4097 
3801 9484 7894 
3802 6332 2230 
3803 6344 5190 
3804 329 4615 
3805 7241 3944 
3806 1149 2946 
3807 1214 6059 
3808 2955 2343 
3809 8177 9927 
3810 8406 4644 
3811 7057 6650 
3812 7787 6072 
3813 3175 5391 
3814 1643 2997 
3815 426 3917 
3816 1121 7287 
3817 158 2505 
3818 9202 5004 
3819 5400 2713 
3820 5266 3295 
3821 1820 7479 
3822 6146 8805 
3823 6871 7918 
3824 679 9139 
3825 1145 627 
3826 1431 170 
3827 9082 2403 
3828 3005 8817 
3829 77 4101 
3830 4748 7021 
3831 4577 268 
3832 63 942 
3833 8612 1772 
3834 4975 4201 
3835 51 5990 
3836 5118 7710 
3837 8477 8017 
3838 7312 1013 
3839 9301 1447 
3840 2313 4954 
3841 9990 1337 
3842 4497 7010 
3843 7057 7296 
3844 5428 5913 
3845 7601 4961 
3846 951 2954 
3847 1440 8012 
3848 1093 6426 
3849 4066 6914 
3850 4983 305 
3851 9935 3568 
3852 7185 8966 
3853 2815 8604 
3854 4313 773 
3855 9757 1707 
3856 35 2096 
3857 5182 6204 
3858 648 2432 
3859 1787 3349 
3860 5110 7654 
3861 1017 4936 
3862 416 7714 
3863 9690 1089 
3864 3925 4735 
3865 173 8399 
3866 766 9273 
3867 6928 7596 
3868 1985 2956 
3869 1573 3163 
3870 8899 8202 
3871 3651 2813 
3872 458 5032 
3873 5683 7664 
3874 4273 7479 
3875 1659 6181 
3876 2228 9418 
3877 4104 6092 
3878 2203 3352 
3879 7156 1966 
3880 212 3728 
3881 1415 5655 
3882 7577 6164 
3883 9449 3182 
3884 5392 2932 
3885 901 4578 
3886 2145 3415 
3887 6634 7698 
3888 5122 3448 
3889 6859 7177 
3890 5615 9771 
3891 8326 4245 
3892 3733 4939 
3893 4834 6115 
3894 2957 5953 
3895 5937 5384 
3896 726 9699 
3897 6213 3406 
3898 8875 3574 
3899 2271 5593 
3900 7940 737 
3901 8546 2213 
3902 5576 5105 
3903 5158 3246 
3904 5103 4882 
3905 8009 2683 
3906 6246 3777 
3907 7856 4232 
3908 1436 2907 
3909 9659 2815 
3910 5785 2800 
3911 7510 3923 
3912 3103 250 
3913 1515 6584 
3914 8360 900 
3915 7173 2914 
3916 7294 3241 
3917 2048 7864 
3918 1498 5339 
3919 5228 8853 
3920 8293 7020 
3921 7457 5419 
3922 8522 3772 
3923 7292 8132 
3924 6348 6735 
3925 935 8806 
3926 6691 9642 
3927 8694 5074 
3928 2914 9626 
3929 7613 1866 
3930 6772 1105 
3931 8160 3964 
3932 2485 6479 
3933 7203 9264 
3934 6269 1977 
3935 1984 362 
3936 4439 9688 
3937 1862 9804 
3938 7888 624 
3939 8446 8347 
3940 5418 4955 
3941 3897 3003 
3942 1072 690 
3943 8550 3786 
3944 2852 1831 
3945 6336 8599 
3946 2452 9266 
3947 1987 605 
3948 7788 3110 
3949 7119 383 
3950 196 4607 
3951 9237 4722 
3952 26 1787 
3953 3086 8225 
3954 5387 3154 
3955 747 2705 
3956 3434 9363 
3957 8535 6882 
3958 3299 8844 
3959 8841 7455 
3960 7817 8773 
3961 9462 1890 
3962 6667 4026 
3963 6083 4487 
3964 8102 4068 
3965 728 7403 
3966 4836 3379 
3967 8207 8128 
3968 3746 9817 
3969 8332 1472 
3970 1263 4133 
3971 6855 1996 
3972 2048 2859 
3973 2900 5680 
3974 9072 6765 
3975 6244 2740 
3976 6229 6328 
3977 4980 2385 
3978 7422 6366 
3979 1779 3598 
3980 7896 3387 
3981 7986 2295 
3982 5984 7014 
3983 4196 2313 
3984 1810 9574 
3985 5140 7836 
3986 4304 5454 
3987 853 8333 
3988 5727 5031 
3989 1316 7991 
3990 8972 872 
3991 2843 3886 
3992 2907 4484 
3993 7343 6312 
3994 6015 8449 
3995 344 4199 
3996 5158 3712 
3997 4785 7607 
3998 2300 4542 
3999 7989 3249 
4000 1968 262 
4001 2362 5034 
4002 9443 8880 
4003 7450 8763 
4004 8348 1082 
4005 1195 317 
4006 9497 786 
4007 9184 9217 
4008 2513 8109 
4009 5433 2217 
4010 3028 8023 
4011 3382 6198 
4012 675 7687 
4013 1721 3455 
4014 2332 1614 
4015 7096 5291 
4016 7358 7309 
4017 1522 2684 
4018 7451 1376 
4019 7401 6040 
4020 6027 3914 
4021 4877 4597 
4022 7885 1694 
4023 6442 208 
4024 7385 1799 
4025 2776 9865 
4026 7184 6549 
4027 7920 2031 
4028 8805 836 
4029 6222 2884 
4030 3525 9723 
4031 3345 8812 
4032 5553 4766 
4033 7680 7608 
4034 5725 2369 
4035 3943 7481 
4036 9520 7785 
4037 9135 1507 
4038 7116 4864 
4039 443 1184 
4040 6888 1701 
4041 1806 4877 
4042 9864 1934 
4043 458 869 
4044 734 9515 
4045 2180 1320 
4046 6922 4472 
4047 9619 312 
4048 3661 2895 
4049 5272 4144 
4050 2923 6535 
4051 855 866 
4052 6511 2429 
4053 5107 2283 
4054 8472 3789 
4055 7383 4548 
4056 1025 6957 
4057 385 4584 
4058 735 5942 
4059 985 2685 
4060 9363 9408 
4061 7407 9809 
4062 7503 7690 
4063 5539 9795 
4064 4149 7090 
4065 8990 122 
4066 3755 1223 
4067 8830 294 
4068 5355 9560 
4069 8606 6305 
4070 9703 4008 
4071 9524 8401 
4072 9338 6225 
4073 9667 6926 
4074 6329 8914 
4075 4321 9402 
4076 9256 3687 
4077 6019 578 
4078 5625 6835 
4079 9573 1568 
4080 9439 8349 
4081 2214 2313 
4082 4912 6692 
4083 4415 858 
4084 473 783 
4085 1924 8970 
4086 604 5734 
4087 8227 6859 
4088 1237 6535 
4089 6922 4211 
4090 554 1862 
4091 1301 7794 
4092 6448 7124 
4093 3108 9087 
4094 5034 5418 
4095 1979 1235 
4096 6269 2370 
4097 3316 3073 
4098 3039 994 
4099 6319 5153 
4100 4733 3431 
4101 1289 6264 
4102 1628 2986 
4103 6858 7478 
4104 6215 8161 
4105 8760 4507 
4106 8279 468 
4107 9178 3110 
4108 7105 5274 
4109 9751 6524 
4110 4696 8945 
4111 5004 4482 
4112 1668 3846 
4113 3164 4583 
4114 4667 374 
4115 4289 4960 
4116 2411 7666 
4117 6769 9633 
4118 7209 7288 
4119 2781 309 
4120 2788 68 
4121 4851 1419 
4122 5315 6467 
4123 4563 5277 
4124 5773 6095 
4125 7598 5261 
4126 4487 940 
4127 5786 5567 
4128 5863 8445 
4129 370 6973 
4130 5480 7012 
4131 2650 9227 
4132 2918 7061 
4133 7953 7544 
4134 6457 9637 
4135 287 541 
4136 9071 8548 
4137 7454 9733 
4138 6882 3620 
4139 5589 7705 
4140 3560 1093 
4141 6638 6519 
4142 4697 3679 
4143 2873 3022 
4144 6796 3627 
4145 6106 6889 
4146 8842 4175 
4147 1822 998 
4148 3348 435 
4149 6411 3697 
4150 7871 8100 
4151 5205 3585 
4152 6685 3717 
4153 492 399 
4154 3544 7437 
4155 2963 5023 
4156 9560 2562 
4157 9708 6397 
4158 8468 8863 
4159 862 8021 
4160 7109 4452 
4161 184 5342 
4162 2709 7771 
4163 2736 4164 
4164 8823 2578 
4165 7716 8288 
4166 5888 9914 
4167 5970 6583 
4168 2642 8395 
4169 6339 5020 
4170 8202 2194 
4171 1186 7074 
4172 304 7640 
4173 5578 6946 
4174 6267 7600 
4175 3229 6038 
4176 8151 924 
4177 2113 464 
4178 1342 1660 
4179 1940 6457 
4180 35 7173 
4181 8481 8746 
4182 3215 9210 
4183 7323 3168 
4184 9970 4714 
4185 7542 9552 
4186 8795 8165 
4187 5013 9127 
4188 9763 4812 
4189 9869 3724 
4190 2355 5860 
4191 6937 373 
4192 9158 327 
4193 7191 9683 
4194 2568 6663 
4195 7711 2267 
4196 2238 4959 
4197 932 8801 
4198 7824 8425 
4199 6691 5603 
4200 1857 5941 
4201 857 3999 
4202 1119 4285 
4203 545 930 
4204 7382 6290 
4205 7114 4735 
4206 2351 6417 
4207 3350 9096 
4208 8037 2040 
4209 8399 4907 
4210 792 8736 
4211 1573 4524 
4212 346 7750 
4213 6291 6219 
4214 7495 7097 
4215 2383 7458 
4216 882 6850 
4217 687 8606 
4218 9243 1819 
4219 8985 3991 
4220 3949 8366 
4221 2531 445 
4222 4675 3547 
4223 9162 1825 
4224 2746 1813 
4225 9678 9837 
4226 6497 2729 
4227 2457 8993 
4228 221 6732 
4229 5680 7099 
4230 5369 8945 
4231 6354 5426 
4232 5291 3892 
4233 366 5919 
4234 5090 9957 
4235 5842 6761 
4236 7259 2116 
4237 2254 1547 
4238 1203 1509 
4239 918 5476 
4240 5207 400 
4241 534 5819 
4242 4199 729 
4243 5456 1277 
4244 4169 5815 
4245 2545 6005 
4246 6697 2546 
4247 5009 870 
4248 4126 5806 
4249 8249 3128 
4250 7384 9711 
4251 5503 6028 
4252 8453 3015 
4253 4077 494 
4254 980 2147 
4255 1328 1734 
4256 2177 6255 
4257 3804 7947 
4258 6894 8673 
4259 5917 5 
4260 738 5481 
4261 4360 7261 
4262 4843 7731 
4263 112 4019 
4264 8464 3909 
4265 8948 140 
4266 5297 539 
4267 5845 3766 
4268 1664 909 
4269 2198 7129 
4270 1256 9914 
4271 5516 4299 
4272 9595 5156 
4273 149 6992 
4274 1658 4039 
4275 5429 9901 
4276 8862 871 
4277 7739 5719 
4278 2948 5573 
4279 6786 3437 
4280 7860 7405 
4281 3027 7119 
4282 7810 2592 
4283 1864 6409 
4284 7981 5241 
4285 2475 7280 
4286 646 9661 
4287 941 1511 
4288 4699 372 
4289 5827 1582 
4290 6336 735 
4291 3147 3736 
4292 1695 373 
4293 7420 4104 
4294 1190 1262 
4295 8923 4487 
4296 1007 9323 
4297 9946 5061 
4298 3182 6255 
4299 4747 4058 
4300 2867 8878 
4301 738 8967 
4302 8783 6321 
4303 9976 9693 
4304 7155 9763 
4305 4380 9865 
4306 83 588 
4307 7124 2411 
4308 2922 1143 
4309 7585 8066 
4310 2552 5169 
4311 8976 3079 
4312 790 1121 
4313 7709 8402 
4314 2377 6382 
4315 5506 9532 
4316 8693 4370 
4317 4318 9810 
4318 9865 2889 
4319 7904 8226 
4320 7960 8821 
4321 1586 6822 
4322 408 7586 
4323 163 6618 
4324 995 4193 
4325 8125 1467 
4326 5931 7731 
4327 9621 2862 
4328 8139 5091 
4329 352 1738 
4330 7064 6529 
4331 6626 7348 
4332 4246 3383 
4333 9458 7461 
4334 3639 1241 
4335 1818 1690 
4336 5470 3358 
4337 7163 2951 
4338 4194 7637 
4339 2029 3928 
4340 4078 1942 
4341 4051 1942 
4342 3173 5239 
4343 8989 5139 
4344 1922 1911 
4345 6599 6690 
4346 3454 9755 
4347 2047 7830 
4348 9627 3170 
4349 884 7717 
4350 4733 7478 
4351 5882 3736 
4352 2024 7314 
4353 9609 4962 
4354 7797 267 
4355 3349 9226 
4356 3742 4396 
4357 1753 6007 
4358 5336 1202 
4359 2237 328 
4360 1409 7744 
4361 5414 5581 
4362 2607 7552 
4363 8812 8565 
4364 6088 2567 
4365 1959 9172 
4366 6863 228 
4367 8306 8977 
4368 5820 2917 
4369 6034 7706 
4370 6661 9477 
4371 2352 9748 
4372 3016 3190 
4373 6498 4323 
4374 987 5095 
4375 4920 5665 
4376 3002 3794 
4377 2849 7151 
4378 9967 2629 
4379 5982 5590 
4380 5856 8538 
4381 4174 9208 
4382 4306 6181 
4383 8345 2008 
4384 5132 9482 
4385 2425 3779 
4386 1302 8313 
4387 9650 633 
4388 480 5207 
4389 5841 5548 
4390 3855 2090 
4391 2 6484 
4392 7538 8112 
4393 3900 6252 
4394 8915 7117 
4395 7224 6252 
4396 8793 3327 
4397 3583 4756 
4398 3785 3055 
4399 1473 7154 
4400 1565 1047 
4401 657 1537 
4402 7277 1770 
4403 3965 6974 
4404 9658 1364 
4405 6300 9544 
4406 5098 992 
4407 193 4531 
4408 5629 6208 
4409 2012 3000 
4410 2478 988 
4411 3247 7469 
4412 6197 7562 
4413 5741 9804 
4414 4569 5318 
4415 814 4531 
4416 8355 9934 
4417 4192 5240 
4418 701 6925 
4419 7800 23 
4420 6217 8610 
4421 262 1865 
4422 5871 5980 
4423 6742 5282 
4424 862 9444 
4425 9939 2136 
4426 9060 8599 
4427 3446 9179 
4428 633 6543 
4429 4764 1333 
4430 6149 8285 
4431 2293 6831 
4432 9329 2676 
4433 3209 6445 
4434 1275 9653 
4435 3093 9767 
4436 467 7907 
4437 3459 309 
4438 5570 210 
4439 3576 535 
4440 5515 5761 
4441 3798 5486 
4442 105 1793 
4443 3746 490 
4444 6424 2737 
4445 9136 9281 
4446 6960 1208 
4447 7786 7705 
4448 9532 1998 
4449 1136 2114 
4450 8281 6806 
4451 6825 8275 
4452 9546 8268 
4453 1047 5455 
4454 2840 1335 
4455 2344 9988 
4456 470 7372 
4457 2937 4768 
4458 6114 319 
4459 6 6560 
4460 9944 6742 
4461 1629 4006 
4462 8801 8859 
4463 240 1942 
4464 3672 3726 
4465 1560 3853 
4466 317 7557 
4467 9319 1855 
4468 8435 1233 
4469 7638 7851 
4470 7908 6175 
4471 8349 9053 
4472 3188 3479 
4473 2049 3713 
4474 9314 2324 
4475 6679 3439 
4476 9627 800 
4477 2327 471 
4478 3225 7516 
4479 4092 8185 
4480 1641 841 
4481 8295 4801 
4482 2586 4918 
4483 5315 2350 
4484 785 6934 
4485 6068 2846 
4486 394 8253 
4487 6441 5528 
4488 2585 8087 
4489 7472 8773 
4490 9150 405 
4491 2920 1083 
4492 9302 1860 
4493 4818 6408 
4494 7294 5788 
4495 2929 3319 
4496 7395 4211 
4497 2304 9538 
4498 757 3595 
4499 1266 9957 
4500 330 2367 
4501 3765 1114 
4502 5614 3541 
4503 4144 8967 
4504 7368 9311 
4505 75 9152 
4506 4424 8676 
4507 302 681 
4508 429 1527 
4509 1026 3437 
4510 6707 7153 
4511 6355 6692 
4512 313 3040 
4513 8951 708 
4514 369 730 
4515 2696 8695 
4516 224 3951 
4517 6909 3189 
4518 2837 4475 
4519 2999 2574 
4520 5878 5541 
4521 4215 1766 
4522 6502 2568 
4523 8797 957 
4524 2244 3915 
4525 971 4986 
4526 4637 3678 
4527 7496 595 
4528 6272 3203 
4529 9408 3116 
4530 9282 2151 
4531 6024 1770 
4532 9448 1484 
4533 9488 6978 
4534 2850 2308 
4535 7937 4018 
4536 7496 1212 
4537 5158 5532 
4538 7275 5171 
4539 5432 7035 
4540 8926 2981 
4541 1169 691 
4542 8078 1448 
4543 7121 1529 
4544 6732 5986 
4545 8735 4668 
4546 268 565 
4547 8567 1215 
4548 9846 8136 
4549 962 1989 
4550 5721 5844 
4551 3123 3479 
4552 2975 4152 
4553 702 4228 
4554 9132 905 
4555 2851 9222 
4556 1024 9641 
4557 4312 1373 
4558 8828 3538 
4559 3829 8538 
4560 8353 9296 
4561 8 2906 
4562 4756 3736 
4563 3944 1213 
4564 1037 3609 
4565 6247 2082 
4566 1519 6622 
4567 4065 5089 
4568 5282 4172 
4569 3953 5988 
4570 8748 1022 
4571 7971 3411 
4572 5790 251 
4573 3124 8603 
4574 1162 6577 
4575 9893 9626 
4576 7923 224 
4577 3231 1081 
4578 8477 8373 
4579 9312 7446 
4580 2451 9809 
4581 8771 9389 
4582 2983 6022 
4583 1470 67 
4584 291 8766 
4585 5845 9471 
4586 1119 8439 
4587 5948 9509 
4588 5292 4751 
4589 9961 256 
4590 7789 7431 
4591 2360 9836 
4592 5109 6439 
4593 3000 6301 
4594 4747 4815 
4595 8002 8239 
4596 2282 8741 
4597 1258 2171 
4598 2101 9760 
4599 9743 674 
4600 8120 2880 
4601 4220 313 
4602 3769 7927 
4603 9649 8913 
4604 7213 7112 
4605 9643 3490 
4606 2376 8203 
4607 2384 6468 
4608 524 5274 
4609 8375 8858 
4610 6002 7435 
4611 4803 7403 
4612 8039 90 
4613 6065 4910 
4614 5933 2417 
4615 1687 8561 
4616 2307 9191 
4617 1708 742 
4618 6607 4691 
4619 2678 6235 
4620 1543 44 
4621 1807 4517 
4622 6015 8511 
4623 1825 3256 
4624 8908 7995 
4625 8544 4693 
4626 135 428 
4627 4071 8608 
4628 4141 5730 
4629 6762 7628 
4630 4452 4765 
4631 4202 9222 
4632 7048 1767 
4633 5704 9339 
4634 2900 318 
4635 3313 5607 
4636 9004 9293 
4637 7303 4043 
4638 2838 3383 
4639 9728 730 
4640 201 3663 
4641 9063 8096 
4642 5213 4726 
4643 8593 2527 
4644 5570 6514 
4645 1162 3912 
4646 5869 4903 
4647 3838 147 
4648 4045 1044 
4649 7955 314 
4650 1308 509 
4651 227 7592 
4652 7265 2081 
4653 3176 4921 
4654 4978 7495 
4655 8880 9198 
4656 2342 8986 
4657 2944 8369 
4658 2520 4894 
4659 6693 8223 
4660 9512 5165 
4661 6533 4518 
4662 7628 307 
4663 9684 3196 
4664 7396 4898 
4665 2739 3065 
4666 1867 3011 
4667 4547 6083 
4668 649 7962 
4669 9927 52 
4670 2341 1492 
4671 5910 7914 
4672 3592 8704 
4673 3136 491 
4674 4461 9847 
4675 7384 5410 
4676 8468 4153 
4677 5184 3210 
4678 6646 2742 
4679 4371 3254 
4680 1762 7509 
4681 1803 8411 
4682 8438 3812 
4683 6386 3099 
4684 3162 6525 
4685 1942 8847 
4686 7014 8178 
4687 1334 1440 
4688 1171 5621 
4689 3625 9618 
4690 5247 6262 
4691 2942 8381 
4692 5946 7785 
4693 4253 6537 
4694 3454 4083 
4695 4156 4997 
4696 2219 3249 
4697 7902 5108 
4698 4976 6933 
4699 4199 5461 
4700 8534 4814 
4701 90 302 
4702 2470 7139 
4703 5155 3972 
4704 1307 8460 
4705 1808 5130 
4706 5506 3102 
4707 9402 7859 
4708 4558 6704 
4709 338 5717 
4710 3704 542 
4711 3478 4876 
4712 1843 1194 
4713 7938 4936 
4714 6637 841 
4715 8483 3829 
4716 5474 9697 
4717 3016 6389 
4718 3899 8429 
4719 1345 860 
4720 1828 1131 
4721 4073 2151 
4722 7098 6131 
4723 6368 9225 
4724 9283 5540 
4725 9137 8820 
4726 5464 3212 
4727 483 9329 
4728 4765 1011 
4729 9146 764 
4730 6466 2117 
4731 4653 1726 
4732 882 5498 
4733 4242 3128 
4734 504 7380 
4735 2470 2666 
4736 9937 757 
4737 8185 6141 
4738 1724 1658 
4739 7445 563 
4740 8798 5783 
4741 8303 7881 
4742 7523 9712 
4743 8775 213 
4744 7775 9474 
4745 3946 354 
4746 5026 4668 
4747 1335 9894 
4748 2729 1981 
4749 7982 908 
4750 7153 1179 
4751 7779 4546 
4752 1591 765 
4753 8754 2385 
4754 6091 390 
4755 9981 3172 
4756 4547 8175 
4757 4241 7128 
4758 3356 5807 
4759 2855 9055 
4760 2795 3753 
4761 678 4224 
4762 7505 5378 
4763 4997 4958 
4764 5501 3006 
4765 5214 3427 
4766 7067 7398 
4767 9566 3706 
4768 6874 4504 
4769 6810 3014 
4770 7355 9452 
4771 7323 7569 
4772 7878 1134 
4773 7642 3445 
4774 7175 4476 
4775 2598 3105 
4776 9925 7229 
4777 4754 7353 
4778 7411 4492 
4779 3532 8029 
4780 2592 6609 
4781 6712 5075 
4782 7497 6298 
4783 4875 1219 
4784 2510 9451 
4785 2579 5280 
4786 2289 3695 
4787 2020 8302 
4788 7754 2473 
4789 269 6180 
4790 6456 492 
4791 5897 4800 
4792 7459 3843 
4793 1106 5761 
4794 2205 9597 
4795 1824 9493 
4796 2087 3737 
4797 1870 4095 
4798 6447 2250 
4799 3581 996 
4800 8614 1000 
4801 1298 4659 
4802 6720 8819 
4803 8139 5071 
4804 8293 2564 
4805 4000 5418 
4806 196 5969 
4807 9396 2911 
4808 823 2253 
4809 2586 5308 
4810 7410 5162 
4811 1684 4554 
4812 5029 4892 
4813 2470 5131 
4814 9681 4347 
4815 2777 4047 
4816 6103 8612 
4817 9532 6499 
4818 1532 2845 
4819 9813 8199 
4820 5929 1603 
4821 1237 7961 
4822 942 4258 
4823 2922 4515 
4824 7558 9488 
4825 3310 5230 
4826 9958 2278 
4827 2700 6866 
4828 1664 9068 
4829 1554 7563 
4830 7828 4368 
4831 1170 3545 
4832 9285 8019 
4833 9235 7908 
4834 2457 336 
4835 3493 8522 
4836 3707 1162 
4837 2050 4359 
4838 667 4672 
4839 9311 9472 
4840 7572 1568 
4841 4178 2956 
4842 7182 1942 
4843 2173 1951 
4844 6394 4126 
4845 9816 516 
4846 123 6638 
4847 7085 7894 
4848 9108 2953 
4849 9373 2779 
4850 1020 9441 
4851 3728 814 
4852 9790 8892 
4853 4570 1879 
4854 4189 2994 
4855 7800 3017 
4856 1189 8336 
4857 8058 1080 
4858 4221 9484 
4859 5019 9669 
4860 2600 6886 
4861 7099 6360 
4862 1082 775 
4863 6350 4585 
4864 9832 233 
4865 4461 8811 
4866 6568 1811 
4867 9002 5141 
4868 8504 8463 
4869 6576 5821 
4870 6314 3625 
4871 8345 8163 
4872 1661 5958 
4873 7962 9144 
4874 9783 5375 
4875 4521 4586 
4876 766 9113 
4877 2479 3597 
4878 9094 2562 
4879 4855 9367 
4880 9060 9913 
4881 9846 5911 
4882 8513 7914 
4883 7445 8243 
4884 5595 758 
4885 8586 1246 
4886 165 6571 
4887 453 7970 
4888 8175 5637 
4889 3942 7567 
4890 6672 3392 
4891 8588 4560 
4892 1871 2281 
4893 151 2822 
4894 4418 6880 
4895 5471 1603 
4896 1069 9596 
4897 6494 6597 
4898 2364 9003 
4899 8968 4606 
4900 2380 4900 
4901 827 6812 
4902 8419 3499 
4903 7409 2217 
4904 5088 816 
4905 3106 4625 
4906 669 709 
4907 375 1707 
4908 3153 7418 
4909 7673 8423 
4910 50 2423 
4911 5976 3186 
4912 5511 165 
4913 8039 2233 
4914 7852 6233 
4915 5493 2952 
4916 9647 4190 
4917 5367 4317 
4918 6551 3902 
4919 6896 3949 
4920 9892 9661 
4921 930 994 
4922 4177 1698 
4923 4542 5233 
4924 4662 898 
4925 9064 5124 
4926 2810 5643 
4927 3238 2696 
4928 9286 4874 
4929 6407 453 
4930 853 1849 
4931 2080 7973 
4932 3959 3625 
4933 2130 7763 
4934 2629 9527 
4935 8775 418 
4936 3758 8846 
4937 5819 1927 
4938 9168 9994 
4939 3287 9460 
4940 2659 1780 
4941 264 6737 
4942 1887 6591 
4943 4638 6761 
4944 8381 1597 
4945 1585 7486 
4946 8219 350 
4947 5342 3834 
4948 8313 567 
4949 9119 9892 
4950 7361 2555 
4951 3849 9307 
4952 7172 7097 
4953 3071 1458 
4954 9358 7937 
4955 8820 2664 
4956 2043 9572 
4957 397 579 
4958 5716 3063 
4959 4100 9368 
4960 5586 1155 
4961 5369 5305 
4962 3699 1597 
4963 9907 1963 
4964 8025 7005 
4965 4772 2707 
4966 2448 1101 
4967 2491 1245 
4968 1784 7328 
4969 3859 3433 
4970 3568 3324 
4971 3993 3938 
4972 5620 6245 
4973 6203 4092 
4974 3741 3800 
4975 1595 2026 
4976 5463 7040 
4977 6435 8137 
4978 544 4025 
4979 7714 4268 
4980 1659 4015 
4981 3572 6532 
4982 9188 3873 
4983 6960 6652 
4984 7359 7592 
4985 1979 911 
4986 9257 8126 
4987 4651 9910 
4988 7808 1501 
4989 518 8082 
4990 6383 117 
4991 1848 114 
4992 5201 3912 
4993 2338 8530 
4994 486 4262 
4995 4416 4288 
4996 5555 4161 
4997 7443 3884 
4998 7284 5932 
4999 6413 635 
5000 3997 7109 
