npieces: 2000
capacity: 4254477376
1 4955405 3955405 
2 5655175 4655175 
3 3669721 2669721 
4 9878984 8878984 
5 4443727 3443727 
6 10282777 9282777 
7 2386840 1386840 
8 1805125 805125 
9 4479641 3479641 
10 6250683 5250683 
11 7748823 6748823 
12 7232050 6232050 
13 8349642 7349642 
14 2029763 1029763 
15 7081945 6081945 
16 2662461 1662461 
17 4355106 3355106 
18 6676936 5676936 
19 2712855 1712855 
20 4462028 3462028 
21 4787409 3787409 
22 5485792 4485792 
23 4811736 3811736 
24 5002644 4002644 
25 3831321 2831321 
26 8348548 7348548 
27 4343913 3343913 
28 4188363 3188363 
29 7096866 6096866 
30 5654800 4654800 
31 2764794 1764794 
32 4977141 3977141 
33 2987354 1987354 
34 2988263 1988263 
35 6766357 5766357 
36 3034971 2034971 
37 1610886 610886 
38 10446388 9446388 
39 6561979 5561979 
40 10613787 9613787 
41 8560746 7560746 
42 4528971 3528971 
43 9159325 8159325 
44 10473048 9473048 
45 7155729 6155729 
46 4839725 3839725 
47 8470260 7470260 
48 1580177 580177 
49 8303418 7303418 
50 3807786 2807786 
51 6030845 5030845 
52 7979792 6979792 
53 7498463 6498463 
54 8224545 7224545 
55 1219477 219477 
56 9785081 8785081 
57 8282723 7282723 
58 9126755 8126755 
59 7228652 6228652 
60 1753474 753474 
61 6584791 5584791 
62 9212598 8212598 
63 6072297 5072297 
64 3210689 2210689 
65 3709929 2709929 
66 2720885 1720885 
67 2282650 1282650 
68 5754784 4754784 
69 6099049 5099049 
70 6344533 5344533 
71 8228822 7228822 
72 5855214 4855214 
73 1184121 184121 
74 8694978 7694978 
75 10529650 9529650 
76 6747792 5747792 
77 7357009 6357009 
78 2192360 1192360 
79 7132316 6132316 
80 7300437 6300437 
81 5481900 4481900 
82 10073037 9073037 
83 8044887 7044887 
84 3342823 2342823 
85 1806291 806291 
86 7736219 6736219 
87 7344147 6344147 
88 10254044 9254044 
89 6486468 5486468 
90 3764220 2764220 
91 10283752 9283752 
92 5001196 4001196 
93 9005951 8005951 
94 6354078 5354078 
95 3746031 2746031 
96 7014718 6014718 
97 9667820 8667820 
98 9971030 8971030 
99 7548733 6548733 
100 9515355 8515355 
101 5600492 4600492 
102 8741344 7741344 
103 6468861 5468861 
104 6853956 5853956 
105 5198074 4198074 
106 6325444 5325444 
107 9429545 8429545 
108 5260830 4260830 
109 1270398 270398 
110 10758485 9758485 
111 5289573 4289573 
112 6033291 5033291 
113 6604974 5604974 
114 8145108 7145108 
115 8501112 7501112 
116 6058901 5058901 
117 3748769 2748769 
118 8462769 7462769 
119 5574887 4574887 
120 2406596 1406596 
121 1140466 140466 
122 5143281 4143281 
123 8914608 7914608 
124 1659855 659855 
125 5265165 4265165 
126 10769963 9769963 
127 3804832 2804832 
128 10107119 9107119 
129 9527193 8527193 
130 1475884 475884 
131 10545873 9545873 
132 4544590 3544590 
133 4108162 3108162 
134 8220090 7220090 
135 6258884 5258884 
136 9889055 8889055 
137 8980897 7980897 
138 5753462 4753462 
139 8386455 7386455 
140 8360007 7360007 
141 4347915 3347915 
142 7365594 6365594 
143 1686499 686499 
144 8003256 7003256 
145 9017459 8017459 
146 1828066 828066 
147 3045684 2045684 
148 2823647 1823647 
149 8280637 7280637 
150 6876744 5876744 
151 2906022 1906022 
152 10839987 9839987 
153 7579296 6579296 
154 3836391 2836391 
155 10923544 9923544 
156 3343342 2343342 
157 5762294 4762294 
158 10266689 9266689 
159 5440016 4440016 
160 1713625 713625 
161 1013027 13027 
162 8998300 7998300 
163 4329899 3329899 
164 10374975 9374975 
165 7648672 6648672 
166 4478407 3478407 
167 9153087 8153087 
168 7382403 6382403 
169 3959715 2959715 
170 4686330 3686330 
171 1554063 554063 
172 3424206 2424206 
173 5583469 4583469 
174 3251675 2251675 
175 5823529 4823529 
176 7183712 6183712 
177 8562991 7562991 
178 3801245 2801245 
179 1424608 424608 
180 7913224 6913224 
181 10772762 9772762 
182 3644227 2644227 
183 4134370 3134370 
184 6337199 5337199 
185 10152706 9152706 
186 6635139 5635139 
187 5330805 4330805 
188 4913934 3913934 
189 6363053 5363053 
190 1912901 912901 
191 6655954 5655954 
192 1564288 564288 
193 9114814 8114814 
194 5071946 4071946 
195 10988446 9988446 
196 1608945 608945 
197 1143353 143353 
198 7408874 6408874 
199 1042049 42049 
200 2316918 1316918 
201 9378738 8378738 
202 9597558 8597558 
203 8124645 7124645 
204 3103991 2103991 
205 6519319 5519319 
206 6219708 5219708 
207 8797005 7797005 
208 7409159 6409159 
209 8558998 7558998 
210 7801384 6801384 
211 6990159 5990159 
212 8881748 7881748 
213 6510380 5510380 
214 6894983 5894983 
215 3840816 2840816 
216 10782138 9782138 
217 10077260 9077260 
218 7887847 6887847 
219 5137306 4137306 
220 6487154 5487154 
221 9775016 8775016 
222 4343067 3343067 
223 8035708 7035708 
224 5556967 4556967 
225 7811870 6811870 
226 2441435 1441435 
227 9135486 8135486 
228 1983785 983785 
229 7753666 6753666 
230 10994183 9994183 
231 5632288 4632288 
232 1953402 953402 
233 8058756 7058756 
234 2412812 1412812 
235 1325166 325166 
236 7526150 6526150 
237 7103486 6103486 
238 3911391 2911391 
239 4553314 3553314 
240 3639856 2639856 
241 9227613 8227613 
242 3821607 2821607 
243 4295382 3295382 
244 7756168 6756168 
245 1997545 997545 
246 5308919 4308919 
247 1094180 94180 
248 7851992 6851992 
249 1346354 346354 
250 4805817 3805817 
251 2411228 1411228 
252 6918622 5918622 
253 5874393 4874393 
254 3214758 2214758 
255 6308129 5308129 
256 5829651 4829651 
257 7197816 6197816 
258 5971953 4971953 
259 6037792 5037792 
260 1066538 66538 
261 1871023 871023 
262 8922244 7922244 
263 7453614 6453614 
264 6711828 5711828 
265 9471436 8471436 
266 5388257 4388257 
267 9451517 8451517 
268 2400192 1400192 
269 7565078 6565078 
270 4916139 3916139 
271 10462587 9462587 
272 6760929 5760929 
273 1913014 913014 
274 2650814 1650814 
275 3027912 2027912 
276 1470439 470439 
277 9293251 8293251 
278 2178936 1178936 
279 5455697 4455697 
280 3686415 2686415 
281 3015272 2015272 
282 10545435 9545435 
283 2152846 1152846 
284 2383894 1383894 
285 7176372 6176372 
286 3626827 2626827 
287 1458260 458260 
288 4016137 3016137 
289 4124670 3124670 
290 10835633 9835633 
291 5664215 4664215 
292 4411960 3411960 
293 9427443 8427443 
294 10630338 9630338 
295 8201536 7201536 
296 8220488 7220488 
297 6190398 5190398 
298 10831898 9831898 
299 9773927 8773927 
300 6703208 5703208 
301 9787730 8787730 
302 5966594 4966594 
303 5790254 4790254 
304 1082908 82908 
305 1107543 107543 
306 1044369 44369 
307 7319289 6319289 
308 10248117 9248117 
309 9572015 8572015 
310 6839150 5839150 
311 8287565 7287565 
312 5719393 4719393 
313 2191779 1191779 
314 1324339 324339 
315 6228484 5228484 
316 1472990 472990 
317 10870703 9870703 
318 5822061 4822061 
319 3770026 2770026 
320 8779722 7779722 
321 3082598 2082598 
322 10454848 9454848 
323 1432312 432312 
324 1121559 121559 
325 9530499 8530499 
326 9003815 8003815 
327 2476651 1476651 
328 2660378 1660378 
329 7787918 6787918 
330 4115418 3115418 
331 4545919 3545919 
332 3554114 2554114 
333 2119208 1119208 
334 9551176 8551176 
335 6840973 5840973 
336 3122021 2122021 
337 8747891 7747891 
338 8620739 7620739 
339 6622526 5622526 
340 7806006 6806006 
341 7396000 6396000 
342 4553148 3553148 
343 5231275 4231275 
344 1487955 487955 
345 3336342 2336342 
346 3764387 2764387 
347 5951891 4951891 
348 5508731 4508731 
349 10968124 9968124 
350 7850736 6850736 
351 9379512 8379512 
352 9242845 8242845 
353 3377251 2377251 
354 5885760 4885760 
355 2426838 1426838 
356 7643659 6643659 
357 10837331 9837331 
358 8503831 7503831 
359 9440833 8440833 
360 5793806 4793806 
361 8042992 7042992 
362 8751044 7751044 
363 4982554 3982554 
364 3248019 2248019 
365 1228169 228169 
366 2580450 1580450 
367 5163949 4163949 
368 2820290 1820290 
369 3999934 2999934 
370 7905786 6905786 
371 4350698 3350698 
372 9571631 8571631 
373 9048075 8048075 
374 3833030 2833030 
375 1604478 604478 
376 10767081 9767081 
377 8202485 7202485 
378 3817745 2817745 
379 7185678 6185678 
380 5183536 4183536 
381 7142863 6142863 
382 3969594 2969594 
383 8211472 7211472 
384 7531205 6531205 
385 6411945 5411945 
386 9991511 8991511 
387 9152069 8152069 
388 8712921 7712921 
389 9252950 8252950 
390 7400565 6400565 
391 8903127 7903127 
392 3222823 2222823 
393 7013273 6013273 
394 2504190 1504190 
395 9596939 8596939 
396 7094429 6094429 
397 4749932 3749932 
398 7921460 6921460 
399 2365218 1365218 
400 1078069 78069 
401 7568364 6568364 
402 8684761 7684761 
403 3116498 2116498 
404 10009187 9009187 
405 6609124 5609124 
406 7120369 6120369 
407 1418588 418588 
408 2452519 1452519 
409 2217588 1217588 
410 8370719 7370719 
411 9188298 8188298 
412 4936386 3936386 
413 6006109 5006109 
414 10001708 9001708 
415 5393735 4393735 
416 4697477 3697477 
417 1587564 587564 
418 10343079 9343079 
419 10370458 9370458 
420 9694404 8694404 
421 2883969 1883969 
422 8049958 7049958 
423 10675265 9675265 
424 4848234 3848234 
425 9130940 8130940 
426 10538410 9538410 
427 5800358 4800358 
428 10833830 9833830 
429 8724675 7724675 
430 9567649 8567649 
431 5464960 4464960 
432 2373572 1373572 
433 9174833 8174833 
434 2920196 1920196 
435 7732809 6732809 
436 10606486 9606486 
437 1128990 128990 
438 1479713 479713 
439 9249495 8249495 
440 2449680 1449680 
441 6405703 5405703 
442 10881651 9881651 
443 5981082 4981082 
444 8811764 7811764 
445 6559194 5559194 
446 4431789 3431789 
447 7636593 6636593 
448 3439394 2439394 
449 2568929 1568929 
450 7106006 6106006 
451 7024169 6024169 
452 6067089 5067089 
453 3283912 2283912 
454 6243213 5243213 
455 3520402 2520402 
456 4558427 3558427 
457 8482572 7482572 
458 7014382 6014382 
459 3148096 2148096 
460 8727282 7727282 
461 8144770 7144770 
462 3127693 2127693 
463 1378139 378139 
464 6080368 5080368 
465 4528194 3528194 
466 1526559 526559 
467 7330595 6330595 
468 2068493 1068493 
469 6508974 5508974 
470 10072249 9072249 
471 5925253 4925253 
472 8695978 7695978 
473 5750818 4750818 
474 7376432 6376432 
475 1395410 395410 
476 1411594 411594 
477 10855738 9855738 
478 4076831 3076831 
479 8188194 7188194 
480 6517536 5517536 
481 9652538 8652538 
482 4622086 3622086 
483 2144836 1144836 
484 6632066 5632066 
485 9052062 8052062 
486 6018063 5018063 
487 2273376 1273376 
488 6569725 5569725 
489 10112959 9112959 
490 1270253 270253 
491 9914284 8914284 
492 9871555 8871555 
493 2294559 1294559 
494 4982621 3982621 
495 4391111 3391111 
496 10355520 9355520 
497 7914193 6914193 
498 4161742 3161742 
499 7623349 6623349 
500 1877515 877515 
501 7576072 6576072 
502 1191069 191069 
503 1837944 837944 
504 7254647 6254647 
505 5683898 4683898 
506 1314553 314553 
507 1607239 607239 
508 2910920 1910920 
509 8516464 7516464 
510 5295974 4295974 
511 1460590 460590 
512 7000194 6000194 
513 9788205 8788205 
514 5460573 4460573 
515 7846209 6846209 
516 4121821 3121821 
517 5593080 4593080 
518 3608208 2608208 
519 4554174 3554174 
520 2160086 1160086 
521 3676424 2676424 
522 2456010 1456010 
523 1377854 377854 
524 10285407 9285407 
525 10813708 9813708 
526 6631029 5631029 
527 7925080 6925080 
528 9823799 8823799 
529 1760916 760916 
530 10940726 9940726 
531 7452371 6452371 
532 6321620 5321620 
533 1188895 188895 
534 5691059 4691059 
535 4203333 3203333 
536 5476604 4476604 
537 4944962 3944962 
538 8812788 7812788 
539 9031628 8031628 
540 9101170 8101170 
541 9100145 8100145 
542 9906535 8906535 
543 1460712 460712 
544 1822414 822414 
545 5349229 4349229 
546 3066237 2066237 
547 5919476 4919476 
548 1854310 854310 
549 7295562 6295562 
550 1821811 821811 
551 3267391 2267391 
552 5374440 4374440 
553 10399516 9399516 
554 3716523 2716523 
555 6273995 5273995 
556 9476106 8476106 
557 1971262 971262 
558 2996920 1996920 
559 4066593 3066593 
560 3250776 2250776 
561 1954494 954494 
562 4584313 3584313 
563 2962255 1962255 
564 7824300 6824300 
565 4182504 3182504 
566 1718748 718748 
567 1944704 944704 
568 6364604 5364604 
569 9019885 8019885 
570 10353860 9353860 
571 8541110 7541110 
572 2980813 1980813 
573 5876272 4876272 
574 6639237 5639237 
575 9892006 8892006 
576 7041286 6041286 
577 10621870 9621870 
578 1975052 975052 
579 2864304 1864304 
580 7853535 6853535 
581 8387719 7387719 
582 1172636 172636 
583 8498681 7498681 
584 9188792 8188792 
585 2522029 1522029 
586 9861299 8861299 
587 7669287 6669287 
588 5424262 4424262 
589 1663272 663272 
590 8114955 7114955 
591 5064760 4064760 
592 9979304 8979304 
593 2450691 1450691 
594 7071804 6071804 
595 10893695 9893695 
596 1644248 644248 
597 9312215 8312215 
598 8033022 7033022 
599 9426365 8426365 
600 9874620 8874620 
601 7632113 6632113 
602 10270989 9270989 
603 2527704 1527704 
604 4020764 3020764 
605 4872099 3872099 
606 2201509 1201509 
607 5413818 4413818 
608 3954479 2954479 
609 9428900 8428900 
610 4241197 3241197 
611 8587977 7587977 
612 2433166 1433166 
613 8662948 7662948 
614 1244016 244016 
615 5393406 4393406 
616 10645962 9645962 
617 6114801 5114801 
618 9615622 8615622 
619 1871524 871524 
620 1532569 532569 
621 9588415 8588415 
622 9876433 8876433 
623 2530095 1530095 
624 6551083 5551083 
625 5767575 4767575 
626 4212387 3212387 
627 9637303 8637303 
628 5556251 4556251 
629 10487263 9487263 
630 4560381 3560381 
631 7942159 6942159 
632 2903169 1903169 
633 7580162 6580162 
634 2717426 1717426 
635 10935942 9935942 
636 6330020 5330020 
637 10354107 9354107 
638 5559851 4559851 
639 2767674 1767674 
640 4398668 3398668 
641 5439747 4439747 
642 3170051 2170051 
643 2056596 1056596 
644 8410166 7410166 
645 7947925 6947925 
646 8936274 7936274 
647 8850531 7850531 
648 8966433 7966433 
649 8630554 7630554 
650 3743944 2743944 
651 6730520 5730520 
652 9476486 8476486 
653 8794359 7794359 
654 9767151 8767151 
655 1051036 51036 
656 6797284 5797284 
657 2774063 1774063 
658 4589650 3589650 
659 9404746 8404746 
660 6189625 5189625 
661 6068853 5068853 
662 1606460 606460 
663 8504588 7504588 
664 1375373 375373 
665 2277202 1277202 
666 5411865 4411865 
667 5041429 4041429 
668 1979687 979687 
669 10485743 9485743 
670 4084986 3084986 
671 7832376 6832376 
672 1943907 943907 
673 3745536 2745536 
674 10942388 9942388 
675 3130724 2130724 
676 7167004 6167004 
677 10342477 9342477 
678 4496039 3496039 
679 6584253 5584253 
680 10179907 9179907 
681 5060446 4060446 
682 2918172 1918172 
683 5522647 4522647 
684 4018833 3018833 
685 9754947 8754947 
686 1535176 535176 
687 4610193 3610193 
688 2310489 1310489 
689 10745085 9745085 
690 9202798 8202798 
691 10160908 9160908 
692 5962230 4962230 
693 3909005 2909005 
694 8753056 7753056 
695 2323527 1323527 
696 8371812 7371812 
697 1669142 669142 
698 4966949 3966949 
699 1167704 167704 
700 8390763 7390763 
701 7099441 6099441 
702 5628662 4628662 
703 2742217 1742217 
704 2333302 1333302 
705 7571661 6571661 
706 8511843 7511843 
707 8836749 7836749 
708 9729410 8729410 
709 4816449 3816449 
710 6749139 5749139 
711 4229790 3229790 
712 9568434 8568434 
713 1274608 274608 
714 3778344 2778344 
715 2808116 1808116 
716 3726335 2726335 
717 5367192 4367192 
718 2399553 1399553 
719 2320163 1320163 
720 1483788 483788 
721 3359799 2359799 
722 5153945 4153945 
723 3640658 2640658 
724 1770135 770135 
725 2002842 1002842 
726 2280588 1280588 
727 10134611 9134611 
728 6872460 5872460 
729 1174915 174915 
730 7346490 6346490 
731 5763108 4763108 
732 3265844 2265844 
733 3128566 2128566 
734 2397828 1397828 
735 9384961 8384961 
736 2073354 1073354 
737 8706208 7706208 
738 1844532 844532 
739 5691876 4691876 
740 4019758 3019758 
741 10545637 9545637 
742 8762553 7762553 
743 3653403 2653403 
744 8244723 7244723 
745 3386629 2386629 
746 4869007 3869007 
747 3290243 2290243 
748 1199123 199123 
749 5446377 4446377 
750 3188925 2188925 
751 4573542 3573542 
752 3571458 2571458 
753 3802896 2802896 
754 10293752 9293752 
755 5577583 4577583 
756 6592991 5592991 
757 10816273 9816273 
758 7570405 6570405 
759 9282630 8282630 
760 6088455 5088455 
761 3652428 2652428 
762 2422140 1422140 
763 7768780 6768780 
764 1002820 2820 
765 1375665 375665 
766 5662344 4662344 
767 5348468 4348468 
768 6531235 5531235 
769 3065900 2065900 
770 5530059 4530059 
771 1693756 693756 
772 6864355 5864355 
773 10990252 9990252 
774 10193598 9193598 
775 10855623 9855623 
776 5091081 4091081 
777 9400143 8400143 
778 10767989 9767989 
779 2582041 1582041 
780 1587729 587729 
781 2206380 1206380 
782 5988385 4988385 
783 10898030 9898030 
784 4160191 3160191 
785 2456124 1456124 
786 6815024 5815024 
787 7115447 6115447 
788 7887763 6887763 
789 6259813 5259813 
790 4803599 3803599 
791 2040114 1040114 
792 2410970 1410970 
793 10386725 9386725 
794 3854991 2854991 
795 9961125 8961125 
796 4332385 3332385 
797 1267671 267671 
798 4972645 3972645 
799 3410614 2410614 
800 6051909 5051909 
801 7592357 6592357 
802 2603851 1603851 
803 1716586 716586 
804 4627302 3627302 
805 10392331 9392331 
806 7486405 6486405 
807 4562360 3562360 
808 10251770 9251770 
809 4297603 3297603 
810 10992766 9992766 
811 8589257 7589257 
812 8237501 7237501 
813 7754451 6754451 
814 10781649 9781649 
815 5774799 4774799 
816 8047430 7047430 
817 5176559 4176559 
818 3157475 2157475 
819 6431615 5431615 
820 9028981 8028981 
821 6854156 5854156 
822 9639661 8639661 
823 1746348 746348 
824 6398857 5398857 
825 10071106 9071106 
826 5265943 4265943 
827 2618114 1618114 
828 4855758 3855758 
829 4365660 3365660 
830 5432960 4432960 
831 8379739 7379739 
832 6680307 5680307 
833 9638720 8638720 
834 9355354 8355354 
835 5088193 4088193 
836 8859898 7859898 
837 3852149 2852149 
838 5853747 4853747 
839 4409217 3409217 
840 8953288 7953288 
841 4960214 3960214 
842 2131918 1131918 
843 4735336 3735336 
844 1587804 587804 
845 4891346 3891346 
846 2052399 1052399 
847 1194653 194653 
848 8497564 7497564 
849 1066973 66973 
850 10220214 9220214 
851 1928730 928730 
852 9922891 8922891 
853 4058231 3058231 
854 4871523 3871523 
855 2697929 1697929 
856 9416088 8416088 
857 6745047 5745047 
858 4508984 3508984 
859 8480183 7480183 
860 1257167 257167 
861 2698036 1698036 
862 7229756 6229756 
863 5027447 4027447 
864 1288882 288882 
865 5301039 4301039 
866 6347547 5347547 
867 4122646 3122646 
868 2896739 1896739 
869 2470752 1470752 
870 6589803 5589803 
871 7362742 6362742 
872 9459832 8459832 
873 3497339 2497339 
874 2368649 1368649 
875 3868233 2868233 
876 2682289 1682289 
877 5154847 4154847 
878 9348258 8348258 
879 4595692 3595692 
880 1388869 388869 
881 10898363 9898363 
882 3041998 2041998 
883 3318237 2318237 
884 5635416 4635416 
885 6723613 5723613 
886 9315158 8315158 
887 2761627 1761627 
888 1340682 340682 
889 10823192 9823192 
890 6618774 5618774 
891 5198489 4198489 
892 1514665 514665 
893 1077202 77202 
894 10633982 9633982 
895 10790174 9790174 
896 7761158 6761158 
897 5141928 4141928 
898 4226098 3226098 
899 7284796 6284796 
900 8434661 7434661 
901 2006078 1006078 
902 6037457 5037457 
903 8702186 7702186 
904 8905742 7905742 
905 5505190 4505190 
906 9098579 8098579 
907 1427392 427392 
908 2384896 1384896 
909 5070507 4070507 
910 2902028 1902028 
911 6120527 5120527 
912 5803717 4803717 
913 9991868 8991868 
914 9370957 8370957 
915 9043227 8043227 
916 1808481 808481 
917 3744112 2744112 
918 7937194 6937194 
919 2385975 1385975 
920 2825316 1825316 
921 1597498 597498 
922 2213973 1213973 
923 4045051 3045051 
924 5171231 4171231 
925 4559786 3559786 
926 10676777 9676777 
927 9628515 8628515 
928 2874995 1874995 
929 6408029 5408029 
930 8517827 7517827 
931 5826695 4826695 
932 3189189 2189189 
933 8980739 7980739 
934 2599115 1599115 
935 3689139 2689139 
936 3066893 2066893 
937 6604171 5604171 
938 3906897 2906897 
939 6841634 5841634 
940 10305038 9305038 
941 9580397 8580397 
942 3150161 2150161 
943 1255004 255004 
944 2091296 1091296 
945 1818259 818259 
946 8865625 7865625 
947 9273001 8273001 
948 3057449 2057449 
949 3348069 2348069 
950 6504514 5504514 
951 1237040 237040 
952 6178474 5178474 
953 2634224 1634224 
954 9934617 8934617 
955 8561201 7561201 
956 4702325 3702325 
957 4988466 3988466 
958 2397090 1397090 
959 3237084 2237084 
960 2914813 1914813 
961 5221508 4221508 
962 4120690 3120690 
963 10088652 9088652 
964 5952070 4952070 
965 8048676 7048676 
966 10238523 9238523 
967 3863075 2863075 
968 1623547 623547 
969 1389150 389150 
970 10836005 9836005 
971 4187202 3187202 
972 9428510 8428510 
973 3809879 2809879 
974 5308503 4308503 
975 10139301 9139301 
976 8562905 7562905 
977 6056822 5056822 
978 1505556 505556 
979 2720602 1720602 
980 10542452 9542452 
981 3036784 2036784 
982 5020930 4020930 
983 3683868 2683868 
984 8411744 7411744 
985 6454766 5454766 
986 4008199 3008199 
987 9533328 8533328 
988 6943728 5943728 
989 2677340 1677340 
990 3246412 2246412 
991 8248603 7248603 
992 7597991 6597991 
993 10101840 9101840 
994 6135907 5135907 
995 4174046 3174046 
996 7759020 6759020 
997 4100885 3100885 
998 10091525 9091525 
999 1508431 508431 
1000 2525658 1525658 
1001 3370964 2370964 
1002 9365364 8365364 
1003 1076725 76725 
1004 10326772 9326772 
1005 1881566 881566 
1006 7845247 6845247 
1007 2522176 1522176 
1008 8503158 7503158 
1009 9757336 8757336 
1010 1665956 665956 
1011 3933954 2933954 
1012 10200710 9200710 
1013 8812804 7812804 
1014 8333007 7333007 
1015 9587982 8587982 
1016 5227785 4227785 
1017 4366056 3366056 
1018 3398849 2398849 
1019 2292460 1292460 
1020 8517714 7517714 
1021 7113501 6113501 
1022 1032716 32716 
1023 3304885 2304885 
1024 10861046 9861046 
1025 3076085 2076085 
1026 5555130 4555130 
1027 10419601 9419601 
1028 5425851 4425851 
1029 3179082 2179082 
1030 8567822 7567822 
1031 1263947 263947 
1032 9006255 8006255 
1033 2101919 1101919 
1034 10616418 9616418 
1035 6742926 5742926 
1036 3719124 2719124 
1037 6714486 5714486 
1038 8527535 7527535 
1039 4158655 3158655 
1040 8199289 7199289 
1041 10510510 9510510 
1042 9016363 8016363 
1043 2024438 1024438 
1044 7570980 6570980 
1045 7309077 6309077 
1046 2810381 1810381 
1047 6262681 5262681 
1048 7239851 6239851 
1049 8091154 7091154 
1050 8797804 7797804 
1051 8021015 7021015 
1052 1384930 384930 
1053 2867560 1867560 
1054 9021509 8021509 
1055 7285567 6285567 
1056 9731054 8731054 
1057 7086760 6086760 
1058 6322460 5322460 
1059 7141306 6141306 
1060 1194808 194808 
1061 10775606 9775606 
1062 8528953 7528953 
1063 7321771 6321771 
1064 3442557 2442557 
1065 3874293 2874293 
1066 8400531 7400531 
1067 8418658 7418658 
1068 7515139 6515139 
1069 1706898 706898 
1070 4365259 3365259 
1071 3883575 2883575 
1072 2573798 1573798 
1073 5368682 4368682 
1074 9919823 8919823 
1075 7221897 6221897 
1076 3148177 2148177 
1077 2371481 1371481 
1078 5293343 4293343 
1079 10769107 9769107 
1080 4681032 3681032 
1081 9261984 8261984 
1082 8484396 7484396 
1083 4736231 3736231 
1084 9943649 8943649 
1085 4454962 3454962 
1086 1674204 674204 
1087 7272907 6272907 
1088 10187667 9187667 
1089 5955483 4955483 
1090 9571627 8571627 
1091 3724845 2724845 
1092 2298342 1298342 
1093 6163278 5163278 
1094 9539051 8539051 
1095 5383299 4383299 
1096 3865162 2865162 
1097 4635529 3635529 
1098 8524716 7524716 
1099 9493443 8493443 
1100 2275396 1275396 
1101 5986087 4986087 
1102 9128502 8128502 
1103 9808444 8808444 
1104 9776707 8776707 
1105 9062402 8062402 
1106 8237875 7237875 
1107 1579664 579664 
1108 9559057 8559057 
1109 2091266 1091266 
1110 5663978 4663978 
1111 6029262 5029262 
1112 4279653 3279653 
1113 2901575 1901575 
1114 4544678 3544678 
1115 4797104 3797104 
1116 8189333 7189333 
1117 1504367 504367 
1118 2380085 1380085 
1119 5157998 4157998 
1120 6143080 5143080 
1121 8193284 7193284 
1122 6852492 5852492 
1123 8991676 7991676 
1124 9084041 8084041 
1125 9405829 8405829 
1126 3511944 2511944 
1127 2655719 1655719 
1128 4667800 3667800 
1129 3960079 2960079 
1130 10293199 9293199 
1131 8286472 7286472 
1132 8636123 7636123 
1133 6639912 5639912 
1134 4762197 3762197 
1135 3416162 2416162 
1136 10472338 9472338 
1137 5516328 4516328 
1138 6701434 5701434 
1139 7309790 6309790 
1140 1719016 719016 
1141 2611013 1611013 
1142 6586449 5586449 
1143 2112288 1112288 
1144 2173445 1173445 
1145 9030073 8030073 
1146 8091388 7091388 
1147 9702469 8702469 
1148 10872512 9872512 
1149 10295058 9295058 
1150 4407347 3407347 
1151 1532092 532092 
1152 7863538 6863538 
1153 5948438 4948438 
1154 10598115 9598115 
1155 1876926 876926 
1156 8089702 7089702 
1157 1685712 685712 
1158 9692659 8692659 
1159 2539883 1539883 
1160 2612332 1612332 
1161 3688891 2688891 
1162 1364897 364897 
1163 1177858 177858 
1164 3086733 2086733 
1165 1802762 802762 
1166 2825355 1825355 
1167 5557053 4557053 
1168 3700184 2700184 
1169 6340882 5340882 
1170 10073034 9073034 
1171 1784647 784647 
1172 3581019 2581019 
1173 7544021 6544021 
1174 9452601 8452601 
1175 8821339 7821339 
1176 1506222 506222 
1177 3162156 2162156 
1178 7227091 6227091 
1179 8700026 7700026 
1180 2331433 1331433 
1181 10568720 9568720 
1182 8945850 7945850 
1183 5768392 4768392 
1184 5959733 4959733 
1185 2572037 1572037 
1186 5966676 4966676 
1187 10350212 9350212 
1188 1163200 163200 
1189 10894243 9894243 
1190 4839056 3839056 
1191 10006050 9006050 
1192 4387146 3387146 
1193 2658242 1658242 
1194 9774023 8774023 
1195 1389063 389063 
1196 10809373 9809373 
1197 3370433 2370433 
1198 2409277 1409277 
1199 10146529 9146529 
1200 5110169 4110169 
1201 2361587 1361587 
1202 3842246 2842246 
1203 5397664 4397664 
1204 5676333 4676333 
1205 6618151 5618151 
1206 2464005 1464005 
1207 8617236 7617236 
1208 10899810 9899810 
1209 4862803 3862803 
1210 8975952 7975952 
1211 4948132 3948132 
1212 9323025 8323025 
1213 1357405 357405 
1214 3656367 2656367 
1215 3258152 2258152 
1216 9851445 8851445 
1217 2935557 1935557 
1218 2374916 1374916 
1219 5295460 4295460 
1220 1983451 983451 
1221 8088177 7088177 
1222 7705156 6705156 
1223 3981090 2981090 
1224 2173366 1173366 
1225 8677974 7677974 
1226 4273891 3273891 
1227 2121579 1121579 
1228 4355023 3355023 
1229 3085761 2085761 
1230 5563982 4563982 
1231 4796769 3796769 
1232 6543065 5543065 
1233 2320384 1320384 
1234 9941394 8941394 
1235 3312444 2312444 
1236 1567522 567522 
1237 2318639 1318639 
1238 7370266 6370266 
1239 3228255 2228255 
1240 2837414 1837414 
1241 7776226 6776226 
1242 1638549 638549 
1243 2775958 1775958 
1244 6365118 5365118 
1245 1955052 955052 
1246 10958710 9958710 
1247 8902639 7902639 
1248 6899189 5899189 
1249 7529674 6529674 
1250 6602645 5602645 
1251 5019186 4019186 
1252 1273339 273339 
1253 6561455 5561455 
1254 6469875 5469875 
1255 10619774 9619774 
1256 5535539 4535539 
1257 3951917 2951917 
1258 4491034 3491034 
1259 2763009 1763009 
1260 4283495 3283495 
1261 8122365 7122365 
1262 6621859 5621859 
1263 9280851 8280851 
1264 3083419 2083419 
1265 7000171 6000171 
1266 2765522 1765522 
1267 5103728 4103728 
1268 10125951 9125951 
1269 10984289 9984289 
1270 3441883 2441883 
1271 5563984 4563984 
1272 5373182 4373182 
1273 10229518 9229518 
1274 10984520 9984520 
1275 2627237 1627237 
1276 10240499 9240499 
1277 4421554 3421554 
1278 9408114 8408114 
1279 5373872 4373872 
1280 8395643 7395643 
1281 4086153 3086153 
1282 7974316 6974316 
1283 9619648 8619648 
1284 1733861 733861 
1285 9463249 8463249 
1286 10205824 9205824 
1287 5907657 4907657 
1288 3901894 2901894 
1289 2780410 1780410 
1290 4238993 3238993 
1291 2033181 1033181 
1292 8221738 7221738 
1293 10169962 9169962 
1294 9094943 8094943 
1295 10734665 9734665 
1296 6490341 5490341 
1297 3037673 2037673 
1298 9761705 8761705 
1299 8548367 7548367 
1300 9237895 8237895 
1301 1706416 706416 
1302 7517613 6517613 
1303 10478843 9478843 
1304 6007917 5007917 
1305 9760393 8760393 
1306 1770123 770123 
1307 6971556 5971556 
1308 1979508 979508 
1309 8779426 7779426 
1310 2032520 1032520 
1311 7435009 6435009 
1312 1191369 191369 
1313 5497332 4497332 
1314 10013550 9013550 
1315 8762469 7762469 
1316 4251996 3251996 
1317 2416715 1416715 
1318 10907984 9907984 
1319 6697112 5697112 
1320 8016243 7016243 
1321 2835825 1835825 
1322 7093354 6093354 
1323 6714004 5714004 
1324 9435099 8435099 
1325 1501435 501435 
1326 6534823 5534823 
1327 4305753 3305753 
1328 5969977 4969977 
1329 4806703 3806703 
1330 2388029 1388029 
1331 8464749 7464749 
1332 7851518 6851518 
1333 7230224 6230224 
1334 8835444 7835444 
1335 10578036 9578036 
1336 6767096 5767096 
1337 8154249 7154249 
1338 5806212 4806212 
1339 9062759 8062759 
1340 10455430 9455430 
1341 7226674 6226674 
1342 5503387 4503387 
1343 3611252 2611252 
1344 6311140 5311140 
1345 10422209 9422209 
1346 9403645 8403645 
1347 1571826 571826 
1348 8927908 7927908 
1349 7200400 6200400 
1350 4595142 3595142 
1351 6238463 5238463 
1352 6750526 5750526 
1353 1105734 105734 
1354 2937163 1937163 
1355 4672185 3672185 
1356 8718782 7718782 
1357 9377957 8377957 
1358 10835359 9835359 
1359 5572629 4572629 
1360 10489371 9489371 
1361 5728112 4728112 
1362 6609201 5609201 
1363 9898463 8898463 
1364 9387048 8387048 
1365 7757047 6757047 
1366 4905362 3905362 
1367 1134798 134798 
1368 3699748 2699748 
1369 3117888 2117888 
1370 2769365 1769365 
1371 5050435 4050435 
1372 3523820 2523820 
1373 10976852 9976852 
1374 8718352 7718352 
1375 1469470 469470 
1376 5655504 4655504 
1377 7608355 6608355 
1378 8708478 7708478 
1379 2509885 1509885 
1380 7179650 6179650 
1381 2881300 1881300 
1382 7873094 6873094 
1383 7882643 6882643 
1384 7987114 6987114 
1385 3409069 2409069 
1386 8956887 7956887 
1387 3661920 2661920 
1388 10834967 9834967 
1389 10213852 9213852 
1390 7014378 6014378 
1391 3378322 2378322 
1392 3399313 2399313 
1393 2813664 1813664 
1394 3761833 2761833 
1395 6421816 5421816 
1396 8520522 7520522 
1397 6552791 5552791 
1398 4682094 3682094 
1399 2435615 1435615 
1400 5063282 4063282 
1401 10266340 9266340 
1402 4981668 3981668 
1403 3905803 2905803 
1404 8192874 7192874 
1405 8762492 7762492 
1406 7119306 6119306 
1407 5215635 4215635 
1408 10594832 9594832 
1409 2769614 1769614 
1410 6530198 5530198 
1411 1888154 888154 
1412 6281657 5281657 
1413 10723149 9723149 
1414 3701430 2701430 
1415 5926118 4926118 
1416 2410813 1410813 
1417 3547227 2547227 
1418 6641457 5641457 
1419 6805982 5805982 
1420 1753771 753771 
1421 4334227 3334227 
1422 8085356 7085356 
1423 4303588 3303588 
1424 8402333 7402333 
1425 5734707 4734707 
1426 5923657 4923657 
1427 10001613 9001613 
1428 9461543 8461543 
1429 1169829 169829 
1430 7812330 6812330 
1431 1171321 171321 
1432 4125417 3125417 
1433 9229992 8229992 
1434 2548115 1548115 
1435 3413268 2413268 
1436 3435844 2435844 
1437 5318559 4318559 
1438 1520430 520430 
1439 9351912 8351912 
1440 3812137 2812137 
1441 9375862 8375862 
1442 8845543 7845543 
1443 2301660 1301660 
1444 2464397 1464397 
1445 6284717 5284717 
1446 7458551 6458551 
1447 2176396 1176396 
1448 1305209 305209 
1449 1191683 191683 
1450 5944447 4944447 
1451 8824070 7824070 
1452 3021629 2021629 
1453 3139519 2139519 
1454 3760906 2760906 
1455 10266911 9266911 
1456 3124036 2124036 
1457 6346781 5346781 
1458 6685109 5685109 
1459 6242417 5242417 
1460 2310275 1310275 
1461 6409684 5409684 
1462 8600171 7600171 
1463 6870642 5870642 
1464 5488524 4488524 
1465 10271040 9271040 
1466 2397256 1397256 
1467 8682033 7682033 
1468 1903679 903679 
1469 1529265 529265 
1470 2671647 1671647 
1471 9684271 8684271 
1472 2907551 1907551 
1473 4449488 3449488 
1474 7844375 6844375 
1475 9891287 8891287 
1476 9029570 8029570 
1477 5358760 4358760 
1478 7308400 6308400 
1479 9528987 8528987 
1480 9775074 8775074 
1481 4243032 3243032 
1482 5253091 4253091 
1483 9070381 8070381 
1484 1835410 835410 
1485 6797396 5797396 
1486 1762600 762600 
1487 7633367 6633367 
1488 8866058 7866058 
1489 7967955 6967955 
1490 1457553 457553 
1491 6165368 5165368 
1492 3686435 2686435 
1493 5219289 4219289 
1494 6112468 5112468 
1495 2346908 1346908 
1496 8547422 7547422 
1497 7405793 6405793 
1498 10130406 9130406 
1499 1886902 886902 
1500 6926878 5926878 
1501 2234790 1234790 
1502 7750274 6750274 
1503 2971516 1971516 
1504 2284278 1284278 
1505 5626766 4626766 
1506 9430472 8430472 
1507 3718239 2718239 
1508 5346589 4346589 
1509 4780852 3780852 
1510 4996227 3996227 
1511 6297638 5297638 
1512 9005822 8005822 
1513 2442896 1442896 
1514 8520451 7520451 
1515 7703974 6703974 
1516 3276652 2276652 
1517 4341573 3341573 
1518 5478953 4478953 
1519 4482976 3482976 
1520 5446003 4446003 
1521 10080392 9080392 
1522 3118465 2118465 
1523 10715319 9715319 
1524 2790346 1790346 
1525 4106024 3106024 
1526 1453321 453321 
1527 9187212 8187212 
1528 6985956 5985956 
1529 9389117 8389117 
1530 3453968 2453968 
1531 7110904 6110904 
1532 10868517 9868517 
1533 2988785 1988785 
1534 2653498 1653498 
1535 3794021 2794021 
1536 6927026 5927026 
1537 8454886 7454886 
1538 5642784 4642784 
1539 2679242 1679242 
1540 5962721 4962721 
1541 1849923 849923 
1542 8102676 7102676 
1543 2654145 1654145 
1544 6334544 5334544 
1545 10555358 9555358 
1546 3367938 2367938 
1547 1250118 250118 
1548 3284241 2284241 
1549 9330695 8330695 
1550 9327858 8327858 
1551 1904270 904270 
1552 7251715 6251715 
1553 10138479 9138479 
1554 9709609 8709609 
1555 9417985 8417985 
1556 4317756 3317756 
1557 6355508 5355508 
1558 6276591 5276591 
1559 2156630 1156630 
1560 7988770 6988770 
1561 2499082 1499082 
1562 10805868 9805868 
1563 3769930 2769930 
1564 1152025 152025 
1565 4606599 3606599 
1566 8735404 7735404 
1567 5096573 4096573 
1568 1683926 683926 
1569 2306699 1306699 
1570 10902466 9902466 
1571 3115625 2115625 
1572 10725330 9725330 
1573 1200457 200457 
1574 5504904 4504904 
1575 7756031 6756031 
1576 2037979 1037979 
1577 10219511 9219511 
1578 6154756 5154756 
1579 1163616 163616 
1580 1205444 205444 
1581 7848718 6848718 
1582 5303654 4303654 
1583 5898293 4898293 
1584 4447933 3447933 
1585 8480062 7480062 
1586 7537581 6537581 
1587 1765419 765419 
1588 4290365 3290365 
1589 4670066 3670066 
1590 3369450 2369450 
1591 1292046 292046 
1592 4910107 3910107 
1593 8471163 7471163 
1594 1434269 434269 
1595 2557441 1557441 
1596 7836349 6836349 
1597 6598875 5598875 
1598 7795771 6795771 
1599 1049047 49047 
1600 7669863 6669863 
1601 4014769 3014769 
1602 3049553 2049553 
1603 6087058 5087058 
1604 9723445 8723445 
1605 7835452 6835452 
1606 1845058 845058 
1607 3885686 2885686 
1608 8833956 7833956 
1609 3887885 2887885 
1610 10664876 9664876 
1611 4430280 3430280 
1612 3216202 2216202 
1613 2261582 1261582 
1614 4777705 3777705 
1615 3373224 2373224 
1616 2815526 1815526 
1617 10278824 9278824 
1618 1163826 163826 
1619 7718792 6718792 
1620 10092946 9092946 
1621 4322518 3322518 
1622 8473949 7473949 
1623 10394696 9394696 
1624 4559701 3559701 
1625 9265348 8265348 
1626 10866631 9866631 
1627 7781872 6781872 
1628 6218709 5218709 
1629 8395875 7395875 
1630 6480716 5480716 
1631 10934025 9934025 
1632 6689641 5689641 
1633 5221260 4221260 
1634 5689075 4689075 
1635 3280664 2280664 
1636 4470349 3470349 
1637 10127374 9127374 
1638 2362407 1362407 
1639 8957240 7957240 
1640 3001646 2001646 
1641 4919638 3919638 
1642 3695520 2695520 
1643 7104979 6104979 
1644 5188966 4188966 
1645 1955642 955642 
1646 6581729 5581729 
1647 3716733 2716733 
1648 1194050 194050 
1649 8083426 7083426 
1650 9058650 8058650 
1651 10939501 9939501 
1652 3622398 2622398 
1653 10567123 9567123 
1654 6761389 5761389 
1655 3081496 2081496 
1656 5690962 4690962 
1657 7113625 6113625 
1658 5380109 4380109 
1659 9511531 8511531 
1660 8468389 7468389 
1661 2038929 1038929 
1662 1582275 582275 
1663 10450341 9450341 
1664 7553632 6553632 
1665 9898064 8898064 
1666 2941259 1941259 
1667 4904912 3904912 
1668 1389150 389150 
1669 1300019 300019 
1670 7125275 6125275 
1671 8420442 7420442 
1672 10927871 9927871 
1673 4857732 3857732 
1674 4197763 3197763 
1675 4920532 3920532 
1676 3978844 2978844 
1677 10159430 9159430 
1678 10279215 9279215 
1679 4393542 3393542 
1680 10269460 9269460 
1681 1332382 332382 
1682 8399434 7399434 
1683 3653932 2653932 
1684 1159749 159749 
1685 6631262 5631262 
1686 2930237 1930237 
1687 10333202 9333202 
1688 1910039 910039 
1689 1204142 204142 
1690 4051605 3051605 
1691 7014087 6014087 
1692 3000690 2000690 
1693 2597209 1597209 
1694 2102659 1102659 
1695 4108993 3108993 
1696 5642191 4642191 
1697 8099122 7099122 
1698 5435772 4435772 
1699 6022669 5022669 
1700 8957612 7957612 
1701 6041889 5041889 
1702 10397697 9397697 
1703 3081328 2081328 
1704 7141401 6141401 
1705 9181005 8181005 
1706 2031225 1031225 
1707 6767776 5767776 
1708 10739056 9739056 
1709 10198119 9198119 
1710 3137850 2137850 
1711 7284248 6284248 
1712 8703522 7703522 
1713 1684625 684625 
1714 5598246 4598246 
1715 9279260 8279260 
1716 6157867 5157867 
1717 5898858 4898858 
1718 3571314 2571314 
1719 5666761 4666761 
1720 5852583 4852583 
1721 2227512 1227512 
1722 10136194 9136194 
1723 9748824 8748824 
1724 2620287 1620287 
1725 9986224 8986224 
1726 4733808 3733808 
1727 2266991 1266991 
1728 1846204 846204 
1729 4784868 3784868 
1730 8710060 7710060 
1731 2679715 1679715 
1732 7155964 6155964 
1733 5665866 4665866 
1734 6889533 5889533 
1735 8770831 7770831 
1736 5191553 4191553 
1737 5403748 4403748 
1738 2525606 1525606 
1739 2730122 1730122 
1740 4974823 3974823 
1741 2602385 1602385 
1742 9904483 8904483 
1743 3885831 2885831 
1744 8288238 7288238 
1745 4998768 3998768 
1746 8620819 7620819 
1747 4035726 3035726 
1748 8817525 7817525 
1749 4805357 3805357 
1750 5607471 4607471 
1751 1608275 608275 
1752 5265032 4265032 
1753 8657897 7657897 
1754 7378040 6378040 
1755 7006320 6006320 
1756 5502864 4502864 
1757 1158794 158794 
1758 1199727 199727 
1759 9580612 8580612 
1760 4560169 3560169 
1761 10042396 9042396 
1762 10335358 9335358 
1763 6407015 5407015 
1764 8123025 7123025 
1765 5687842 4687842 
1766 5853876 4853876 
1767 9413833 8413833 
1768 5243707 4243707 
1769 9584766 8584766 
1770 8270766 7270766 
1771 5185510 4185510 
1772 3273731 2273731 
1773 1911608 911608 
1774 8797457 7797457 
1775 1318823 318823 
1776 8892925 7892925 
1777 9389678 8389678 
1778 4773299 3773299 
1779 9032537 8032537 
1780 3742694 2742694 
1781 9859033 8859033 
1782 1967833 967833 
1783 9019074 8019074 
1784 5386300 4386300 
1785 10765431 9765431 
1786 8100635 7100635 
1787 2649957 1649957 
1788 7527913 6527913 
1789 6083290 5083290 
1790 6432356 5432356 
1791 7965780 6965780 
1792 1182235 182235 
1793 4312333 3312333 
1794 4479510 3479510 
1795 3289517 2289517 
1796 1631663 631663 
1797 7049758 6049758 
1798 1806282 806282 
1799 9626034 8626034 
1800 1871947 871947 
1801 7700301 6700301 
1802 1746357 746357 
1803 9233929 8233929 
1804 3741835 2741835 
1805 4266063 3266063 
1806 5137958 4137958 
1807 7261580 6261580 
1808 9854546 8854546 
1809 7417407 6417407 
1810 8025643 7025643 
1811 3725774 2725774 
1812 6704323 5704323 
1813 10210338 9210338 
1814 5918292 4918292 
1815 2558892 1558892 
1816 8201288 7201288 
1817 8879765 7879765 
1818 3909391 2909391 
1819 10955787 9955787 
1820 4868047 3868047 
1821 6676118 5676118 
1822 1126578 126578 
1823 5879731 4879731 
1824 10281237 9281237 
1825 2429675 1429675 
1826 2681112 1681112 
1827 9153991 8153991 
1828 9256218 8256218 
1829 2343346 1343346 
1830 5738466 4738466 
1831 5482336 4482336 
1832 1019572 19572 
1833 2844678 1844678 
1834 2598239 1598239 
1835 3741382 2741382 
1836 5116224 4116224 
1837 4562635 3562635 
1838 1394950 394950 
1839 10527690 9527690 
1840 3807859 2807859 
1841 4091799 3091799 
1842 4188320 3188320 
1843 4817219 3817219 
1844 2065102 1065102 
1845 4674621 3674621 
1846 9979394 8979394 
1847 9002147 8002147 
1848 10511152 9511152 
1849 9515767 8515767 
1850 2944632 1944632 
1851 10070581 9070581 
1852 5413125 4413125 
1853 9456047 8456047 
1854 5063358 4063358 
1855 4756981 3756981 
1856 10623517 9623517 
1857 10220394 9220394 
1858 4576808 3576808 
1859 9323403 8323403 
1860 8261143 7261143 
1861 5612882 4612882 
1862 3019233 2019233 
1863 9845734 8845734 
1864 9738492 8738492 
1865 2458334 1458334 
1866 10852560 9852560 
1867 1840242 840242 
1868 4034280 3034280 
1869 7046688 6046688 
1870 4738326 3738326 
1871 3217653 2217653 
1872 9409762 8409762 
1873 1852843 852843 
1874 10592948 9592948 
1875 9041547 8041547 
1876 9247309 8247309 
1877 1524894 524894 
1878 8664010 7664010 
1879 4403900 3403900 
1880 8875384 7875384 
1881 8005074 7005074 
1882 4910458 3910458 
1883 6633655 5633655 
1884 2967248 1967248 
1885 3603740 2603740 
1886 5008235 4008235 
1887 9184814 8184814 
1888 3317685 2317685 
1889 5010111 4010111 
1890 7356265 6356265 
1891 1777741 777741 
1892 1796073 796073 
1893 4576881 3576881 
1894 6560938 5560938 
1895 6063959 5063959 
1896 2645541 1645541 
1897 3769096 2769096 
1898 7162156 6162156 
1899 6882528 5882528 
1900 7044806 6044806 
1901 7918401 6918401 
1902 8554681 7554681 
1903 3480993 2480993 
1904 6372644 5372644 
1905 1170477 170477 
1906 6208012 5208012 
1907 1525243 525243 
1908 4894339 3894339 
1909 7836089 6836089 
1910 3286030 2286030 
1911 8759179 7759179 
1912 5821603 4821603 
1913 1702360 702360 
1914 5104953 4104953 
1915 2918758 1918758 
1916 2862322 1862322 
1917 2939343 1939343 
1918 3181726 2181726 
1919 6814833 5814833 
1920 10949986 9949986 
1921 3590428 2590428 
1922 5039489 4039489 
1923 7528544 6528544 
1924 8877525 7877525 
1925 9010564 8010564 
1926 9385762 8385762 
1927 8546761 7546761 
1928 1092275 92275 
1929 9195448 8195448 
1930 1572375 572375 
1931 7980388 6980388 
1932 5743134 4743134 
1933 1375267 375267 
1934 6504020 5504020 
1935 9852641 8852641 
1936 9522749 8522749 
1937 8120147 7120147 
1938 6193101 5193101 
1939 10354022 9354022 
1940 6657077 5657077 
1941 4181121 3181121 
1942 7941682 6941682 
1943 9839012 8839012 
1944 5574326 4574326 
1945 7181118 6181118 
1946 1258969 258969 
1947 7721493 6721493 
1948 5246385 4246385 
1949 8141757 7141757 
1950 5337786 4337786 
1951 1883220 883220 
1952 4804903 3804903 
1953 1580983 580983 
1954 4161683 3161683 
1955 9498008 8498008 
1956 5448093 4448093 
1957 9161726 8161726 
1958 2392108 1392108 
1959 9194574 8194574 
1960 3953580 2953580 
1961 10159266 9159266 
1962 6802869 5802869 
1963 3385043 2385043 
1964 4131765 3131765 
1965 7669050 6669050 
1966 5440971 4440971 
1967 6068939 5068939 
1968 10265649 9265649 
1969 10224976 9224976 
1970 6953625 5953625 
1971 4261025 3261025 
1972 7575846 6575846 
1973 6231275 5231275 
1974 10209051 9209051 
1975 9421723 8421723 
1976 3306165 2306165 
1977 2906041 1906041 
1978 6794494 5794494 
1979 2217752 1217752 
1980 4755792 3755792 
1981 7853273 6853273 
1982 7028644 6028644 
1983 8532457 7532457 
1984 4043658 3043658 
1985 2765507 1765507 
1986 9280451 8280451 
1987 5899210 4899210 
1988 7869447 6869447 
1989 5098453 4098453 
1990 3971757 2971757 
1991 8322300 7322300 
1992 8809618 7809618 
1993 3180666 2180666 
1994 2499754 1499754 
1995 1001984 1984 
1996 4137677 3137677 
1997 2082553 1082553 
1998 10942337 9942337 
1999 5203185 4203185 
2000 4298755 3298755 
