npieces: 2000
capacity: 9683423
1 4652 4607 
2 8353 9163 
3 5730 6513 
4 26 1002 
5 3428 3067 
6 1603 985 
7 6852 6476 
8 4332 3499 
9 9200 8532 
10 9681 9177 
11 1505 2499 
12 288 874 
13 10553 9579 
14 10098 9787 
15 2708 1748 
16 417 348 
17 8801 8076 
18 6263 5463 
19 6852 7080 
20 9516 9245 
21 2322 1436 
22 9477 8559 
23 3986 4435 
24 8011 7718 
25 7939 7388 
26 8001 8799 
27 5288 5537 
28 3292 2519 
29 5990 5781 
30 6369 6446 
31 5158 4521 
32 4315 4907 
33 971 395 
34 4461 4668 
35 5528 5915 
36 8712 7800 
37 5707 6299 
38 3987 4868 
39 4473 3539 
40 8834 8510 
41 1781 1118 
42 2507 1625 
43 1518 789 
44 9773 8933 
45 2084 2982 
46 4391 5146 
47 4453 4433 
48 2927 2097 
49 8637 7822 
50 6105 7039 
51 7175 7550 
52 2295 1647 
53 1480 732 
54 6949 6571 
55 2460 2512 
56 2458 2199 
57 4346 3872 
58 8829 9370 
59 3595 3843 
60 9022 9145 
61 3519 2964 
62 4393 3650 
63 10861 9919 
64 7277 7426 
65 5985 6299 
66 2788 2995 
67 7306 8100 
68 3426 2918 
69 8751 8707 
70 8371 8937 
71 5439 6093 
72 2893 2677 
73 9243 9349 
74 5664 6454 
75 7529 8063 
76 55 984 
77 878 498 
78 4651 4858 
79 3107 2664 
80 5330 4386 
81 7534 6901 
82 1 317 
83 2213 1906 
84 7870 7473 
85 1 293 
86 4762 4385 
87 5516 4527 
88 4188 3419 
89 2972 2737 
90 6298 6290 
91 3250 3852 
92 6231 5684 
93 4304 3732 
94 6765 5911 
95 5880 6527 
96 6374 5844 
97 1627 720 
98 463 1264 
99 7226 7995 
100 7574 6707 
101 6865 6260 
102 8321 8487 
103 1458 969 
104 5803 5663 
105 8288 8520 
106 7776 7585 
107 3622 3246 
108 8541 9458 
109 4919 4894 
110 2712 2828 
111 9828 9082 
112 3728 4270 
113 1850 1344 
114 2658 2640 
115 4719 3732 
116 511 626 
117 8664 8518 
118 1189 1472 
119 8386 8896 
120 7174 7012 
121 7697 8559 
122 2629 1672 
123 4238 4363 
124 54 1014 
125 7346 7604 
126 2609 3454 
127 6715 6507 
128 6548 6131 
129 8809 9466 
130 4950 4962 
131 3086 3697 
132 368 736 
133 4760 4414 
134 3529 4351 
135 2285 2840 
136 3360 3373 
137 3184 2264 
138 5986 5386 
139 5745 5765 
140 7216 7795 
141 939 986 
142 3484 4048 
143 5369 5814 
144 7842 7702 
145 6034 6848 
146 8420 8089 
147 51 341 
148 1338 1506 
149 6783 6864 
150 5477 5145 
151 1 68 
152 7250 7808 
153 1397 825 
154 2254 3083 
155 7156 6913 
156 186 63 
157 688 1205 
158 8231 8774 
159 5962 5841 
160 2399 1404 
161 3466 4312 
162 1131 554 
163 10301 9877 
164 7057 7053 
165 1246 2000 
166 4859 4321 
167 5899 5594 
168 1774 1631 
169 3903 4341 
170 4348 5152 
171 4789 4066 
172 4344 4637 
173 4754 4392 
174 3582 2837 
175 8576 9086 
176 6642 6378 
177 2931 2725 
178 1619 888 
179 3447 4405 
180 2327 2739 
181 4493 3586 
182 7049 7500 
183 6414 7179 
184 9223 9855 
185 7849 8416 
186 2220 2956 
187 4992 4157 
188 4612 5408 
189 4774 4295 
190 3933 4864 
191 4614 4337 
192 4228 4994 
193 5711 5179 
194 3927 3463 
195 9349 9400 
196 2380 2953 
197 3093 4011 
198 9317 8317 
199 8922 8270 
200 3912 3348 
201 7532 6622 
202 1215 1092 
203 4333 3990 
204 1718 942 
205 4076 4838 
206 3098 2940 
207 1714 959 
208 6981 6313 
209 8805 8654 
210 3647 4444 
211 2223 1907 
212 4538 4739 
213 2840 2046 
214 4624 4088 
215 5689 6325 
216 2637 3570 
217 3022 2163 
218 8097 8907 
219 6052 5648 
220 3794 4249 
221 3671 3065 
222 2815 2588 
223 9095 8428 
224 4652 5475 
225 9089 9571 
226 1932 1563 
227 7475 6794 
228 5229 4772 
229 5396 4478 
230 2078 2450 
231 4394 4612 
232 10119 9437 
233 7596 7300 
234 1180 2037 
235 79 880 
236 6727 6007 
237 4300 4036 
238 7055 7588 
239 4017 4012 
240 1854 980 
241 2139 2348 
242 8672 9286 
243 4771 5600 
244 9466 8674 
245 4388 3569 
246 6068 5390 
247 5026 5633 
248 9095 8521 
249 4350 4803 
250 1777 1319 
251 814 746 
252 6438 7242 
253 5494 6236 
254 4548 5321 
255 8225 8402 
256 4673 5200 
257 6340 6575 
258 4247 4163 
259 6985 6154 
260 1716 832 
261 6020 6618 
262 1742 2368 
263 7668 8126 
264 7778 8746 
265 4162 4342 
266 3424 3605 
267 10656 9777 
268 1125 871 
269 3077 3524 
270 5880 5070 
271 5405 4899 
272 5543 6298 
273 4878 5295 
274 2057 2982 
275 4478 4780 
276 6421 5745 
277 1553 2174 
278 6546 7309 
279 9128 8416 
280 6257 6051 
281 4684 4544 
282 9553 9953 
283 862 1626 
284 2407 1890 
285 6582 6527 
286 5350 6264 
287 1905 2082 
288 2805 3512 
289 2505 2720 
290 3256 2738 
291 7159 7385 
292 7812 7995 
293 374 239 
294 6489 6441 
295 9793 9802 
296 63 794 
297 2998 3637 
298 6033 5729 
299 5326 5705 
300 8530 8991 
301 4914 4355 
302 8956 9674 
303 6932 6261 
304 2401 1948 
305 4093 3190 
306 5154 4491 
307 7439 6918 
308 8335 7376 
309 4205 3715 
310 2277 1766 
311 2940 2769 
312 8024 8353 
313 801 361 
314 1723 2537 
315 8851 8961 
316 3042 2257 
317 9332 9396 
318 5699 4904 
319 5476 5773 
320 4151 4396 
321 6741 5909 
322 3143 3494 
323 9471 9575 
324 3598 4549 
325 1031 60 
326 6934 7274 
327 1 409 
328 6503 6590 
329 5433 5217 
330 4028 3948 
331 7508 7575 
332 5760 4990 
333 948 1364 
334 7867 8135 
335 675 353 
336 4440 3594 
337 7535 8098 
338 5390 4966 
339 5337 5615 
340 3431 2671 
341 3094 3376 
342 7459 8073 
343 6667 6549 
344 3906 4803 
345 8691 8335 
346 1148 1310 
347 3487 3103 
348 1986 1481 
349 1191 1864 
350 3735 3450 
351 5293 5171 
352 9579 9627 
353 7454 6751 
354 210 863 
355 5479 6227 
356 3086 3184 
357 7810 7650 
358 103 374 
359 1 42 
360 2320 3189 
361 8699 9577 
362 3911 4164 
363 7150 7468 
364 9484 9045 
365 2428 1845 
366 839 1590 
367 7914 7240 
368 6103 6963 
369 8193 7874 
370 6633 7574 
371 790 407 
372 6199 6781 
373 4466 3943 
374 750 1701 
375 2863 3387 
376 3808 2856 
377 10042 9714 
378 7322 7089 
379 8022 7939 
380 8382 8712 
381 8994 9438 
382 4711 5118 
383 1110 1779 
384 615 134 
385 7919 7966 
386 3628 2846 
387 120 590 
388 6168 5689 
389 7250 7921 
390 9321 9243 
391 7673 6830 
392 7441 7280 
393 6610 5726 
394 9939 9401 
395 2801 3655 
396 3121 2868 
397 9100 9879 
398 7890 7367 
399 8254 7545 
400 1142 1896 
401 9339 8391 
402 2319 1884 
403 677 189 
404 8081 7482 
405 3033 2277 
406 1329 1131 
407 1579 1253 
408 3670 4321 
409 8953 9889 
410 7822 8577 
411 6590 7550 
412 6793 6158 
413 1740 2164 
414 8397 7796 
415 1012 1054 
416 8232 9085 
417 7515 6594 
418 4437 4435 
419 6440 7175 
420 8991 8579 
421 1075 1128 
422 7054 6810 
423 3779 4660 
424 10320 9679 
425 7786 8383 
426 1 44 
427 2654 2649 
428 3851 3211 
429 7796 7785 
430 1229 1001 
431 6998 7062 
432 835 9 
433 1597 1137 
434 7185 7400 
435 4100 4850 
436 5717 5368 
437 8821 8605 
438 9321 8443 
439 6844 6641 
440 8462 9022 
441 3839 2877 
442 1828 1775 
443 4886 4591 
444 6629 7037 
445 8130 7962 
446 4682 4155 
447 880 1588 
448 9542 8720 
449 9869 9818 
450 2218 2078 
451 1082 1616 
452 1548 2444 
453 10158 9304 
454 2738 2354 
455 8991 8173 
456 3645 4385 
457 1981 2446 
458 7208 7821 
459 9510 9458 
460 5108 6025 
461 2181 2140 
462 6238 6205 
463 8536 9436 
464 5233 6101 
465 6324 6319 
466 4178 5177 
467 8715 9573 
468 7579 6709 
469 4694 3869 
470 7288 7044 
471 8742 8607 
472 6026 5598 
473 3447 3061 
474 305 1243 
475 6834 7831 
476 1607 1602 
477 2097 1330 
478 8811 9027 
479 4159 5076 
480 1590 2558 
481 6591 7110 
482 8913 8926 
483 1415 2246 
484 3843 4805 
485 1 80 
486 7152 7460 
487 997 553 
488 10032 9495 
489 6963 7416 
490 5082 5164 
491 1979 1458 
492 7179 7198 
493 6911 6240 
494 8650 7762 
495 8011 8958 
496 4720 4813 
497 7641 6882 
498 3205 2240 
499 1807 1943 
500 4667 4657 
501 7253 7190 
502 8237 7735 
503 4275 4784 
504 4179 4290 
505 5183 5962 
506 5239 5796 
507 4204 4246 
508 8073 7872 
509 4027 4026 
510 8757 8510 
511 836 1791 
512 3768 4055 
513 5090 5175 
514 2296 2883 
515 6587 7196 
516 3455 3997 
517 3029 2241 
518 2087 1120 
519 940 344 
520 2830 3489 
521 3231 3696 
522 6970 7368 
523 4139 4119 
524 1 427 
525 4989 4292 
526 4620 4265 
527 9895 9658 
528 4119 4801 
529 5736 5194 
530 374 556 
531 4478 4424 
532 2586 2989 
533 7897 7751 
534 8655 9204 
535 4435 4532 
536 3199 2265 
537 4708 5452 
538 5655 5243 
539 1897 2843 
540 7012 6773 
541 1020 1954 
542 2695 2809 
543 8284 8852 
544 4453 5101 
545 5884 5565 
546 2703 2863 
547 3611 4144 
548 1 197 
549 3430 4075 
550 738 1157 
551 3560 2825 
552 4289 3374 
553 4746 5188 
554 7687 7426 
555 5730 5764 
556 58 592 
557 6736 7465 
558 4503 4594 
559 9541 8977 
560 5755 5456 
561 9491 8886 
562 4177 4094 
563 3769 3287 
564 9661 9945 
565 3435 4081 
566 7276 6730 
567 8264 7594 
568 7486 7284 
569 8242 7290 
570 1 608 
571 5681 5879 
572 9163 8210 
573 2974 2139 
574 2022 1767 
575 6288 5636 
576 8066 7438 
577 6210 6856 
578 2214 3120 
579 6303 6530 
580 796 1133 
581 711 749 
582 4032 3860 
583 3147 3244 
584 754 1039 
585 6906 7412 
586 6346 5417 
587 1486 2407 
588 9507 8989 
589 1363 846 
590 7941 8012 
591 5375 5042 
592 6375 6426 
593 228 311 
594 10447 9622 
595 6197 6565 
596 4625 3924 
597 6212 6004 
598 8414 9097 
599 3855 4611 
600 3543 3091 
601 5326 6277 
602 2102 2690 
603 4574 5449 
604 7980 8166 
605 6738 6965 
606 5344 5878 
607 8507 8335 
608 9188 8522 
609 1014 1383 
610 3152 4038 
611 1007 1491 
612 10 468 
613 3751 3544 
614 7828 7229 
615 3672 2723 
616 4106 3219 
617 2828 2882 
618 5538 6110 
619 948 689 
620 3244 2993 
621 37 372 
622 5095 5992 
623 1938 2158 
624 5038 4401 
625 2876 3260 
626 4084 4772 
627 3111 3857 
628 7667 7264 
629 8829 9263 
630 3424 2771 
631 10104 9359 
632 5997 6661 
633 3177 3501 
634 5914 5058 
635 3972 4643 
636 2985 2002 
637 8658 8384 
638 1533 1751 
639 7351 7316 
640 6357 7346 
641 101 187 
642 866 178 
643 6907 6003 
644 4691 4267 
645 9 940 
646 3676 3375 
647 2661 3308 
648 4960 5083 
649 3453 2795 
650 9334 9233 
651 7331 7250 
652 3356 4061 
653 2336 2555 
654 8043 8726 
655 2782 3556 
656 3517 4451 
657 1338 598 
658 3712 4183 
659 9077 8813 
660 2236 2810 
661 8239 7539 
662 3123 3334 
663 959 1085 
664 6194 5419 
665 779 721 
666 6697 6191 
667 10050 9602 
668 8231 7846 
669 5826 6683 
670 1844 2249 
671 4463 5268 
672 1022 358 
673 4360 5091 
674 1428 1940 
675 1656 2178 
676 1 385 
677 1 488 
678 8437 8059 
679 230 1111 
680 654 1079 
681 5114 4242 
682 7937 8897 
683 2591 3481 
684 2172 2864 
685 3468 3234 
686 3645 3365 
687 7155 7766 
688 842 1344 
689 5910 6453 
690 9112 9391 
691 768 1702 
692 797 1413 
693 10459 9839 
694 2271 3250 
695 7599 6814 
696 10457 9956 
697 7577 8498 
698 2124 1594 
699 3490 2505 
700 5312 4545 
701 8153 7462 
702 1801 2013 
703 2271 1790 
704 4530 3701 
705 7626 7360 
706 5203 4492 
707 1761 1583 
708 209 408 
709 9955 9021 
710 5236 5856 
711 8384 7781 
712 2944 2230 
713 3784 3717 
714 2713 2991 
715 4432 4023 
716 183 875 
717 7174 6298 
718 6679 6822 
719 3287 3185 
720 4727 4474 
721 4086 4728 
722 2230 2334 
723 386 1023 
724 1819 1134 
725 9044 8805 
726 1257 664 
727 1988 2673 
728 6054 6721 
729 3557 3343 
730 461 467 
731 6108 6390 
732 1793 1348 
733 8303 7634 
734 748 243 
735 875 1603 
736 1835 1777 
737 7908 8898 
738 4499 3961 
739 4807 4122 
740 4696 5325 
741 3992 3642 
742 4223 5167 
743 5087 5462 
744 4936 5161 
745 5912 6149 
746 9962 9834 
747 2129 2395 
748 5039 4622 
749 6808 7091 
750 1210 2184 
751 3189 3576 
752 7414 7470 
753 1 416 
754 4884 5169 
755 2932 2358 
756 7532 7512 
757 9526 9922 
758 8220 8040 
759 8606 8967 
760 7187 7026 
761 6748 7674 
762 3463 3289 
763 5186 4426 
764 8354 7678 
765 8299 8815 
766 5841 5338 
767 6940 6371 
768 2031 2247 
769 3120 3544 
770 1 76 
771 5096 4181 
772 8185 7539 
773 6349 6464 
774 6786 6968 
775 1647 905 
776 2038 2976 
777 8137 7537 
778 9431 9395 
779 5983 6726 
780 8292 9096 
781 5114 5660 
782 5557 5228 
783 10623 9865 
784 6301 5775 
785 7147 7229 
786 9311 8315 
787 2005 1803 
788 6017 5537 
789 2334 2601 
790 5106 4546 
791 1960 1568 
792 1 743 
793 845 1488 
794 2176 3021 
795 7431 7508 
796 2305 2880 
797 347 557 
798 9097 9507 
799 4235 3789 
800 977 73 
801 1471 1987 
802 921 532 
803 1860 2270 
804 3782 3768 
805 7964 7423 
806 3901 3530 
807 4443 5088 
808 2957 2458 
809 4158 3914 
810 2301 2714 
811 6954 6392 
812 7478 6538 
813 6596 6454 
814 7878 8066 
815 5349 4757 
816 7878 7131 
817 1745 1550 
818 6606 6682 
819 724 1248 
820 4428 3498 
821 7277 7560 
822 8499 8405 
823 9664 8684 
824 4937 5247 
825 6463 6852 
826 1021 863 
827 8231 8997 
828 5443 5930 
829 8965 8267 
830 4653 5229 
831 762 419 
832 10062 9751 
833 3950 3938 
834 2623 2626 
835 9144 8405 
836 5991 6172 
837 9882 8950 
838 7066 7110 
839 7029 7256 
840 8469 8664 
841 7556 6752 
842 6509 6702 
843 5205 4976 
844 9198 8964 
845 5546 5280 
846 4975 5593 
847 8838 9067 
848 7669 7459 
849 6219 6484 
850 7597 8591 
851 10921 9971 
852 894 434 
853 1548 2431 
854 8612 9218 
855 9216 9609 
856 6382 7290 
857 9090 8691 
858 3880 3870 
859 3701 3196 
860 6813 7003 
861 2126 2858 
862 5399 5338 
863 4537 4354 
864 4189 4817 
865 4605 3926 
866 8344 8629 
867 6891 6524 
868 4211 3441 
869 9671 9798 
870 1478 492 
871 553 19 
872 1581 2057 
873 1 98 
874 3297 2688 
875 2603 3199 
876 7526 7829 
877 5130 4475 
878 340 146 
879 4657 5452 
880 6010 5750 
881 5827 4926 
882 7275 6537 
883 7393 7156 
884 7084 7211 
885 7629 7328 
886 7321 6728 
887 3454 3322 
888 1265 2009 
889 4545 3808 
890 4337 4299 
891 8234 8267 
892 1730 2660 
893 9490 9545 
894 3706 3063 
895 1487 700 
896 9327 9206 
897 10668 9887 
898 1838 1007 
899 5776 6032 
900 6506 6436 
901 6519 6943 
902 8725 8443 
903 9437 8865 
904 5123 4926 
905 2180 1457 
906 6339 6688 
907 5585 6532 
908 1737 1086 
909 9171 8855 
910 5890 6125 
911 2181 1976 
912 3643 4597 
913 7436 7197 
914 7151 6169 
915 3231 2612 
916 1352 1330 
917 2761 2264 
918 7786 7672 
919 9182 9869 
920 4383 4732 
921 4030 4441 
922 6047 5397 
923 2889 3823 
924 1617 1941 
925 8796 9321 
926 8533 7591 
927 10266 9841 
928 7268 7639 
929 3465 3484 
930 1 557 
931 3141 2516 
932 8307 7464 
933 7703 7584 
934 9185 9140 
935 3306 3538 
936 8528 8583 
937 6580 6157 
938 650 1533 
939 8848 9008 
940 5634 6558 
941 4390 4596 
942 4519 4585 
943 8016 7662 
944 1959 2320 
945 8858 9585 
946 4322 3343 
947 3379 3811 
948 3707 4297 
949 7776 8202 
950 4585 5426 
951 7499 7267 
952 1512 1811 
953 3093 3567 
954 3843 3517 
955 8028 8379 
956 2072 1613 
957 5729 5930 
958 7485 6872 
959 2185 2849 
960 4075 4211 
961 4079 3230 
962 5606 6162 
963 500 294 
964 1581 2331 
965 1131 1930 
966 22 150 
967 5712 4917 
968 9637 8771 
969 6121 6405 
970 2416 2616 
971 3214 3475 
972 8671 8934 
973 1563 656 
974 9993 9687 
975 6789 6127 
976 8545 8022 
977 7353 7449 
978 2395 2218 
979 8990 8432 
980 2763 1904 
981 10814 9940 
982 8885 9621 
983 9212 8236 
984 6133 5197 
985 1797 1234 
986 4677 4787 
987 2340 1469 
988 946 1261 
989 5491 5515 
990 7603 6762 
991 4249 4283 
992 3955 3787 
993 1170 277 
994 7146 6508 
995 4685 4007 
996 5992 6846 
997 5100 5260 
998 8809 8978 
999 8206 8219 
1000 8672 9283 
1001 1118 314 
1002 9792 9137 
1003 1 60 
1004 8359 7670 
1005 950 302 
1006 8909 9702 
1007 6023 6474 
1008 9026 9192 
1009 8263 8294 
1010 4754 5083 
1011 4772 4172 
1012 3363 4359 
1013 10463 9799 
1014 1 322 
1015 7107 7159 
1016 7562 7803 
1017 9836 9921 
1018 2507 2694 
1019 5074 4806 
1020 2169 1300 
1021 2112 2717 
1022 3108 2959 
1023 9895 9424 
1024 3352 3231 
1025 2074 2416 
1026 3783 4492 
1027 7590 8406 
1028 9070 9760 
1029 8174 7943 
1030 361 872 
1031 3361 2515 
1032 6117 5543 
1033 1335 1707 
1034 5866 5319 
1035 5135 4604 
1036 4664 4045 
1037 3232 3532 
1038 3810 4343 
1039 5063 4288 
1040 2195 2229 
1041 9706 9399 
1042 6113 6738 
1043 6846 7575 
1044 5799 6509 
1045 988 578 
1046 6730 5816 
1047 8865 8644 
1048 2047 1660 
1049 9098 8924 
1050 9670 9287 
1051 5545 6101 
1052 1141 835 
1053 6701 7552 
1054 6208 5604 
1055 9518 8895 
1056 6139 5566 
1057 2892 3584 
1058 1177 1585 
1059 6953 6356 
1060 9751 9330 
1061 5007 5675 
1062 3428 3895 
1063 501 350 
1064 1 990 
1065 6515 6505 
1066 7650 7946 
1067 9301 9763 
1068 10312 9948 
1069 1253 1243 
1070 502 1242 
1071 7257 7057 
1072 8358 8222 
1073 449 14 
1074 4405 4382 
1075 5639 6608 
1076 316 739 
1077 9636 9302 
1078 5310 4968 
1079 6751 7125 
1080 802 641 
1081 6483 7077 
1082 3921 4581 
1083 487 1227 
1084 8936 9258 
1085 3418 4275 
1086 2016 1164 
1087 1522 2313 
1088 2542 3033 
1089 7803 6852 
1090 1 412 
1091 9972 9505 
1092 4121 3492 
1093 6310 5911 
1094 4489 4912 
1095 3633 2732 
1096 6394 6953 
1097 1373 1652 
1098 7153 6700 
1099 3769 3504 
1100 8704 9458 
1101 4434 5019 
1102 3716 4158 
1103 9955 9692 
1104 4072 3411 
1105 7604 8104 
1106 3096 2880 
1107 4439 4968 
1108 2581 2664 
1109 298 931 
1110 1178 1426 
1111 3828 3720 
1112 5340 5850 
1113 3363 2602 
1114 9301 9586 
1115 1969 2567 
1116 4025 3224 
1117 8486 9143 
1118 10223 9797 
1119 5376 5550 
1120 5796 4832 
1121 5810 6702 
1122 9016 9181 
1123 3492 4460 
1124 5965 5541 
1125 529 748 
1126 6164 6482 
1127 2919 3276 
1128 8619 8151 
1129 329 491 
1130 1160 811 
1131 8136 8388 
1132 7676 6752 
1133 6679 7579 
1134 3507 3988 
1135 1978 1778 
1136 2833 2323 
1137 4369 5192 
1138 4735 5527 
1139 4831 5535 
1140 3568 3965 
1141 1 408 
1142 6195 5909 
1143 9559 9421 
1144 9174 9222 
1145 8544 9419 
1146 1420 1179 
1147 8758 8410 
1148 4713 5486 
1149 989 1099 
1150 4098 3648 
1151 6866 7149 
1152 4229 3890 
1153 1337 2075 
1154 8366 8787 
1155 2639 2582 
1156 8941 8838 
1157 4215 3418 
1158 2672 1966 
1159 7479 7727 
1160 8918 8986 
1161 9328 9055 
1162 459 1223 
1163 8125 8239 
1164 7955 8566 
1165 7047 8043 
1166 746 684 
1167 1232 1267 
1168 9056 9119 
1169 10472 9516 
1170 842 324 
1171 3816 3796 
1172 3058 3554 
1173 3820 4550 
1174 1333 2242 
1175 9151 9190 
1176 4996 5334 
1177 7905 8825 
1178 9574 8723 
1179 6715 6772 
1180 6472 5580 
1181 4812 5008 
1182 3721 3212 
1183 6873 7415 
1184 2602 1840 
1185 345 350 
1186 6305 7183 
1187 5271 4334 
1188 7019 6070 
1189 2301 2992 
1190 5048 6004 
1191 4440 3573 
1192 846 1679 
1193 5868 5967 
1194 7012 7186 
1195 9010 9248 
1196 4700 4868 
1197 2724 2445 
1198 7651 7845 
1199 4321 3550 
1200 9259 8903 
1201 10690 9989 
1202 5112 6087 
1203 2184 1240 
1204 1522 1414 
1205 7652 6732 
1206 8807 8761 
1207 7809 7904 
1208 6268 5881 
1209 7492 7620 
1210 1810 1704 
1211 8362 7557 
1212 9516 8593 
1213 3081 3222 
1214 5088 4746 
1215 7225 6651 
1216 3130 3961 
1217 7498 7749 
1218 601 192 
1219 6640 6309 
1220 5123 4966 
1221 7815 8111 
1222 4642 5092 
1223 1234 1389 
1224 6300 5337 
1225 9308 8668 
1226 7568 8474 
1227 1986 1175 
1228 5645 4905 
1229 4472 4335 
1230 2007 2816 
1231 8830 7924 
1232 7869 7242 
1233 6647 6594 
1234 3796 4191 
1235 2348 2490 
1236 1886 1466 
1237 6872 6140 
1238 3152 2521 
1239 10341 9934 
1240 6590 6017 
1241 6573 6204 
1242 7180 8171 
1243 10750 9964 
1244 8311 7678 
1245 5022 4284 
1246 6639 6698 
1247 5133 5130 
1248 9035 8686 
1249 5557 5136 
1250 6689 6759 
1251 8059 8347 
1252 5368 4790 
1253 1168 806 
1254 8948 8125 
1255 4745 5336 
1256 3996 3205 
1257 8777 7974 
1258 454 159 
1259 3613 3926 
1260 6309 6997 
1261 2416 2657 
1262 7295 6748 
1263 9908 9300 
1264 9831 9657 
1265 5714 6164 
1266 3540 2989 
1267 7004 6875 
1268 6673 7230 
1269 6266 6979 
1270 9255 9827 
1271 8861 8670 
1272 6044 5243 
1273 2928 2992 
1274 3374 3259 
1275 4489 3769 
1276 5529 4643 
1277 7236 6323 
1278 6855 7051 
1279 10444 9508 
1280 3287 2607 
1281 416 1072 
1282 8074 7940 
1283 5572 6031 
1284 5870 6582 
1285 9262 8406 
1286 1438 2319 
1287 1471 917 
1288 2617 2614 
1289 7566 6941 
1290 1155 1122 
1291 9617 9627 
1292 3836 3706 
1293 6803 6885 
1294 3630 2874 
1295 1306 1087 
1296 7097 6612 
1297 586 10 
1298 9001 9360 
1299 1356 1851 
1300 1902 2049 
1301 8326 8612 
1302 9656 9430 
1303 8850 8865 
1304 1906 986 
1305 7249 7984 
1306 7073 6745 
1307 5015 4910 
1308 8682 7935 
1309 3726 3930 
1310 2053 1582 
1311 6776 6505 
1312 7941 7211 
1313 3021 2261 
1314 4157 4918 
1315 7572 7746 
1316 495 1477 
1317 2308 1887 
1318 4256 3820 
1319 8812 9061 
1320 7497 6762 
1321 1736 896 
1322 4080 3475 
1323 8290 9270 
1324 1112 1558 
1325 9298 9416 
1326 1257 2042 
1327 3367 3317 
1328 5610 4826 
1329 4060 4357 
1330 4773 5081 
1331 5518 4633 
1332 4295 4692 
1333 5831 6589 
1334 4797 4067 
1335 8349 7990 
1336 4288 4012 
1337 7232 6302 
1338 2810 2452 
1339 7479 7641 
1340 2428 2354 
1341 1716 2435 
1342 7339 6674 
1343 8389 9256 
1344 8421 8419 
1345 1 191 
1346 729 638 
1347 10127 9940 
1348 5861 5475 
1349 9979 9600 
1350 3035 2738 
1351 3566 3000 
1352 4522 3778 
1353 8940 9071 
1354 641 1009 
1355 4123 4729 
1356 8394 8985 
1357 1641 1597 
1358 5016 5515 
1359 4446 3573 
1360 1 443 
1361 1595 613 
1362 258 200 
1363 4795 3798 
1364 2202 1398 
1365 4922 5550 
1366 8077 8186 
1367 10326 9454 
1368 9222 9361 
1369 3667 3576 
1370 3832 3981 
1371 6564 6538 
1372 5646 6030 
1373 9282 8491 
1374 6696 5753 
1375 8218 8225 
1376 5725 6087 
1377 642 1517 
1378 7962 7884 
1379 6303 6004 
1380 8807 7825 
1381 1593 1098 
1382 1 49 
1383 7421 6877 
1384 7131 6686 
1385 4189 4571 
1386 512 445 
1387 780 865 
1388 4601 4228 
1389 9430 9826 
1390 604 1390 
1391 2655 3424 
1392 6770 7577 
1393 3032 3978 
1394 7969 7453 
1395 6780 6385 
1396 47 600 
1397 6821 7497 
1398 6724 5770 
1399 10358 9433 
1400 6415 7115 
1401 3131 3070 
1402 8550 7828 
1403 5155 5890 
1404 8086 7489 
1405 909 645 
1406 7465 6624 
1407 9186 8565 
1408 8901 8070 
1409 2469 3008 
1410 3338 3679 
1411 9561 9715 
1412 9323 9375 
1413 9271 9981 
1414 6127 5402 
1415 8359 8101 
1416 1161 637 
1417 1426 2420 
1418 7546 8055 
1419 52 321 
1420 7850 8743 
1421 3092 2456 
1422 3352 3811 
1423 6626 6582 
1424 4751 5186 
1425 4452 3779 
1426 5549 4887 
1427 3344 3084 
1428 5364 5850 
1429 3616 2859 
1430 469 20 
1431 6559 7318 
1432 10417 9736 
1433 424 193 
1434 6037 5401 
1435 1380 817 
1436 4226 3515 
1437 7620 8095 
1438 195 682 
1439 4826 4612 
1440 7933 6961 
1441 5596 5511 
1442 3556 2712 
1443 2261 2288 
1444 8972 9133 
1445 4071 4008 
1446 10239 9485 
1447 4893 4128 
1448 4609 3759 
1449 1 410 
1450 483 30 
1451 8268 8263 
1452 9564 8689 
1453 9371 9486 
1454 7651 7561 
1455 6683 6214 
1456 6503 5558 
1457 8728 8368 
1458 117 214 
1459 1069 804 
1460 5869 5067 
1461 8557 7895 
1462 2447 2872 
1463 9849 9910 
1464 9345 9256 
1465 8695 8737 
1466 4031 3371 
1467 7394 7543 
1468 3548 4397 
1469 5254 4969 
1470 1904 1125 
1471 8697 8126 
1472 8042 7863 
1473 5319 6131 
1474 9799 9094 
1475 3556 3996 
1476 1043 1738 
1477 2960 3420 
1478 2398 2713 
1479 4887 5693 
1480 1076 1750 
1481 2331 2620 
1482 4629 3635 
1483 6508 7236 
1484 761 1107 
1485 8918 9525 
1486 8067 8161 
1487 6492 5873 
1488 6771 6663 
1489 5567 5523 
1490 7150 7964 
1491 3507 3340 
1492 9692 9884 
1493 923 283 
1494 1067 1093 
1495 8044 8152 
1496 6093 6316 
1497 5723 5326 
1498 4911 4938 
1499 2747 3635 
1500 10889 9959 
1501 10253 9973 
1502 8165 7633 
1503 3679 3794 
1504 5343 6009 
1505 8657 8612 
1506 4731 4314 
1507 2726 3047 
1508 1933 2199 
1509 2933 3816 
1510 3928 3071 
1511 3096 3660 
1512 711 1360 
1513 2259 2091 
1514 2304 2101 
1515 1156 1031 
1516 1321 877 
1517 3971 4013 
1518 2342 1930 
1519 1757 1334 
1520 7908 7042 
1521 7940 8218 
1522 8847 9302 
1523 5549 5762 
1524 8874 9421 
1525 2792 1992 
1526 7729 7628 
1527 3628 3149 
1528 2479 2004 
1529 6655 5719 
1530 1452 936 
1531 9065 9157 
1532 2138 1225 
1533 1536 593 
1534 8517 8176 
1535 8979 9169 
1536 4746 4471 
1537 7374 6393 
1538 5787 6228 
1539 2381 1728 
1540 7272 7891 
1541 7032 6301 
1542 3517 2975 
1543 5899 5839 
1544 6035 6813 
1545 5975 5222 
1546 1277 2198 
1547 8818 9473 
1548 1 478 
1549 8353 8709 
1550 3633 3317 
1551 2917 3350 
1552 9427 9866 
1553 9423 9557 
1554 460 71 
1555 10083 9606 
1556 2845 3213 
1557 9870 9405 
1558 4488 4925 
1559 9928 9317 
1560 1 479 
1561 4700 3789 
1562 5061 4803 
1563 9569 8735 
1564 6858 6386 
1565 425 109 
1566 3611 3743 
1567 1153 234 
1568 6366 6432 
1569 5290 5763 
1570 10368 9779 
1571 4408 5352 
1572 2982 2415 
1573 291 299 
1574 1163 696 
1575 9080 9300 
1576 1255 654 
1577 3166 2622 
1578 8370 9059 
1579 44 466 
1580 2661 3367 
1581 10445 9742 
1582 6631 5970 
1583 4488 4017 
1584 10738 9773 
1585 9037 8613 
1586 1270 669 
1587 9427 9098 
1588 8624 8701 
1589 8427 8011 
1590 6892 7287 
1591 4570 3983 
1592 5397 6286 
1593 1569 1407 
1594 1160 1867 
1595 2305 1823 
1596 5255 4291 
1597 8311 9034 
1598 7353 8337 
1599 1008 462 
1600 6475 6485 
1601 2342 2497 
1602 8625 7816 
1603 8119 8335 
1604 7669 7531 
1605 6850 6465 
1606 1721 1883 
1607 5530 5372 
1608 5529 5507 
1609 6591 7219 
1610 5824 5583 
1611 7814 7545 
1612 455 24 
1613 5056 4215 
1614 6859 6352 
1615 9642 8646 
1616 397 508 
1617 975 1642 
1618 4576 4969 
1619 1066 860 
1620 2154 2332 
1621 7216 7058 
1622 2909 2250 
1623 8671 9660 
1624 8021 7857 
1625 7452 7486 
1626 770 1553 
1627 4678 5653 
1628 7769 6827 
1629 5893 6648 
1630 3877 3636 
1631 9817 9021 
1632 6710 6485 
1633 7820 6836 
1634 7070 6339 
1635 477 1316 
1636 8797 8022 
1637 8480 8624 
1638 7238 7272 
1639 631 134 
1640 1713 1340 
1641 4618 4100 
1642 1622 968 
1643 4999 4695 
1644 5226 5984 
1645 1048 785 
1646 8722 8400 
1647 7093 6662 
1648 6100 5350 
1649 10276 9748 
1650 332 1082 
1651 9196 9260 
1652 10365 9691 
1653 7933 7009 
1654 2171 3000 
1655 1196 876 
1656 3979 3943 
1657 6188 6041 
1658 3792 4021 
1659 3909 4626 
1660 2084 2347 
1661 5697 5206 
1662 7148 6345 
1663 7702 7190 
1664 1511 562 
1665 4029 3836 
1666 5466 6195 
1667 9 8 
1668 2910 3569 
1669 5725 6616 
1670 6655 6030 
1671 4670 4883 
1672 3415 2696 
1673 9357 8690 
1674 5577 6398 
1675 2188 2891 
1676 4546 4176 
1677 6550 7500 
1678 6827 6386 
1679 5328 4353 
1680 9077 8460 
1681 7348 7458 
1682 3067 2097 
1683 1 651 
1684 4627 3962 
1685 4152 5081 
1686 2886 2511 
1687 7423 6510 
1688 2917 2593 
1689 9661 9762 
1690 8056 7719 
1691 4044 3190 
1692 7127 8114 
1693 8684 8709 
1694 7427 6447 
1695 7280 7450 
1696 3707 2793 
1697 1 40 
1698 9282 8393 
1699 3201 4138 
1700 5025 4491 
1701 3353 3704 
1702 1607 2590 
1703 626 1154 
1704 10332 9543 
1705 943 1116 
1706 9700 9058 
1707 1 391 
1708 3860 3831 
1709 1858 2439 
1710 4089 3973 
1711 2513 3126 
1712 6639 6190 
1713 10086 9380 
1714 3055 3262 
1715 7267 6889 
1716 7878 7880 
1717 1618 873 
1718 6238 5903 
1719 6024 6563 
1720 5134 4815 
1721 9295 8950 
1722 2749 3382 
1723 8690 8945 
1724 8211 7314 
1725 3515 3525 
1726 5909 6375 
1727 7382 7128 
1728 4489 4861 
1729 7878 7545 
1730 3029 3028 
1731 3531 3531 
1732 759 981 
1733 6033 5841 
1734 5405 6279 
1735 3691 3956 
1736 1178 923 
1737 5345 5268 
1738 3413 3284 
1739 5851 6632 
1740 8266 7478 
1741 5251 5139 
1742 8122 7146 
1743 5041 4902 
1744 2100 2955 
1745 2384 1548 
1746 6142 6304 
1747 6378 5989 
1748 290 1190 
1749 7643 7379 
1750 4091 3706 
1751 955 907 
1752 9963 9024 
1753 3904 4216 
1754 3107 2466 
1755 1811 2754 
1756 9091 9672 
1757 4703 4389 
1758 1564 1089 
1759 4569 3906 
1760 6601 7436 
1761 7133 7087 
1762 2558 2773 
1763 5024 5227 
1764 1641 2431 
1765 7110 6306 
1766 1 106 
1767 3297 4025 
1768 8038 7618 
1769 1 519 
1770 5351 5460 
1771 5900 5169 
1772 5733 5197 
1773 4622 3648 
1774 9600 8736 
1775 2259 2192 
1776 8519 8964 
1777 9735 9896 
1778 8641 8440 
1779 1635 993 
1780 1023 900 
1781 491 1140 
1782 5766 6029 
1783 4583 4229 
1784 4867 5588 
1785 4692 5478 
1786 2400 2029 
1787 1 25 
1788 8639 8535 
1789 8769 9558 
1790 6071 5420 
1791 7356 7637 
1792 2770 3302 
1793 7474 6505 
1794 7327 7276 
1795 9698 9626 
1796 5758 4840 
1797 2753 2204 
1798 8050 8439 
1799 8626 8289 
1800 5091 4796 
1801 1494 2488 
1802 7237 7937 
1803 1 336 
1804 8508 8027 
1805 5853 6829 
1806 8375 7640 
1807 3631 3557 
1808 10091 9672 
1809 9377 9784 
1810 2512 2166 
1811 8004 8922 
1812 5411 5025 
1813 5892 6031 
1814 9662 9419 
1815 7885 7425 
1816 9075 8637 
1817 7130 6353 
1818 2957 2277 
1819 6683 7240 
1820 8445 8717 
1821 7666 6872 
1822 1827 2329 
1823 6054 6740 
1824 2328 1389 
1825 8502 8488 
1826 2706 2120 
1827 8496 7542 
1828 8669 8321 
1829 2988 2815 
1830 9655 9501 
1831 9680 9483 
1832 2263 2986 
1833 3097 2117 
1834 6720 7516 
1835 5375 4709 
1836 8591 7697 
1837 9119 8651 
1838 6774 7058 
1839 367 917 
1840 2621 1688 
1841 9857 9005 
1842 5751 6089 
1843 9574 9586 
1844 4648 4670 
1845 2671 3346 
1846 7950 8386 
1847 7971 8145 
1848 6768 5945 
1849 7342 6872 
1850 719 570 
1851 10436 9517 
1852 164 811 
1853 2393 2490 
1854 7414 6663 
1855 2263 1837 
1856 9140 9951 
1857 1210 860 
1858 2967 3162 
1859 8493 9122 
1860 8064 7274 
1861 4360 4266 
1862 290 1229 
1863 5520 4791 
1864 1372 1596 
1865 7768 8254 
1866 9189 9428 
1867 5967 6657 
1868 9625 9966 
1869 600 1497 
1870 8572 8237 
1871 9672 9535 
1872 9225 8644 
1873 10000 9127 
1874 5671 5601 
1875 1820 2713 
1876 7592 7834 
1877 2682 1997 
1878 5442 5843 
1879 7057 7523 
1880 1803 809 
1881 3289 2396 
1882 5615 6205 
1883 6700 7208 
1884 2299 2752 
1885 8386 8781 
1886 7301 7000 
1887 5364 4912 
1888 3285 2428 
1889 6843 6964 
1890 5107 5554 
1891 6038 5420 
1892 7873 8770 
1893 1501 526 
1894 3624 3703 
1895 2407 1751 
1896 9127 8882 
1897 5531 5733 
1898 10088 9402 
1899 2875 2452 
1900 3889 4420 
1901 3765 3096 
1902 2934 3242 
1903 842 804 
1904 3695 4331 
1905 9318 8565 
1906 9989 9184 
1907 2763 2223 
1908 2266 3190 
1909 6962 6786 
1910 6394 5517 
1911 10102 9847 
1912 3729 3756 
1913 4101 4509 
1914 5099 5294 
1915 4367 3402 
1916 1758 1357 
1917 8247 8528 
1918 2562 2985 
1919 3406 2895 
1920 1 565 
1921 9768 9664 
1922 4294 3551 
1923 1252 1845 
1924 553 906 
1925 6352 5435 
1926 10602 9658 
1927 2774 3305 
1928 77 1067 
1929 10281 9896 
1930 6359 5822 
1931 930 1870 
1932 1488 2336 
1933 1684 1656 
1934 7240 6873 
1935 968 1348 
1936 8107 7694 
1937 9768 9272 
1938 1140 900 
1939 2404 1539 
1940 2288 2194 
1941 1787 2174 
1942 6296 6097 
1943 6324 5711 
1944 8406 8003 
1945 1698 2698 
1946 2162 1965 
1947 650 579 
1948 9778 9362 
1949 6890 7348 
1950 3624 2781 
1951 5979 6871 
1952 8173 7626 
1953 5874 6258 
1954 396 1234 
1955 9070 8861 
1956 3861 3954 
1957 2706 1872 
1958 9045 9559 
1959 6199 5533 
1960 5480 4951 
1961 6650 7319 
1962 8602 8207 
1963 6867 6718 
1964 1044 69 
1965 6573 6504 
1966 7789 8553 
1967 9400 9390 
1968 3299 3197 
1969 9223 9872 
1970 239 1230 
1971 311 630 
1972 3753 2797 
1973 7647 7924 
1974 7048 7231 
1975 2859 3368 
1976 4307 4877 
1977 5727 5188 
1978 1652 2361 
1979 5503 6290 
1980 7597 7838 
1981 1602 665 
1982 5319 5746 
1983 2234 2907 
1984 8747 8747 
1985 3306 3352 
1986 8469 7914 
1987 10825 9955 
1988 9390 8649 
1989 1885 1022 
1990 8327 7581 
1991 5643 6292 
1992 8420 8856 
1993 5142 4867 
1994 859 254 
1995 5685 6501 
1996 8222 7921 
1997 10295 9513 
1998 9287 8779 
1999 2671 2979 
2000 8690 8583 
