npieces: 2000
capacity: 4315225423
1 1963958 1405334 
2 4016964 4353599 
3 9310016 8814321 
4 5800607 5017046 
5 8257119 8494035 
6 1 409324 
7 4820438 5765532 
8 1 878534 
9 3098739 2529292 
10 5419308 6371037 
11 7508914 6803410 
12 3916501 3070454 
13 576471 978099 
14 3961877 3175391 
15 4985889 4009043 
16 6463692 6270919 
17 1 475940 
18 4487851 4022843 
19 2785526 2284904 
20 8780599 8632505 
21 8005676 8222308 
22 6560388 7340914 
23 2071778 2179107 
24 2587484 1684001 
25 7220027 7417827 
26 1897939 1470851 
27 7601308 8589601 
28 7845819 8767986 
29 4532294 3742908 
30 7156807 7187362 
31 597071 747592 
32 6105182 5958774 
33 6438655 6172786 
34 5320414 5162752 
35 9185898 9841547 
36 9240777 8476820 
37 4346974 4591795 
38 5437018 4924167 
39 2573526 1782947 
40 8188956 7518857 
41 5016167 5278742 
42 6464979 6132252 
43 2158536 1512533 
44 822262 851760 
45 2141493 2046302 
46 2145765 1215453 
47 6197050 5660080 
48 7445787 8346428 
49 5991042 6511542 
50 8850334 9056739 
51 3995416 4164173 
52 111723 432763 
53 2750388 2843252 
54 1297304 651775 
55 6726406 6964879 
56 8351514 8955538 
57 6596655 7431256 
58 7701118 7219453 
59 2361085 2957027 
60 5555540 5418821 
61 8085194 8497995 
62 837757 1301861 
63 6434154 6081534 
64 7735300 6775725 
65 4923523 5766178 
66 6926724 6550711 
67 3580423 4435619 
68 387685 157057 
69 1667000 1367899 
70 6172976 5885484 
71 1820290 868316 
72 6387925 7033552 
73 9810349 9380061 
74 5518253 6473466 
75 8447336 9361598 
76 5171049 4599107 
77 5164246 6095673 
78 10566497 9764366 
79 4580963 3880743 
80 1599208 2155997 
81 2578040 2439020 
82 4538449 4927440 
83 5116942 4460161 
84 5375296 6278844 
85 10147590 9291676 
86 3376848 2524644 
87 7923848 7864446 
88 2359624 2459735 
89 3157704 2814553 
90 5102055 6064742 
91 4543345 5266779 
92 9542708 9752767 
93 6490799 6923611 
94 5892765 6599082 
95 945565 1627295 
96 8189037 8153696 
97 5544208 4950088 
98 7919822 6961923 
99 10527722 9655387 
100 5588003 5707711 
101 1485249 1178092 
102 8196071 8869499 
103 4261135 5009641 
104 7961977 8899131 
105 1846939 2067456 
106 1 746773 
107 1814148 2747950 
108 6506379 5902669 
109 7846022 7618789 
110 3756671 4628752 
111 5971915 6418521 
112 5063387 4892618 
113 6304754 5878760 
114 8691685 8350500 
115 378888 1364900 
116 7227792 7047837 
117 8764624 7885822 
118 5668250 6231748 
119 2612389 2935568 
120 10009418 9327247 
121 2939969 3545734 
122 289864 352475 
123 4851336 5301546 
124 8939362 8954625 
125 1 248204 
126 5531497 4654737 
127 2339202 2591818 
128 7377694 7553710 
129 8721341 9022849 
130 5070077 4804614 
131 7181250 7200976 
132 5690635 6121708 
133 8676529 9512197 
134 7146562 7321619 
135 2547069 2691815 
136 4392299 4021993 
137 7079221 7366176 
138 1409324 1211661 
139 2595570 2050372 
140 2334954 1767279 
141 8661923 9626626 
142 4119132 4354563 
143 10600141 9842150 
144 5216504 6001826 
145 7449300 7657160 
146 4203033 5198205 
147 10078502 9100501 
148 7439365 7345214 
149 8793631 9458743 
150 3435678 2800445 
151 1742232 2152036 
152 1015934 1551579 
153 4263992 4545024 
154 1000251 558463 
155 1901768 1500400 
156 5458650 5329835 
157 1492712 1209085 
158 6912259 7183162 
159 1 159520 
160 6235519 6795704 
161 1 315120 
162 6995353 6765277 
163 1915961 2247333 
164 10120142 9467048 
165 5379562 5746120 
166 1606761 2191509 
167 7689708 8307193 
168 689646 1467514 
169 2912295 3614300 
170 7897765 7343492 
171 5569549 5616673 
172 8217342 8920264 
173 2355947 3038255 
174 2046369 2372488 
175 1 40813 
176 1478873 1257605 
177 7408406 8031533 
178 8377338 8736636 
179 1426000 1577141 
180 6668324 7159486 
181 9286467 8287594 
182 7116244 7858287 
183 8866640 9122331 
184 9589412 9928155 
185 339503 537447 
186 4269440 3388784 
187 1095716 803533 
188 3510995 2789596 
189 7609282 8070350 
190 5367324 5196484 
191 1441611 1783233 
192 3028978 3344413 
193 9414399 9042995 
194 1 739371 
195 7021850 6893944 
196 6679905 7169684 
197 5559194 5928274 
198 8423000 8439072 
199 7817622 8698685 
200 6631370 7092752 
201 7800228 7986261 
202 3211538 3594647 
203 2330034 1851109 
204 3331076 2343033 
205 2325860 3072269 
206 5524136 5687231 
207 6874604 7274127 
208 5339357 6225556 
209 5152066 4818614 
210 6785381 7053760 
211 5651284 5372899 
212 3266734 2642494 
213 5260870 4540981 
214 3362355 2767227 
215 9380069 9679188 
216 1833960 2413358 
217 2440330 2753627 
218 1287862 1521998 
219 1927074 2720736 
220 1868808 2461621 
221 6060726 5577120 
222 1 67407 
223 7931245 8476876 
224 3684251 3498878 
225 4483579 3679210 
226 1 534798 
227 4801293 5321962 
228 6653425 7101904 
229 6664094 7273414 
230 8808311 8345941 
231 9068384 8828500 
232 3733537 4148169 
233 7036777 7821867 
234 5609654 6346729 
235 6247174 5394736 
236 8293795 8157218 
237 5521775 4763836 
238 3667490 3215688 
239 5486488 5511275 
240 9152850 9178735 
241 4772584 5746820 
242 2371567 2521962 
243 1947094 2231680 
244 4158894 4022238 
245 3521976 3466425 
246 4785389 5210497 
247 10153634 9856432 
248 1782170 1870836 
249 4898073 4887035 
250 5606637 5385787 
251 4787521 5368905 
252 227687 466133 
253 6957496 7878803 
254 8776117 8881148 
255 6281328 6266466 
256 7062189 7420155 
257 1 449975 
258 9861501 9897255 
259 5226137 6018458 
260 161364 1090683 
261 7088170 7141826 
262 3420947 4345044 
263 2658059 1997661 
264 8043990 8103109 
265 9592747 8957054 
266 1 380824 
267 8914368 7921953 
268 3511314 3577954 
269 310914 647003 
270 3423053 3316162 
271 1080742 1222818 
272 3269637 3335350 
273 5559602 5359286 
274 3443657 3033369 
275 6576259 5784876 
276 5197614 5157693 
277 7388872 6612245 
278 2030221 1617697 
279 1 736719 
280 284411 557903 
281 6411581 6118375 
282 2120460 1804501 
283 9373619 8380458 
284 7524203 7333853 
285 7331073 8192455 
286 1380030 1756395 
287 5001693 4708258 
288 245048 1160755 
289 1 29751 
290 5444321 5988245 
291 1592144 609961 
292 9712184 9231542 
293 8860423 8824039 
294 4394670 3622972 
295 7010236 6871033 
296 3565958 3440293 
297 219857 729325 
298 2359596 2153285 
299 9170115 8193496 
300 1314987 960090 
301 4996561 5046283 
302 3558681 3286605 
303 9554318 8978004 
304 5732074 5967368 
305 1610790 1238766 
306 578323 106094 
307 1 307462 
308 5386400 5193468 
309 8827085 9724138 
310 619694 1558906 
311 8447424 7653840 
312 9693289 9228125 
313 3418114 3331009 
314 9278917 9452220 
315 3357192 2617248 
316 9397372 9458413 
317 911610 435163 
318 1304155 1004476 
319 10411912 9630637 
320 7889213 7819719 
321 4126913 3296269 
322 2853238 2250361 
323 2105837 2344886 
324 9043372 8622369 
325 9761599 9294548 
326 10284847 9593262 
327 5658243 6340552 
328 8010352 7321225 
329 3773364 3017624 
330 8254316 7491471 
331 2447484 1496694 
332 9276526 8976938 
333 2066749 2919019 
334 7880473 8184715 
335 7336453 6429344 
336 888146 1863686 
337 6292943 7038025 
338 5845713 6508553 
339 883026 1181487 
340 4857167 4372794 
341 7175695 7708888 
342 4311740 3780781 
343 6635324 6265940 
344 5131503 5359551 
345 1 393511 
346 899956 1176721 
347 1895390 1853518 
348 4953635 4772516 
349 8477165 7661936 
350 1711624 2126734 
351 3838277 2877731 
352 474386 862935 
353 4385357 4152663 
354 5667350 5561715 
355 9535194 8734307 
356 7253301 6517211 
357 773833 1189290 
358 234392 305994 
359 2407409 3324777 
360 5326611 5089809 
361 4999553 5120416 
362 736963 1127703 
363 9276930 8472987 
364 98706 539121 
365 256360 535964 
366 6704466 6584346 
367 3059928 3717159 
368 9670435 8762319 
369 7403348 7479274 
370 2995455 3009417 
371 10693022 9844934 
372 9544984 9368600 
373 9484089 8854526 
374 6078417 6924249 
375 775952 532347 
376 8666931 8384660 
377 9205497 9084217 
378 5546322 5841524 
379 2815799 3780690 
380 1 458531 
381 10008829 9956261 
382 7746682 6780930 
383 7834381 8793123 
384 2168904 1601794 
385 7270604 6704182 
386 1 326690 
387 937502 1259854 
388 543815 220165 
389 851447 1850248 
390 8918246 8695599 
391 2855514 3439357 
392 1 195932 
393 5688937 6471973 
394 8723912 8136829 
395 9223427 8300007 
396 1 100688 
397 3767941 2967358 
398 3039335 3137434 
399 3046789 2195977 
400 9625228 9522692 
401 7112911 7642735 
402 4819015 4776464 
403 7182116 8127852 
404 7225286 8001846 
405 2517369 3470461 
406 9528984 9367839 
407 4699526 5110372 
408 6122565 6823933 
409 4015452 4631961 
410 8793729 9293573 
411 7025704 7883085 
412 4018189 4948234 
413 7110205 6609819 
414 3332127 2487735 
415 7444056 7770702 
416 5535785 6124521 
417 7378326 6724041 
418 4341431 4470311 
419 6655911 6723607 
420 5834111 6497342 
421 9853713 9044752 
422 4574741 4666877 
423 1347542 2022052 
424 8574378 8473610 
425 2015491 1778631 
426 10695393 9728352 
427 5900806 6359033 
428 109910 352486 
429 3884469 3538033 
430 4646833 5555884 
431 2534551 2548197 
432 3330366 3816004 
433 6678189 6740600 
434 9333012 9417403 
435 3819889 4361281 
436 7610620 8183603 
437 4197138 4365812 
438 8791359 8589086 
439 4716019 4492208 
440 2289127 2224921 
441 607402 447844 
442 7052342 7496163 
443 3248948 2700894 
444 4621717 4211704 
445 5159843 5303922 
446 1838063 1855310 
447 1389777 1447491 
448 6424838 6647467 
449 1 121009 
450 8109413 7205409 
451 4046753 3214175 
452 4638988 5277992 
453 5762822 6268255 
454 1119518 1666390 
455 5673078 5512317 
456 1869447 1740989 
457 3174025 2960549 
458 3966056 3393121 
459 1226333 1028082 
460 6704822 5851860 
461 8189635 7571668 
462 7704373 8464368 
463 10261664 9834076 
464 2282261 1588401 
465 385062 1147431 
466 2039716 2087852 
467 3711163 3906149 
468 8387320 8891568 
469 9155415 9296773 
470 4379156 4815096 
471 6333721 6627199 
472 4637434 4939529 
473 9790431 9858749 
474 6420463 6271150 
475 2951000 2480422 
476 8045351 7695118 
477 8700701 7965641 
478 9391936 8609383 
479 5338283 4963619 
480 1266376 2188265 
481 1 598030 
482 766549 1285169 
483 2608508 2812870 
484 2165828 2808288 
485 9170552 9689112 
486 10626210 9993944 
487 4468251 4734505 
488 3424668 3369363 
489 8785379 8095200 
490 9245077 9986335 
491 1676321 2640241 
492 4943375 5843386 
493 4108219 3136775 
494 4796301 4124038 
495 2973077 2765453 
496 286929 878697 
497 1091331 1850522 
498 7732873 7273987 
499 7537019 6683895 
500 409824 468429 
501 38697 154061 
502 2179315 1609419 
503 1307566 898672 
504 7107944 6968429 
505 6881543 7097282 
506 4959644 5591944 
507 627567 695237 
508 3096636 3253355 
509 5592047 6207425 
510 7935495 7912481 
511 6637512 5962382 
512 5762270 6044483 
513 1779918 1927039 
514 4956009 4577527 
515 8545082 8654443 
516 987499 1545225 
517 4428139 4676825 
518 7371201 7115812 
519 2873438 2601031 
520 5363119 5690412 
521 4430843 4584599 
522 1 132411 
523 4910676 4149399 
524 2222492 1761207 
525 3168205 3434667 
526 8130372 7510797 
527 1 46617 
528 5548086 5154188 
529 6439005 6385649 
530 3652037 2675040 
531 5630413 6349079 
532 2123426 1725737 
533 617922 1603055 
534 5383997 5846199 
535 3533567 2971683 
536 3826869 3931108 
537 502013 260756 
538 3540312 3198351 
539 2076580 2889178 
540 9584018 9345968 
541 5945292 6023162 
542 9182546 8783005 
543 5510896 5624739 
544 7346939 7823064 
545 897483 1865765 
546 1726183 961426 
547 5580546 6473199 
548 2864265 2084929 
549 3747933 4103107 
550 4384551 4718041 
551 7941118 8555640 
552 10168244 9241642 
553 3648240 4291563 
554 4449091 5049813 
555 9522357 8666884 
556 7046016 6242540 
557 1054822 1352672 
558 494706 780837 
559 8541372 8487968 
560 5849600 4870203 
561 4716492 4865741 
562 7874990 7244130 
563 3920947 4012775 
564 8822391 9082213 
565 8191169 9111177 
566 7206402 6940765 
567 8926649 8962618 
568 3799229 4037647 
569 9564075 8624722 
570 3156572 2565987 
571 4305029 4004742 
572 1136513 1260669 
573 2730586 1871507 
574 5607816 5639930 
575 9800209 8829443 
576 5426925 4726217 
577 7639301 8108959 
578 5212369 5773859 
579 4866114 5405554 
580 1380215 1831080 
581 3703437 3513845 
582 2908162 2761496 
583 5844246 5051100 
584 6953565 6431786 
585 8424519 8063228 
586 6555603 6697741 
587 9725716 8967127 
588 10337387 9339128 
589 2900533 3208390 
590 10541286 9639792 
591 1350071 441537 
592 7752964 8482326 
593 8031201 8240206 
594 9437759 8812586 
595 4001352 3804164 
596 10559035 9860384 
597 3588532 3846203 
598 8123624 8114653 
599 3898443 4094163 
600 9267302 9029518 
601 3552535 4311069 
602 220093 262949 
603 1802561 2451561 
604 6025498 6985714 
605 4708900 5179181 
606 2340907 1881946 
607 2224731 1511118 
608 5573270 4675510 
609 5311042 6077838 
610 1175307 382538 
611 1 761619 
612 8592541 8148704 
613 2501450 3237392 
614 1082347 342400 
615 7796691 8316050 
616 8957619 9560783 
617 7195583 7060073 
618 7832551 7310082 
619 8001947 8766129 
620 5782365 6370685 
621 1798071 1881212 
622 4707515 4066444 
623 2723785 3205533 
624 2743299 2780476 
625 3927210 3163540 
626 5692722 5872599 
627 3080317 2721297 
628 1 199419 
629 4544807 4380071 
630 3416607 4400726 
631 8201881 8090382 
632 9307167 9278720 
633 4928095 5794324 
634 2390724 2693749 
635 1344296 1176610 
636 5221375 4789678 
637 5107792 4682471 
638 8802864 7821146 
639 7640982 7078563 
640 3517647 3921342 
641 8869990 8482322 
642 1753089 1374758 
643 8569956 8634995 
644 7426655 8323462 
645 2345385 2265651 
646 8819551 8456498 
647 7648767 8443707 
648 7814211 8226999 
649 5341584 5988563 
650 3834633 3349332 
651 1412090 936241 
652 7972271 7812760 
653 4534394 4363810 
654 8434851 8358297 
655 8448622 7816148 
656 1 224718 
657 8738056 8832958 
658 3983586 3910666 
659 5595347 5032620 
660 4370822 4609942 
661 1 361706 
662 5379767 5133673 
663 1924812 2606221 
664 5675644 5888646 
665 2505455 3442393 
666 9422118 9714163 
667 5952354 5539922 
668 1 253905 
669 8936329 8606946 
670 3502563 2905885 
671 2617186 2416547 
672 4306131 3974274 
673 8645361 9434058 
674 3928393 3904600 
675 6354800 7318065 
676 9672403 8908221 
677 9223235 9136896 
678 5008892 4601422 
679 3421596 4031351 
680 7944394 8572675 
681 8665561 8237401 
682 4248117 3815076 
683 8166862 7624568 
684 7778877 8441068 
685 3654393 3668186 
686 3639961 3146168 
687 8067463 7095813 
688 8351353 7923052 
689 2889111 3213292 
690 3446380 3513827 
691 4132344 3353206 
692 5607138 5112336 
693 2024324 2995367 
694 4102213 3246006 
695 1 364397 
696 8981614 9731264 
697 4310267 4182921 
698 4405754 5116990 
699 8011813 8061208 
700 4719588 5143164 
701 3276936 3848894 
702 9603032 9912641 
703 8894064 8176750 
704 8680319 7858209 
705 1978782 2783191 
706 9831060 9656319 
707 1 751726 
708 3860141 4456867 
709 10306268 9558676 
710 1871910 1799028 
711 8319260 8461797 
712 4962378 4498386 
713 5440467 5368349 
714 91692 390674 
715 1496779 2144166 
716 6500338 5928471 
717 7331558 7668034 
718 1033069 1763337 
719 1 703185 
720 8238160 8774453 
721 6767258 6132800 
722 1272105 444929 
723 1940893 1689998 
724 10403385 9566090 
725 7611762 7422588 
726 4367466 3951324 
727 9017543 8777681 
728 6985511 7224397 
729 1 785863 
730 9206385 8956022 
731 2783985 2553749 
732 5995062 5663567 
733 8532224 9380506 
734 4369835 3492454 
735 2892268 3488675 
736 5329754 5881660 
737 1983216 2424153 
738 8242859 8900668 
739 5558238 6198858 
740 8810837 8096345 
741 5805090 6065170 
742 9649145 9455939 
743 1367190 801062 
744 7481992 8133957 
745 3819723 3477948 
746 5315729 4460862 
747 1119047 317914 
748 8334722 8829241 
749 2193637 2164858 
750 7457762 8387500 
751 5092328 4472279 
752 8712348 9221194 
753 8923537 9184472 
754 2958131 2457989 
755 1015756 456085 
756 8850441 9517220 
757 3882813 4491402 
758 7092054 7782140 
759 8364304 7925719 
760 2258050 3045326 
761 2644381 2853425 
762 6147867 6871741 
763 7073032 7645545 
764 2404293 2624106 
765 2203173 1624087 
766 5708459 5522862 
767 8139945 7476067 
768 1 600051 
769 2145894 1923311 
770 5277546 4716463 
771 6789686 6337764 
772 3508390 4067710 
773 1263255 1898264 
774 3474930 3611355 
775 1835578 854361 
776 1458795 2212987 
777 3955560 3913817 
778 4203113 3647431 
779 9172541 8693301 
780 3945805 3819764 
781 8296251 8504868 
782 6654377 5700800 
783 9594230 9204280 
784 4619927 4068298 
785 6007702 5145428 
786 5983180 5631630 
787 100633 676011 
788 4325088 4851197 
789 3533837 4429168 
790 222545 564021 
791 337708 370080 
792 10028238 9715298 
793 7148743 7262696 
794 6418590 6091696 
795 1253984 2204083 
796 5802010 5887340 
797 5752025 6697172 
798 9985870 9977910 
799 2848255 2742349 
800 4363973 3812453 
801 1021313 1017530 
802 7057203 6337783 
803 3445896 3324637 
804 1167695 2039987 
805 6834247 6792263 
806 3681115 4121182 
807 4330319 3740191 
808 9678022 9449110 
809 2888384 3443602 
810 5354578 4954190 
811 10272372 9628119 
812 9831498 9940966 
813 531909 452317 
814 8356356 9355365 
815 2821980 3748500 
816 8862283 8043094 
817 3935478 4136405 
818 10196522 9958974 
819 566454 160111 
820 5720801 5316790 
821 2882477 2222799 
822 1205231 260648 
823 928614 421963 
824 7319849 6636714 
825 199775 511883 
826 1378753 1014386 
827 4321145 5050260 
828 5176785 5821813 
829 7729558 6946803 
830 9743786 9505569 
831 269773 628866 
832 2203305 2814771 
833 2003582 1565402 
834 4706523 4535605 
835 3961239 4563413 
836 3042094 3327640 
837 9843695 9760318 
838 3504576 3549546 
839 9417478 8818968 
840 8479538 8586931 
841 2081749 1164039 
842 8501878 7560818 
843 2723162 3181663 
844 5575419 4678959 
845 2952713 2966472 
846 782885 1760701 
847 1942660 2503306 
848 1969515 1840142 
849 9831167 9168507 
850 6977138 6906546 
851 1133620 1582466 
852 4830802 3953518 
853 7040323 7615175 
854 4855290 5591669 
855 8226772 7633657 
856 5255203 5804998 
857 2000047 2839355 
858 6308423 5467809 
859 8505910 9092268 
860 5790815 6527271 
861 7669057 7001873 
862 8866072 9006861 
863 790903 958498 
864 3791905 3654652 
865 1 303982 
866 1611444 1288585 
867 5665076 5477355 
868 3590079 4044364 
869 8892646 8620958 
870 6353407 5643807 
871 5545880 5427171 
872 8215775 7454709 
873 7932092 7444442 
874 9659318 9840468 
875 6778962 6007662 
876 5149389 4400240 
877 311792 431235 
878 6316464 5389158 
879 3042210 2304315 
880 10834644 9938962 
881 6739126 6175333 
882 2000405 1262349 
883 1681134 2397060 
884 10645871 9906374 
885 2835751 1841655 
886 6652755 6619579 
887 4774220 4906186 
888 7743385 7103957 
889 7696670 6762648 
890 4818829 4551518 
891 9354119 9879450 
892 1750770 963488 
893 1867739 1598289 
894 1842684 987803 
895 8809297 8519372 
896 7731081 8610146 
897 3782037 3443734 
898 1000022 1422866 
899 3719825 4118848 
900 2149253 2480624 
901 6806922 6395526 
902 3787337 3066014 
903 639413 515105 
904 3520908 2887930 
905 2783595 2126633 
906 1 731924 
907 2820062 2020004 
908 5130677 4174153 
909 3805853 4075823 
910 7619130 7788800 
911 6608999 6183495 
912 4424742 5423489 
913 6530994 5817909 
914 7052475 7469293 
915 5005301 4141204 
916 8741163 8046046 
917 9270252 8721152 
918 5400929 4723867 
919 7569666 8173533 
920 292324 406648 
921 7796402 7586497 
922 5633661 5669704 
923 3757289 3478015 
924 8318071 7982720 
925 4563326 5242321 
926 4554214 5462122 
927 3858451 4099361 
928 7824630 8153730 
929 805273 716148 
930 1581777 991985 
931 7355019 7617395 
932 1719107 1097379 
933 1977370 2191000 
934 8514236 9478919 
935 8150969 8253681 
936 5322674 5007459 
937 10337126 9661204 
938 630420 629841 
939 10511037 9994784 
940 3556235 4466265 
941 613941 1495275 
942 9171176 8630700 
943 4763263 3933773 
944 9929628 9025275 
945 5588218 4676872 
946 212517 182386 
947 7011705 6028115 
948 2023342 3009109 
949 887376 167169 
950 7422628 6864309 
951 3385423 3284819 
952 1154934 1965390 
953 8500886 8134615 
954 6347294 6566016 
955 2103424 1217658 
956 3756980 3651305 
957 2295605 1392049 
958 3851128 3946907 
959 6901756 7162560 
960 7007948 7270911 
961 4402784 3841318 
962 3646519 2658501 
963 45585 596645 
964 6119162 5129095 
965 4204133 3855601 
966 8437551 8568313 
967 6140003 6381301 
968 529257 819535 
969 7771262 8532924 
970 9639010 8949676 
971 8082658 7977858 
972 1484734 2186305 
973 7705929 7878360 
974 2938029 3496330 
975 6803406 7224430 
976 7820997 7619361 
977 7776296 8348288 
978 3597933 4343998 
979 6019217 5606624 
980 180133 174540 
981 4433351 3602460 
982 4112442 4329640 
983 7290828 6913995 
984 8655936 7803512 
985 5020951 5450489 
986 1 163878 
987 6236937 6341804 
988 9916692 9638392 
989 3219733 3411603 
990 6407481 5623502 
991 488178 691018 
992 9088388 8649719 
993 1047530 1670220 
994 768572 397487 
995 3538394 2847862 
996 6190519 5737529 
997 4936103 5054388 
998 10753604 9936277 
999 4159199 4454346 
1000 10555848 9784799 
1001 5593057 5236929 
1002 1914190 1276100 
1003 9936043 9661420 
1004 6123696 6221473 
1005 6800055 6688150 
1006 3844096 4601274 
1007 5716950 6293065 
1008 2269723 2172819 
1009 9022225 8894013 
1010 6266149 7097327 
1011 4575560 3579228 
1012 8877855 8413026 
1013 9640495 8695534 
1014 5170507 5709973 
1015 2932715 2216550 
1016 3369088 3912598 
1017 7148835 6885448 
1018 8687990 8794073 
1019 2644845 2496053 
1020 5428506 5697616 
1021 6750382 7363605 
1022 3397719 2689442 
1023 2149255 2635743 
1024 1058298 159371 
1025 9692114 9943176 
1026 3325452 3521871 
1027 2100778 1488773 
1028 564720 36444 
1029 3836891 4248447 
1030 8378661 9348987 
1031 5050512 4066707 
1032 1077470 1225522 
1033 1831437 2413250 
1034 7303921 8218810 
1035 1925099 2533372 
1036 7224248 7128088 
1037 7271133 7213508 
1038 7571001 8455259 
1039 4517172 3900928 
1040 8071491 7400689 
1041 5909095 6712031 
1042 1759854 1472677 
1043 6623517 5687271 
1044 2251730 2223545 
1045 3820824 3484442 
1046 9255560 9452700 
1047 6162853 5997380 
1048 1 869704 
1049 2819152 2926820 
1050 5022315 5293242 
1051 4482632 4185652 
1052 10150124 9281295 
1053 7523830 6836055 
1054 4700558 5163064 
1055 4872222 4369439 
1056 7864324 6879706 
1057 773304 239351 
1058 7232103 7709508 
1059 1582476 2378867 
1060 6253508 5340046 
1061 3855933 2930547 
1062 4118626 3339082 
1063 8276868 8391150 
1064 9457970 8538346 
1065 1820957 1532128 
1066 9571202 8753710 
1067 4962297 5479378 
1068 1619528 1439431 
1069 5492019 6409731 
1070 7450205 7745933 
1071 6615176 5766704 
1072 8549355 8423642 
1073 3222455 4179589 
1074 6489754 7075457 
1075 7900940 8819872 
1076 2545236 3322606 
1077 10200133 9887806 
1078 701824 576732 
1079 8666416 8043908 
1080 68700 227373 
1081 7747058 7093228 
1082 1414303 1038697 
1083 1659659 1456714 
1084 10186925 9378390 
1085 9424949 9411194 
1086 1644940 2493615 
1087 5593508 6010153 
1088 9304896 9870725 
1089 56248 895292 
1090 5528749 5286703 
1091 557988 1052768 
1092 8520629 7962223 
1093 5791771 5895215 
1094 8059632 8228003 
1095 8556299 8460795 
1096 1 408741 
1097 5356593 4835771 
1098 1 369599 
1099 4882333 5772176 
1100 7823705 7680974 
1101 8321973 7806322 
1102 710578 224370 
1103 8539395 8198268 
1104 7509397 6747503 
1105 6473593 6298064 
1106 4964516 5128739 
1107 8458191 9026472 
1108 8152163 9039012 
1109 4064410 3570426 
1110 7002641 6904821 
1111 7270904 7199303 
1112 3266002 2938085 
1113 1 119041 
1114 7384121 8272389 
1115 9902556 9062807 
1116 10579714 9805124 
1117 3686027 2783262 
1118 10246086 9656745 
1119 8707257 8615837 
1120 5185604 4329387 
1121 4667943 4794357 
1122 2979475 2448048 
1123 8045881 7877355 
1124 946127 1337632 
1125 2463960 3281620 
1126 2770985 3502886 
1127 1392555 1615836 
1128 9109609 8830979 
1129 9583654 9249138 
1130 1763221 1118478 
1131 4950317 5317332 
1132 3470665 4354636 
1133 2968229 2056754 
1134 9952239 9428776 
1135 3095839 2399105 
1136 2625315 3179087 
1137 3513990 3110623 
1138 6107570 5354026 
1139 9255971 9047454 
1140 1 95865 
1141 1021536 745200 
1142 1727337 2166793 
1143 3378930 4241197 
1144 8498790 9486098 
1145 2879519 3395267 
1146 9801762 9361199 
1147 5349999 5018810 
1148 6396239 6784762 
1149 1 1890 
1150 396481 55491 
1151 1008149 733468 
1152 2800045 2166381 
1153 1977907 1510723 
1154 761953 830822 
1155 1994848 2726965 
1156 5686353 5915585 
1157 2177701 2003713 
1158 2627666 2064370 
1159 5642211 6494127 
1160 677057 1482661 
1161 2600839 2063526 
1162 8167366 8536763 
1163 4690058 3900734 
1164 1395074 2212194 
1165 9304931 9522659 
1166 8880459 9762767 
1167 1298341 743778 
1168 4952270 4965787 
1169 9509011 9056211 
1170 9319782 9657527 
1171 3134245 2519459 
1172 5368298 5328910 
1173 7150382 6747837 
1174 3945351 3326518 
1175 6923768 6860245 
1176 6337774 7021009 
1177 10244297 9542993 
1178 2631324 2862726 
1179 8070814 8411220 
1180 6519734 6045464 
1181 8840577 9200872 
1182 5111062 5226784 
1183 6751660 6851782 
1184 8531322 8937451 
1185 8531928 8775237 
1186 7583989 8476658 
1187 8105967 8915038 
1188 6706617 6121074 
1189 5998681 6567640 
1190 2568227 2312616 
1191 460844 187028 
1192 395236 970155 
1193 349608 1105527 
1194 5339875 5502821 
1195 4008326 4274287 
1196 6554166 5981359 
1197 2971697 2179876 
1198 8294255 8509960 
1199 5216731 4891581 
1200 7718434 7551346 
1201 10170582 9194444 
1202 4996241 5399914 
1203 7726453 7633367 
1204 2422056 3144962 
1205 5850174 6580612 
1206 551138 8732 
1207 6250401 6280672 
1208 1015685 845893 
1209 9488650 9596108 
1210 1346081 1560107 
1211 2276974 1759236 
1212 6535076 6592829 
1213 2911511 2779597 
1214 745007 1615070 
1215 2977599 2659515 
1216 1 161989 
1217 2479108 3459356 
1218 6750729 7664116 
1219 8320362 9094789 
1220 1973103 1474130 
1221 6178034 6825462 
1222 9997450 9751399 
1223 4519987 4586284 
1224 871791 1075764 
1225 8215635 9195140 
1226 3631790 2769197 
1227 8993113 9079815 
1228 8175829 7930068 
1229 4073241 4911766 
1230 8788113 9621363 
1231 6289928 5738419 
1232 3392730 2940918 
1233 2078874 2236009 
1234 3037180 2824418 
1235 8693812 7794010 
1236 10846608 9982070 
1237 9332222 9745251 
1238 8788026 8149597 
1239 6527916 5849837 
1240 6727830 7678220 
1241 4758530 4734803 
1242 7188588 7302334 
1243 7187553 7534187 
1244 9688916 9098634 
1245 5238149 5775539 
1246 2240519 1504285 
1247 1673299 2272666 
1248 8921469 9479834 
1249 3542077 4266472 
1250 5353586 4579467 
1251 2537451 2932682 
1252 4617431 4776322 
1253 2262050 2403582 
1254 5856318 5266896 
1255 7857882 7150871 
1256 10594721 9679585 
1257 3403434 3023854 
1258 1523435 1209138 
1259 10486157 9676581 
1260 6232137 5850737 
1261 5241486 6189785 
1262 9706266 9471792 
1263 4753199 5403108 
1264 1 165957 
1265 7464580 8058443 
1266 1817327 2003008 
1267 5475469 6372811 
1268 156235 607881 
1269 4122354 4593915 
1270 583317 518166 
1271 6724913 6564126 
1272 8838813 8428871 
1273 7717240 7340935 
1274 1968585 2715486 
1275 5828314 6778793 
1276 5709883 5866142 
1277 2002607 1303866 
1278 5796102 5984255 
1279 9609756 9816324 
1280 9631628 8711690 
1281 9895509 8908616 
1282 438251 956503 
1283 9171769 9267279 
1284 8745722 9553697 
1285 4305315 4329102 
1286 4601348 5375491 
1287 8124303 8610165 
1288 717910 1199442 
1289 7053620 6387284 
1290 7285350 8025238 
1291 6394869 6872426 
1292 1 300965 
1293 410796 526860 
1294 6361311 6905438 
1295 473501 855663 
1296 7167425 7456511 
1297 3565988 4478354 
1298 7213715 6522660 
1299 7038632 6142026 
1300 31330 256221 
1301 3971429 4322155 
1302 2030314 1723242 
1303 6988651 6883984 
1304 1146631 237589 
1305 8274222 8924296 
1306 5491474 4882988 
1307 4924610 4466525 
1308 6281311 5542426 
1309 6772968 7704450 
1310 10109589 9689889 
1311 2443166 2779288 
1312 9194745 9823159 
1313 8199066 8154077 
1314 5020979 4972794 
1315 7454582 7589938 
1316 9504507 9403344 
1317 325197 683719 
1318 10434334 9473311 
1319 5398066 4956261 
1320 8552300 8418086 
1321 5204140 5321431 
1322 2632743 2737782 
1323 7819822 8460406 
1324 7138389 6395025 
1325 873101 514256 
1326 2606715 2799517 
1327 1206245 2096372 
1328 4885791 3931589 
1329 5408566 6058077 
1330 5123546 4238765 
1331 6208860 5383673 
1332 6992587 6216335 
1333 3355088 2610772 
1334 1654249 2476663 
1335 2073016 1936230 
1336 4641129 5510167 
1337 6988919 7370741 
1338 3703136 3249608 
1339 9641473 9215528 
1340 8448031 9341854 
1341 4209089 5206954 
1342 3185219 2542118 
1343 1580011 2435831 
1344 5497626 6145215 
1345 8409971 9196870 
1346 1294119 1598610 
1347 7858295 8847379 
1348 8438311 9243567 
1349 1450126 1906504 
1350 9531563 8662341 
1351 8954119 8823559 
1352 289774 1050494 
1353 4185824 5011735 
1354 2002505 2233333 
1355 3297509 3691752 
1356 5731442 4786389 
1357 1467617 500420 
1358 6437205 6302607 
1359 8666543 9656725 
1360 6091150 5513271 
1361 3614595 4554317 
1362 5457689 4703228 
1363 1807340 934773 
1364 8237171 8678594 
1365 968700 909654 
1366 6035336 5825630 
1367 7683353 7070910 
1368 4700012 5179373 
1369 3485347 3708399 
1370 7671224 7043537 
1371 4436828 4971562 
1372 7820492 6853065 
1373 930325 1852371 
1374 4925722 5647148 
1375 5763862 5909441 
1376 5489065 5694530 
1377 1817563 929828 
1378 3293336 2333119 
1379 394301 729619 
1380 5557175 5885917 
1381 7058775 7804082 
1382 1376499 1774485 
1383 3108918 2837373 
1384 5909878 6280185 
1385 8819523 8801971 
1386 1 364081 
1387 2477425 2103393 
1388 2731862 2168336 
1389 2710504 2304265 
1390 3524802 3172818 
1391 5616547 6454896 
1392 3512555 2875252 
1393 4734497 3982977 
1394 7110030 6110640 
1395 80911 619873 
1396 8521498 8581908 
1397 7092546 7756048 
1398 4522958 5157822 
1399 3586984 3452600 
1400 4298772 3934902 
1401 270437 581270 
1402 2763229 1954920 
1403 2386026 2012802 
1404 9281793 8716860 
1405 6120528 6350876 
1406 7418229 6844628 
1407 3492188 2852757 
1408 8910047 8586721 
1409 2890172 3572247 
1410 3448997 4262434 
1411 3173037 2279762 
1412 1208981 576251 
1413 1726210 1497124 
1414 5121435 5553966 
1415 8955341 9702628 
1416 4103696 3715512 
1417 8194512 8779724 
1418 3404519 4352714 
1419 8366436 9216384 
1420 4604489 3612770 
1421 1047313 250303 
1422 1409035 725254 
1423 8454657 9038501 
1424 629028 1098781 
1425 7564760 7456794 
1426 536480 1500906 
1427 6771240 7521755 
1428 5544832 4783014 
1429 1673363 2316579 
1430 1821175 1724600 
1431 6791847 7744629 
1432 6890333 7356947 
1433 115359 240905 
1434 9625076 8848812 
1435 2105301 2374609 
1436 2059373 1076887 
1437 5563066 5359654 
1438 7215347 7897789 
1439 3498080 3769492 
1440 9580485 9065788 
1441 274302 201151 
1442 1707017 955867 
1443 8121681 7825648 
1444 6598453 5759528 
1445 8495503 7786816 
1446 1168983 1776049 
1447 6727118 6777951 
1448 4596120 4635099 
1449 6832390 6010753 
1450 4846208 5617250 
1451 1387643 1556199 
1452 1049495 1714541 
1453 8779437 8041989 
1454 5548794 4944717 
1455 2955938 3247317 
1456 4534055 3879378 
1457 3354362 3279416 
1458 7169372 6996298 
1459 4611865 3704836 
1460 6114658 5514903 
1461 2718463 2545454 
1462 705607 1355244 
1463 8658618 8925845 
1464 8964060 8306212 
1465 9495316 9278185 
1466 1295403 1603774 
1467 4872021 4530742 
1468 2432587 1999353 
1469 7664589 7500817 
1470 9418940 8685320 
1471 5239453 5403485 
1472 1262913 1757298 
1473 4257572 5218874 
1474 6211596 5396618 
1475 2954399 2880524 
1476 1142597 1362693 
1477 2345058 3294115 
1478 6184654 6269373 
1479 3979849 4938892 
1480 7971076 8104193 
1481 2150184 2480755 
1482 9547466 9917718 
1483 7824725 8740147 
1484 2253937 2672079 
1485 1038259 120444 
1486 920573 1756740 
1487 4654901 4165152 
1488 4997927 4473650 
1489 7805249 8172026 
1490 2066699 1745903 
1491 296571 678651 
1492 8696496 9428744 
1493 10313485 9886547 
1494 5126895 5721977 
1495 10207475 9396536 
1496 2406351 2832008 
1497 3830923 2873173 
1498 5217396 4599358 
1499 6651095 7592658 
1500 3837632 4698243 
1501 4903451 4381052 
1502 7509728 8198741 
1503 478334 416914 
1504 7919208 7374244 
1505 8602770 9495339 
1506 9529005 9652558 
1507 5028914 4332870 
1508 8089421 7883058 
1509 3323515 3535344 
1510 6745369 7325555 
1511 9059443 9410188 
1512 6645802 6543691 
1513 9804434 9908034 
1514 8632365 9406473 
1515 10264733 9657735 
1516 5225889 4271657 
1517 7644588 7246916 
1518 4597955 5234958 
1519 3692082 3008038 
1520 9199817 8549726 
1521 2690018 2141953 
1522 6675588 7322746 
1523 5078316 4412129 
1524 4994826 5761432 
1525 7983270 8657071 
1526 5957610 5377792 
1527 2587892 2824445 
1528 5197457 5336799 
1529 8030942 8301422 
1530 9451710 9394635 
1531 10246315 9797957 
1532 2986388 2729556 
1533 8054545 8482184 
1534 85209 25155 
1535 6535228 6390352 
1536 7502971 7744754 
1537 7044038 7610160 
1538 4476747 3868871 
1539 4797711 5121600 
1540 4322711 3896655 
1541 10081936 9385029 
1542 5183684 5881587 
1543 8181282 7338110 
1544 3588827 3137369 
1545 457763 590606 
1546 4611303 4065753 
1547 7977564 8234497 
1548 1 677146 
1549 1943939 1603324 
1550 4962706 5261129 
1551 6160364 5850630 
1552 3888769 3974005 
1553 3275472 2803949 
1554 7097623 6508170 
1555 3670578 4506198 
1556 6574205 6602985 
1557 7357327 7138661 
1558 4548264 4697888 
1559 1998262 1639685 
1560 1188702 677067 
1561 5667722 5376596 
1562 9004680 8343046 
1563 3845794 3935150 
1564 4629779 4441997 
1565 3439888 2759125 
1566 4551467 4570099 
1567 1037842 1824570 
1568 5317044 5325179 
1569 2219567 1834858 
1570 10613793 9876887 
1571 8112866 8167704 
1572 947506 372091 
1573 7596373 7893315 
1574 6789117 7671260 
1575 4446092 4946307 
1576 268524 1011914 
1577 9053790 9960694 
1578 6978650 7499815 
1579 1556584 1034049 
1580 1246158 1639747 
1581 356039 1149253 
1582 9562556 9408918 
1583 4500077 4321632 
1584 3079307 2436120 
1585 4067355 4186845 
1586 9438898 8947137 
1587 5876301 5531641 
1588 7920088 8354968 
1589 7849212 8055699 
1590 3059742 3692026 
1591 1050585 1138927 
1592 1244324 618730 
1593 8035740 8731302 
1594 5142041 5078159 
1595 6587798 7057582 
1596 5023548 4363982 
1597 10251016 9886722 
1598 5727590 5700356 
1599 9689117 8947822 
1600 4261665 4355168 
1601 103991 535033 
1602 1623629 1412188 
1603 2648307 2209518 
1604 7097559 6888022 
1605 10631974 9974281 
1606 4749950 4763855 
1607 8406522 8784571 
1608 1568933 2065855 
1609 9384798 8526490 
1610 1481167 2114322 
1611 9614480 9149289 
1612 9562343 8578627 
1613 1657294 980671 
1614 1046149 1894804 
1615 1366505 522966 
1616 5633355 5363047 
1617 4756170 4731250 
1618 385266 1158076 
1619 9046353 9878123 
1620 2475508 2707016 
1621 8938075 8506329 
1622 1812889 1655086 
1623 5766786 5624028 
1624 8120587 7228892 
1625 8876643 9550597 
1626 6750371 6903045 
1627 4074014 4617317 
1628 6237983 6494262 
1629 2831754 3148592 
1630 8842024 9355800 
1631 1 812300 
1632 10116380 9210689 
1633 5454748 5959804 
1634 9535890 8818102 
1635 9818570 9607012 
1636 4067192 4786945 
1637 9398519 9932472 
1638 772252 1391979 
1639 4567195 4110149 
1640 2054672 2276951 
1641 7633109 8364700 
1642 7716181 8650299 
1643 10389557 9546262 
1644 2667197 2499771 
1645 4394641 3879689 
1646 3401525 4170980 
1647 2338123 1401606 
1648 6123119 6900354 
1649 1243429 2223563 
1650 5592092 5864606 
1651 2534754 2833868 
1652 9838609 9386135 
1653 884509 1666265 
1654 3374262 2852059 
1655 1454918 1346155 
1656 578670 491331 
1657 3371839 4045585 
1658 3583802 3985161 
1659 8134286 9084402 
1660 4209215 4463462 
1661 4837624 4262270 
1662 451197 1352268 
1663 516904 490422 
1664 7477192 6849981 
1665 2177462 1353108 
1666 4822516 5718215 
1667 7582836 8369815 
1668 7119289 7134492 
1669 8561983 9474799 
1670 1503729 1748434 
1671 5563066 5041858 
1672 9332879 9305651 
1673 9321600 8738713 
1674 3436462 2588994 
1675 3746138 3344363 
1676 5895558 6334795 
1677 6373375 5480515 
1678 4405810 5167141 
1679 3017872 2574096 
1680 275214 1051784 
1681 1334364 764425 
1682 8907192 8394373 
1683 874538 1823675 
1684 9213809 8358694 
1685 1320934 461616 
1686 4292881 3779618 
1687 8600383 8902590 
1688 8710952 7956413 
1689 1901853 1445097 
1690 5695697 5487546 
1691 3624632 2659062 
1692 7953520 8435710 
1693 6233865 5689741 
1694 2400499 2251587 
1695 2335744 1913097 
1696 3358067 3744885 
1697 3359953 2484960 
1698 10110009 9847212 
1699 5467711 6219690 
1700 1 516935 
1701 3486659 3495248 
1702 6706625 7039521 
1703 4977996 4036050 
1704 3557253 4126067 
1705 6790213 6267572 
1706 1 9414 
1707 4961041 5738502 
1708 9067609 9117971 
1709 965914 1077391 
1710 6381663 5625209 
1711 5676536 6374805 
1712 6422287 5885977 
1713 10151321 9313740 
1714 5593303 4654481 
1715 2555793 2517849 
1716 5575023 6321556 
1717 8174958 8047233 
1718 596161 141987 
1719 10368958 9857267 
1720 3081786 3712874 
1721 7035165 6276526 
1722 1 54585 
1723 9810189 9698192 
1724 1613773 1593757 
1725 10351910 9688061 
1726 1912326 1488027 
1727 4422639 5193384 
1728 10151665 9748488 
1729 2666578 3602689 
1730 5170504 5981576 
1731 4268310 3844027 
1732 8063054 8873121 
1733 8664415 7763192 
1734 6125542 7089147 
1735 2624973 3331604 
1736 10073654 9724086 
1737 3760392 4416779 
1738 1 251368 
1739 7755069 8086536 
1740 9597803 9615922 
1741 7051088 6983307 
1742 4133290 4533885 
1743 5252131 4389557 
1744 7842051 6934230 
1745 3309581 2400947 
1746 9618065 8821220 
1747 9259956 9491909 
1748 4738269 5162242 
1749 1 188650 
1750 1213510 436093 
1751 7391844 7912106 
1752 6647898 6681451 
1753 6776038 7517567 
1754 113633 652326 
1755 6640986 5751137 
1756 5220130 5880548 
1757 9859526 9263597 
1758 379778 882036 
1759 8072086 8821041 
1760 5371853 6251927 
1761 7274669 7605910 
1762 2181472 3094009 
1763 3654410 2765547 
1764 6348604 6517451 
1765 5436719 5998986 
1766 248009 1133950 
1767 2397932 3200425 
1768 6533785 6666397 
1769 4747799 4827327 
1770 3149752 2867655 
1771 8351326 9187728 
1772 8905143 9213768 
1773 493414 1145175 
1774 7181723 7270612 
1775 8576650 9311120 
1776 794422 171743 
1777 5430482 4993631 
1778 8428208 7573660 
1779 4261440 3560992 
1780 1451426 2257295 
1781 8754024 9547660 
1782 3338767 4087505 
1783 885844 1851140 
1784 274478 877536 
1785 7548536 7200637 
1786 1953882 1377824 
1787 1623363 1146249 
1788 9711834 9578994 
1789 6328816 6062590 
1790 5519589 5090288 
1791 7040559 6277061 
1792 8929738 8695746 
1793 7716049 8255937 
1794 8274965 8444192 
1795 5357872 4788569 
1796 1 615524 
1797 2940786 3820452 
1798 1556216 587466 
1799 8964310 9650608 
1800 5997638 5409608 
1801 6207975 5646447 
1802 6201482 6676100 
1803 3653111 3432127 
1804 4042224 4253943 
1805 1359620 695317 
1806 3250418 3327004 
1807 5860726 6181957 
1808 1377452 1673556 
1809 9111887 9400560 
1810 1587536 1459801 
1811 1459802 1083274 
1812 920468 92509 
1813 4090972 4257030 
1814 4369612 3810110 
1815 8857186 7871905 
1816 8138701 7446632 
1817 7447024 8273736 
1818 3646219 3459528 
1819 7060350 6284839 
1820 1244260 1893481 
1821 3242816 2550863 
1822 5719692 6344876 
1823 3719899 4355587 
1824 4492252 3566632 
1825 9016676 9190688 
1826 1240218 1056796 
1827 7672625 8643238 
1828 876367 596109 
1829 7385485 7043943 
1830 2831821 3707905 
1831 9690324 8869706 
1832 6560841 5676502 
1833 2264348 1500348 
1834 8019444 8002623 
1835 8537069 8468021 
1836 5583249 5245916 
1837 5533545 6373858 
1838 5541282 5610870 
1839 7468886 8056948 
1840 2465808 1755860 
1841 4233783 3947525 
1842 266391 551868 
1843 5843015 5167010 
1844 7935686 7786761 
1845 6512292 6013305 
1846 821746 229 
1847 1667811 1304096 
1848 6351985 6152484 
1849 3804635 4495743 
1850 6565102 5808446 
1851 7507542 6518620 
1852 3624134 4271462 
1853 9561892 8678914 
1854 6571793 6128843 
1855 1864072 1069324 
1856 7275078 7166954 
1857 8921015 9810515 
1858 7043947 6972302 
1859 7367015 8206322 
1860 1065700 1852262 
1861 927239 1889010 
1862 4033416 4555073 
1863 5778564 6218775 
1864 10976145 9990632 
1865 3542900 3115846 
1866 7487215 8311575 
1867 6479341 7093137 
1868 1 430490 
1869 5936438 6272993 
1870 2529143 1913473 
1871 6819774 5955263 
1872 8698059 8504576 
1873 9174342 8524095 
1874 6650161 6841701 
1875 3109457 3683081 
1876 2008632 2133942 
1877 4486409 4844293 
1878 1231833 1870822 
1879 5343221 5199138 
1880 3841248 3736116 
1881 6307051 7006403 
1882 2723415 2374817 
1883 9462800 8669128 
1884 8686821 8726796 
1885 3698164 2770740 
1886 1803380 1206251 
1887 2896054 2811392 
1888 8748159 8804264 
1889 1478868 551291 
1890 1079319 1564949 
1891 2427224 2821852 
1892 3768452 3797006 
1893 9462838 9537638 
1894 1427610 1399978 
1895 9226517 9450166 
1896 9175675 9310749 
1897 2895332 3616684 
1898 1386005 1354157 
1899 8783850 8598516 
1900 4622195 3698639 
1901 9618521 9099312 
1902 3954098 3116894 
1903 5163012 5748548 
1904 3729380 3076727 
1905 9728377 9648445 
1906 8592792 8801395 
1907 3614287 4213854 
1908 2368057 2737794 
1909 4074200 3460041 
1910 8040598 8038369 
1911 1654578 823367 
1912 2457504 1596727 
1913 6114856 5447092 
1914 602004 1408402 
1915 1786744 2163338 
1916 2732074 2903161 
1917 6115146 6963464 
1918 4843529 4072237 
1919 3540225 3355390 
1920 5602340 5819009 
1921 1857406 2512056 
1922 8204219 8535379 
1923 5137984 4361861 
1924 6984084 7437094 
1925 8607199 7629794 
1926 8467038 9423581 
1927 5966843 6410696 
1928 2614126 2888982 
1929 2033763 1756175 
1930 7152616 6991521 
1931 4309243 4466941 
1932 5054291 4479388 
1933 3435061 4045424 
1934 7972577 8206892 
1935 9063866 9403683 
1936 6459042 7036250 
1937 6846735 7174176 
1938 8060702 7520519 
1939 3853641 3291202 
1940 1029834 1762958 
1941 6421254 5827558 
1942 8562778 8947956 
1943 6841029 7473070 
1944 2237819 2859854 
1945 6005185 5887089 
1946 7413549 6491568 
1947 1013900 1811267 
1948 3865936 4655565 
1949 6783143 6870684 
1950 7622498 7626800 
1951 10636496 9922599 
1952 2897776 3097622 
1953 3407892 4018985 
1954 4960192 5904997 
1955 1795971 1223436 
1956 7931663 7105101 
1957 6317822 5982728 
1958 3057092 2933626 
1959 2309007 2001261 
1960 8073603 7516275 
1961 3971292 4602511 
1962 5508723 4535954 
1963 559380 942285 
1964 3795318 4367776 
1965 5718092 5408576 
1966 6763623 6352909 
1967 7627302 8129149 
1968 4595193 3848136 
1969 2968155 3096968 
1970 2482821 2361409 
1971 6029233 5152597 
1972 5992886 5458809 
1973 3196515 2681851 
1974 1835909 1201986 
1975 10143295 9160440 
1976 9717119 8898201 
1977 466213 588059 
1978 5447913 4574108 
1979 8084186 7650706 
1980 1402180 855593 
1981 3717224 3149456 
1982 4788453 4464789 
1983 8780744 8309402 
1984 4516902 4292998 
1985 3960829 3994863 
1986 8572106 8815854 
1987 8234481 9196690 
1988 9882516 9324068 
1989 5905802 6861045 
1990 6366903 6772512 
1991 7111719 7170884 
1992 4071678 3704147 
1993 1075473 1931467 
1994 3796839 2962977 
1995 7550227 8469764 
1996 7831504 8238204 
1997 1885457 1171393 
1998 126054 695454 
1999 4501678 4843250 
2000 430858 21475 
