npieces: 5000
capacity: 99107
1 300 299 
2 798 796 
3 429 429 
4 66 65 
5 624 623 
6 702 702 
7 999 999 
8 402 401 
9 198 196 
10 906 904 
11 204 204 
12 720 720 
13 408 408 
14 327 327 
15 150 148 
16 618 617 
17 612 611 
18 15 15 
19 321 320 
20 681 679 
21 792 791 
22 606 604 
23 801 801 
24 894 893 
25 246 246 
26 45 44 
27 975 973 
28 822 821 
29 63 63 
30 96 94 
31 387 386 
32 807 805 
33 507 505 
34 612 612 
35 243 241 
36 570 570 
37 150 150 
38 702 700 
39 564 564 
40 897 897 
41 714 713 
42 597 595 
43 39 39 
44 849 848 
45 306 304 
46 168 168 
47 660 658 
48 636 634 
49 978 978 
50 129 127 
51 102 100 
52 81 80 
53 225 224 
54 108 106 
55 954 953 
56 921 919 
57 225 224 
58 330 329 
59 870 869 
60 336 336 
61 45 45 
62 237 235 
63 273 271 
64 540 539 
65 513 512 
66 435 434 
67 768 766 
68 813 811 
69 771 770 
70 117 115 
71 78 78 
72 405 404 
73 471 470 
74 981 979 
75 702 700 
76 888 887 
77 435 435 
78 723 722 
79 15 13 
80 621 621 
81 378 376 
82 981 979 
83 3 3 
84 687 687 
85 816 814 
86 882 882 
87 423 423 
88 189 188 
89 993 993 
90 702 700 
91 129 127 
92 957 955 
93 288 287 
94 564 562 
95 465 465 
96 774 772 
97 480 478 
98 870 869 
99 639 638 
100 948 946 
101 882 882 
102 717 715 
103 936 936 
104 405 403 
105 156 156 
106 72 72 
107 957 955 
108 744 742 
109 621 619 
110 462 462 
111 504 503 
112 924 923 
113 201 199 
114 645 645 
115 789 787 
116 72 70 
117 72 72 
118 324 322 
119 813 811 
120 60 60 
121 939 939 
122 684 684 
123 603 603 
124 669 668 
125 255 253 
126 699 698 
127 876 874 
128 552 551 
129 966 965 
130 375 374 
131 666 664 
132 297 296 
133 861 861 
134 12 12 
135 432 431 
136 567 565 
137 924 922 
138 957 955 
139 660 660 
140 981 979 
141 327 327 
142 363 362 
143 543 543 
144 174 173 
145 327 325 
146 717 716 
147 327 326 
148 654 652 
149 39 38 
150 444 444 
151 936 934 
152 960 960 
153 975 973 
154 729 729 
155 756 754 
156 837 837 
157 648 647 
158 483 482 
159 825 825 
160 984 982 
161 246 244 
162 909 907 
163 723 723 
164 696 694 
165 894 894 
166 279 278 
167 708 708 
168 699 697 
169 537 535 
170 330 330 
171 864 864 
172 273 271 
173 825 823 
174 417 415 
175 108 108 
176 81 81 
177 300 300 
178 120 119 
179 84 83 
180 171 170 
181 144 144 
182 249 247 
183 462 462 
184 255 254 
185 975 974 
186 867 867 
187 252 250 
188 87 85 
189 543 541 
190 534 532 
191 663 662 
192 714 713 
193 525 523 
194 798 797 
195 537 537 
196 693 691 
197 810 810 
198 306 305 
199 561 560 
200 618 617 
201 222 221 
202 351 351 
203 525 525 
204 27 27 
205 804 803 
206 702 702 
207 618 616 
208 570 569 
209 363 363 
210 498 496 
211 507 506 
212 447 446 
213 582 582 
214 156 154 
215 591 589 
216 105 104 
217 960 960 
218 588 586 
219 45 45 
220 630 628 
221 879 879 
222 417 416 
223 618 617 
224 279 278 
225 900 898 
226 927 925 
227 441 441 
228 87 87 
229 99 98 
230 951 950 
231 546 545 
232 564 564 
233 693 691 
234 651 649 
235 741 741 
236 654 654 
237 300 300 
238 783 782 
239 12 11 
240 84 84 
241 396 394 
242 432 430 
243 501 499 
244 27 25 
245 291 289 
246 87 87 
247 249 249 
248 516 516 
249 459 458 
250 489 487 
251 219 217 
252 813 811 
253 486 485 
254 501 500 
255 876 874 
256 174 174 
257 291 289 
258 171 169 
259 981 980 
260 426 426 
261 102 102 
262 69 67 
263 321 321 
264 363 363 
265 219 218 
266 984 984 
267 48 47 
268 720 720 
269 906 904 
270 534 534 
271 228 227 
272 612 610 
273 825 825 
274 708 706 
275 177 175 
276 660 660 
277 543 543 
278 783 782 
279 204 204 
280 429 428 
281 981 981 
282 273 272 
283 921 920 
284 906 904 
285 153 152 
286 9 9 
287 378 377 
288 27 26 
289 864 864 
290 717 715 
291 450 448 
292 588 588 
293 81 79 
294 234 234 
295 231 231 
296 549 548 
297 378 376 
298 510 508 
299 411 410 
300 690 688 
301 147 145 
302 24 24 
303 810 809 
304 756 755 
305 354 353 
306 123 122 
307 909 908 
308 822 822 
309 780 778 
310 390 389 
311 495 493 
312 825 823 
313 393 391 
314 768 767 
315 585 585 
316 414 413 
317 360 358 
318 585 584 
319 552 551 
320 72 72 
321 264 263 
322 564 562 
323 480 478 
324 759 757 
325 54 52 
326 804 802 
327 459 459 
328 408 408 
329 999 998 
330 831 829 
331 417 416 
332 201 201 
333 885 885 
334 684 683 
335 792 790 
336 696 695 
337 432 432 
338 762 760 
339 213 211 
340 129 127 
341 594 592 
342 567 565 
343 636 636 
344 342 341 
345 852 850 
346 900 898 
347 861 860 
348 753 752 
349 537 537 
350 273 271 
351 450 450 
352 570 570 
353 735 735 
354 174 174 
355 240 239 
356 246 246 
357 102 100 
358 147 147 
359 447 445 
360 642 640 
361 447 445 
362 156 155 
363 81 80 
364 744 744 
365 174 174 
366 480 480 
367 240 240 
368 918 918 
369 408 408 
370 378 378 
371 615 613 
372 912 911 
373 555 555 
374 951 951 
375 618 617 
376 390 390 
377 246 244 
378 891 891 
379 234 233 
380 435 435 
381 378 376 
382 561 560 
383 252 252 
384 105 103 
385 945 943 
386 408 407 
387 603 602 
388 639 637 
389 747 745 
390 606 605 
391 918 917 
392 861 859 
393 732 732 
394 537 535 
395 99 99 
396 351 350 
397 525 523 
398 687 685 
399 273 273 
400 162 161 
401 888 887 
402 915 914 
403 465 465 
404 774 774 
405 930 930 
406 378 377 
407 207 205 
408 651 650 
409 480 479 
410 258 257 
411 738 737 
412 813 813 
413 501 499 
414 786 786 
415 174 172 
416 513 511 
417 927 926 
418 927 926 
419 225 223 
420 732 732 
421 3 2 
422 432 432 
423 483 483 
424 378 376 
425 570 570 
426 120 119 
427 360 359 
428 150 148 
429 228 228 
430 924 923 
431 417 416 
432 624 622 
433 399 399 
434 240 239 
435 480 479 
436 150 148 
437 597 597 
438 285 285 
439 519 518 
440 825 825 
441 267 266 
442 333 332 
443 210 210 
444 144 142 
445 651 650 
446 807 805 
447 891 890 
448 618 618 
449 975 974 
450 66 65 
451 774 773 
452 867 866 
453 999 999 
454 678 676 
455 786 784 
456 651 649 
457 378 377 
458 285 285 
459 552 550 
460 177 176 
461 123 121 
462 948 947 
463 87 85 
464 672 671 
465 183 183 
466 537 537 
467 231 231 
468 201 201 
469 831 829 
470 291 290 
471 174 173 
472 84 84 
473 237 237 
474 981 981 
475 480 478 
476 558 558 
477 198 197 
478 171 169 
479 240 238 
480 99 97 
481 222 222 
482 75 74 
483 552 551 
484 33 31 
485 153 153 
486 315 314 
487 852 851 
488 471 469 
489 432 432 
490 720 720 
491 495 494 
492 525 524 
493 420 419 
494 732 732 
495 192 192 
496 645 643 
497 81 79 
498 648 648 
499 705 705 
500 639 638 
501 162 160 
502 834 832 
503 156 155 
504 468 466 
505 24 24 
506 660 658 
507 27 27 
508 558 557 
509 141 141 
510 918 918 
511 153 152 
512 315 314 
513 351 350 
514 96 95 
515 642 642 
516 372 371 
517 312 310 
518 888 888 
519 900 899 
520 591 589 
521 825 823 
522 18 16 
523 699 697 
524 561 559 
525 648 648 
526 912 910 
527 738 737 
528 906 906 
529 498 496 
530 564 564 
531 30 29 
532 129 129 
533 399 399 
534 681 679 
535 120 119 
536 852 850 
537 435 435 
538 54 53 
539 12 11 
540 444 444 
541 144 144 
542 990 989 
543 537 536 
544 969 967 
545 543 543 
546 531 530 
547 249 247 
548 774 774 
549 753 752 
550 177 176 
551 516 514 
552 495 495 
553 375 375 
554 639 637 
555 390 390 
556 891 889 
557 732 730 
558 801 801 
559 243 241 
560 708 708 
561 768 768 
562 837 837 
563 252 252 
564 126 124 
565 381 379 
566 231 231 
567 867 865 
568 654 654 
569 63 62 
570 102 100 
571 213 213 
572 99 97 
573 666 664 
574 180 180 
575 984 983 
576 216 214 
577 471 471 
578 306 306 
579 321 319 
580 600 600 
581 807 805 
582 3 1 
583 153 151 
584 750 748 
585 360 358 
586 279 279 
587 663 661 
588 180 178 
589 207 207 
590 966 965 
591 975 974 
592 249 249 
593 897 896 
594 69 68 
595 84 84 
596 678 678 
597 381 379 
598 906 905 
599 819 817 
600 861 861 
601 690 690 
602 27 25 
603 522 521 
604 840 838 
605 453 452 
606 333 333 
607 573 571 
608 435 433 
609 81 80 
610 63 63 
611 873 872 
612 339 338 
613 81 79 
614 21 19 
615 204 202 
616 342 341 
617 360 358 
618 72 70 
619 384 382 
620 579 578 
621 675 673 
622 354 354 
623 642 642 
624 651 649 
625 195 193 
626 729 727 
627 321 319 
628 273 271 
629 519 518 
630 723 723 
631 489 487 
632 543 543 
633 912 910 
634 69 67 
635 960 959 
636 18 18 
637 678 676 
638 471 471 
639 654 654 
640 120 119 
641 984 984 
642 786 785 
643 693 692 
644 915 914 
645 846 845 
646 768 766 
647 84 83 
648 153 153 
649 102 101 
650 108 107 
651 345 345 
652 666 665 
653 471 471 
654 561 560 
655 957 956 
656 774 773 
657 492 490 
658 120 120 
659 45 44 
660 816 815 
661 192 190 
662 63 63 
663 315 315 
664 477 477 
665 522 521 
666 939 938 
667 393 392 
668 117 116 
669 786 784 
670 564 562 
671 240 239 
672 225 224 
673 249 249 
674 273 272 
675 114 114 
676 828 826 
677 153 151 
678 267 266 
679 717 715 
680 489 487 
681 207 205 
682 12 12 
683 774 774 
684 402 400 
685 891 889 
686 216 216 
687 846 844 
688 741 740 
689 906 906 
690 495 494 
691 828 826 
692 54 54 
693 684 683 
694 477 475 
695 606 606 
696 78 77 
697 270 269 
698 951 950 
699 84 82 
700 399 398 
701 450 448 
702 78 78 
703 894 894 
704 237 236 
705 498 498 
706 951 949 
707 315 314 
708 570 569 
709 678 677 
710 552 551 
711 786 784 
712 762 761 
713 423 421 
714 819 819 
715 696 694 
716 534 533 
717 447 447 
718 882 880 
719 684 682 
720 390 389 
721 531 531 
722 363 361 
723 813 811 
724 342 341 
725 492 491 
726 555 553 
727 654 654 
728 897 896 
729 306 305 
730 423 423 
731 576 575 
732 648 648 
733 309 308 
734 933 931 
735 309 307 
736 876 875 
737 108 107 
738 750 750 
739 861 860 
740 408 406 
741 969 967 
742 447 446 
743 108 108 
744 102 102 
745 261 261 
746 648 647 
747 210 208 
748 858 858 
749 450 450 
750 267 266 
751 495 494 
752 324 322 
753 774 772 
754 138 137 
755 432 431 
756 210 210 
757 9 7 
758 336 336 
759 510 509 
760 384 383 
761 621 621 
762 750 750 
763 966 965 
764 186 184 
765 798 796 
766 267 265 
767 366 366 
768 870 870 
769 69 68 
770 519 517 
771 825 824 
772 813 812 
773 279 278 
774 207 205 
775 663 662 
776 567 567 
777 126 125 
778 648 648 
779 339 339 
780 624 622 
781 264 264 
782 894 893 
783 360 360 
784 426 426 
785 216 214 
786 750 750 
787 621 620 
788 633 631 
789 474 472 
790 945 944 
791 108 106 
792 498 497 
793 873 873 
794 978 977 
795 720 718 
796 183 183 
797 297 297 
798 105 105 
799 489 487 
800 717 715 
801 837 837 
802 297 297 
803 567 566 
804 114 112 
805 816 816 
806 888 886 
807 822 821 
808 324 322 
809 342 342 
810 327 326 
811 489 489 
812 306 305 
813 51 51 
814 954 953 
815 978 976 
816 558 557 
817 33 31 
818 642 641 
819 60 59 
820 810 810 
821 21 20 
822 459 458 
823 375 373 
824 408 406 
825 639 638 
826 588 586 
827 465 465 
828 870 870 
829 498 497 
830 435 433 
831 39 39 
832 222 220 
833 969 967 
834 972 970 
835 321 319 
836 813 811 
837 120 119 
838 513 512 
839 867 867 
840 282 280 
841 822 822 
842 897 897 
843 507 505 
844 27 27 
845 993 993 
846 327 326 
847 648 647 
848 429 427 
849 81 80 
850 249 248 
851 861 861 
852 918 917 
853 519 517 
854 486 484 
855 486 486 
856 519 518 
857 468 466 
858 768 767 
859 942 942 
860 900 899 
861 432 430 
862 315 315 
863 621 620 
864 552 552 
865 354 352 
866 729 728 
867 795 793 
868 414 413 
869 522 522 
870 747 747 
871 399 399 
872 402 402 
873 633 631 
874 435 433 
875 963 963 
876 630 628 
877 726 724 
878 621 620 
879 372 371 
880 165 165 
881 138 138 
882 837 837 
883 984 984 
884 711 711 
885 483 482 
886 456 455 
887 741 741 
888 354 353 
889 969 967 
890 858 858 
891 261 261 
892 546 544 
893 888 887 
894 741 741 
895 72 72 
896 609 607 
897 522 522 
898 819 819 
899 942 942 
900 807 807 
901 657 657 
902 759 759 
903 372 370 
904 966 966 
905 111 111 
906 456 455 
907 9 8 
908 957 956 
909 381 379 
910 771 771 
911 663 662 
912 81 81 
913 870 868 
914 864 862 
915 159 158 
916 738 736 
917 396 395 
918 21 20 
919 42 42 
920 456 455 
921 36 36 
922 852 850 
923 318 318 
924 438 436 
925 396 396 
926 633 633 
927 339 338 
928 123 121 
929 60 60 
930 501 499 
931 333 333 
932 672 672 
933 102 100 
934 717 716 
935 972 970 
936 294 294 
937 984 984 
938 843 841 
939 102 102 
940 180 180 
941 87 86 
942 909 908 
943 48 47 
944 705 705 
945 477 477 
946 270 269 
947 654 654 
948 186 185 
949 450 448 
950 570 570 
951 246 245 
952 681 680 
953 1002 1000 
954 759 759 
955 411 410 
956 279 279 
957 759 757 
958 510 510 
959 540 538 
960 270 270 
961 774 773 
962 714 713 
963 198 198 
964 393 391 
965 693 691 
966 12 10 
967 489 488 
968 489 489 
969 945 945 
970 657 657 
971 159 158 
972 900 898 
973 957 957 
974 663 661 
975 471 470 
976 21 19 
977 216 215 
978 978 977 
979 144 144 
980 912 912 
981 969 969 
982 459 457 
983 825 823 
984 45 45 
985 789 789 
986 444 442 
987 297 295 
988 177 177 
989 195 194 
990 726 724 
991 657 656 
992 663 662 
993 945 943 
994 813 811 
995 225 225 
996 174 174 
997 360 358 
998 690 689 
999 726 725 
1000 744 743 
1001 939 938 
1002 831 830 
1003 114 113 
1004 576 576 
1005 642 641 
1006 321 320 
1007 675 675 
1008 321 321 
1009 555 554 
1010 762 762 
1011 708 708 
1012 720 718 
1013 111 110 
1014 939 937 
1015 735 735 
1016 132 132 
1017 309 307 
1018 897 897 
1019 993 991 
1020 762 762 
1021 366 364 
1022 549 548 
1023 846 844 
1024 705 705 
1025 372 370 
1026 60 59 
1027 135 134 
1028 900 900 
1029 264 262 
1030 507 506 
1031 969 968 
1032 849 848 
1033 228 227 
1034 504 504 
1035 414 414 
1036 831 829 
1037 897 896 
1038 669 668 
1039 912 910 
1040 747 746 
1041 510 508 
1042 810 808 
1043 996 995 
1044 948 948 
1045 744 744 
1046 675 674 
1047 213 212 
1048 63 63 
1049 609 608 
1050 318 318 
1051 771 769 
1052 51 51 
1053 33 33 
1054 525 524 
1055 936 934 
1056 426 424 
1057 684 684 
1058 528 527 
1059 294 293 
1060 66 66 
1061 795 793 
1062 525 524 
1063 642 641 
1064 678 677 
1065 198 196 
1066 600 599 
1067 183 181 
1068 387 385 
1069 972 972 
1070 498 497 
1071 714 712 
1072 135 134 
1073 351 350 
1074 876 876 
1075 516 515 
1076 594 593 
1077 213 213 
1078 750 748 
1079 456 456 
1080 783 781 
1081 807 805 
1082 753 751 
1083 717 717 
1084 747 746 
1085 972 971 
1086 552 550 
1087 567 567 
1088 3 2 
1089 630 630 
1090 483 481 
1091 120 119 
1092 102 102 
1093 603 601 
1094 288 286 
1095 402 400 
1096 516 516 
1097 6 6 
1098 876 875 
1099 630 630 
1100 492 492 
1101 3 3 
1102 681 679 
1103 615 615 
1104 438 438 
1105 288 288 
1106 621 620 
1107 390 389 
1108 366 365 
1109 168 167 
1110 687 687 
1111 948 946 
1112 552 550 
1113 828 827 
1114 87 86 
1115 267 267 
1116 219 217 
1117 690 689 
1118 288 288 
1119 174 173 
1120 534 534 
1121 849 849 
1122 42 40 
1123 219 218 
1124 498 497 
1125 6 4 
1126 954 954 
1127 957 957 
1128 135 135 
1129 48 47 
1130 132 132 
1131 891 889 
1132 759 758 
1133 159 159 
1134 264 262 
1135 525 525 
1136 168 168 
1137 876 875 
1138 234 234 
1139 948 946 
1140 330 328 
1141 837 837 
1142 60 60 
1143 372 371 
1144 363 362 
1145 144 144 
1146 540 538 
1147 876 875 
1148 327 327 
1149 213 211 
1150 78 76 
1151 579 578 
1152 582 582 
1153 684 683 
1154 93 93 
1155 618 616 
1156 942 940 
1157 492 492 
1158 351 351 
1159 705 704 
1160 180 180 
1161 891 889 
1162 45 43 
1163 654 654 
1164 735 735 
1165 624 623 
1166 960 958 
1167 546 545 
1168 573 573 
1169 750 750 
1170 942 941 
1171 105 105 
1172 444 442 
1173 936 935 
1174 570 569 
1175 651 649 
1176 609 609 
1177 654 654 
1178 756 755 
1179 78 77 
1180 996 996 
1181 345 345 
1182 570 569 
1183 918 917 
1184 858 857 
1185 144 142 
1186 783 782 
1187 369 368 
1188 261 261 
1189 129 128 
1190 168 166 
1191 306 305 
1192 774 773 
1193 909 907 
1194 768 766 
1195 942 941 
1196 528 528 
1197 267 267 
1198 657 656 
1199 171 171 
1200 855 854 
1201 171 169 
1202 870 868 
1203 450 450 
1204 21 19 
1205 813 813 
1206 474 472 
1207 390 389 
1208 21 20 
1209 525 524 
1210 129 129 
1211 996 994 
1212 393 392 
1213 627 627 
1214 63 63 
1215 711 710 
1216 897 895 
1217 177 177 
1218 597 596 
1219 963 962 
1220 816 814 
1221 762 761 
1222 231 229 
1223 906 905 
1224 81 81 
1225 942 941 
1226 480 479 
1227 753 751 
1228 960 959 
1229 348 347 
1230 954 954 
1231 708 707 
1232 627 626 
1233 390 388 
1234 369 369 
1235 381 381 
1236 501 499 
1237 240 239 
1238 258 256 
1239 201 200 
1240 99 97 
1241 12 10 
1242 486 484 
1243 912 912 
1244 372 371 
1245 9 9 
1246 24 22 
1247 903 901 
1248 570 569 
1249 468 468 
1250 90 88 
1251 816 814 
1252 183 182 
1253 606 605 
1254 894 893 
1255 486 486 
1256 90 88 
1257 567 567 
1258 999 997 
1259 699 698 
1260 894 894 
1261 408 408 
1262 336 334 
1263 171 169 
1264 960 960 
1265 552 551 
1266 957 955 
1267 828 826 
1268 381 379 
1269 624 622 
1270 177 177 
1271 450 448 
1272 291 290 
1273 480 480 
1274 861 861 
1275 969 969 
1276 903 901 
1277 684 683 
1278 927 926 
1279 402 402 
1280 45 45 
1281 231 231 
1282 618 616 
1283 141 140 
1284 30 29 
1285 981 981 
1286 432 431 
1287 258 258 
1288 348 346 
1289 225 225 
1290 834 832 
1291 618 616 
1292 396 396 
1293 504 504 
1294 924 923 
1295 639 637 
1296 858 858 
1297 660 658 
1298 204 203 
1299 753 753 
1300 402 401 
1301 369 368 
1302 765 763 
1303 567 567 
1304 606 606 
1305 942 942 
1306 267 266 
1307 150 148 
1308 918 918 
1309 3 2 
1310 921 920 
1311 366 365 
1312 606 605 
1313 123 122 
1314 63 62 
1315 573 573 
1316 747 747 
1317 723 722 
1318 348 346 
1319 540 540 
1320 216 216 
1321 909 907 
1322 48 48 
1323 897 896 
1324 762 761 
1325 231 229 
1326 843 841 
1327 927 927 
1328 633 632 
1329 927 925 
1330 513 511 
1331 411 411 
1332 72 71 
1333 639 639 
1334 879 878 
1335 285 284 
1336 198 197 
1337 948 948 
1338 750 749 
1339 897 897 
1340 984 983 
1341 12 12 
1342 540 538 
1343 255 255 
1344 591 591 
1345 630 630 
1346 747 745 
1347 912 911 
1348 426 425 
1349 732 730 
1350 429 429 
1351 972 972 
1352 792 792 
1353 519 518 
1354 735 733 
1355 618 618 
1356 207 205 
1357 165 165 
1358 90 88 
1359 177 176 
1360 201 200 
1361 873 873 
1362 186 185 
1363 423 422 
1364 726 724 
1365 66 65 
1366 699 699 
1367 288 287 
1368 855 855 
1369 411 411 
1370 972 972 
1371 897 896 
1372 903 903 
1373 963 963 
1374 126 126 
1375 534 534 
1376 645 645 
1377 99 97 
1378 147 145 
1379 270 268 
1380 261 261 
1381 567 567 
1382 66 66 
1383 579 578 
1384 270 268 
1385 90 88 
1386 384 383 
1387 774 774 
1388 777 776 
1389 330 330 
1390 120 120 
1391 927 927 
1392 837 835 
1393 678 676 
1394 15 15 
1395 798 796 
1396 456 456 
1397 144 144 
1398 9 8 
1399 504 504 
1400 180 180 
1401 162 162 
1402 705 705 
1403 849 849 
1404 621 621 
1405 15 14 
1406 741 739 
1407 324 324 
1408 183 182 
1409 885 885 
1410 168 166 
1411 588 586 
1412 123 121 
1413 186 184 
1414 408 408 
1415 96 94 
1416 147 146 
1417 909 907 
1418 609 607 
1419 165 164 
1420 810 810 
1421 804 803 
1422 156 154 
1423 597 595 
1424 747 746 
1425 210 208 
1426 837 835 
1427 141 140 
1428 21 19 
1429 75 75 
1430 888 887 
1431 480 480 
1432 84 84 
1433 354 352 
1434 981 979 
1435 429 428 
1436 612 611 
1437 510 509 
1438 795 793 
1439 153 152 
1440 156 154 
1441 681 681 
1442 273 273 
1443 315 315 
1444 771 771 
1445 333 333 
1446 801 799 
1447 210 209 
1448 318 316 
1449 912 910 
1450 573 571 
1451 855 853 
1452 78 76 
1453 753 752 
1454 678 676 
1455 87 86 
1456 291 291 
1457 678 676 
1458 924 924 
1459 957 957 
1460 279 277 
1461 924 922 
1462 240 238 
1463 126 125 
1464 543 543 
1465 249 247 
1466 51 50 
1467 243 242 
1468 288 288 
1469 864 864 
1470 792 792 
1471 492 490 
1472 945 945 
1473 429 429 
1474 873 872 
1475 807 806 
1476 558 557 
1477 774 774 
1478 537 536 
1479 825 825 
1480 849 849 
1481 339 337 
1482 294 293 
1483 537 535 
1484 294 292 
1485 483 481 
1486 522 520 
1487 672 671 
1488 42 40 
1489 546 544 
1490 498 498 
1491 579 577 
1492 633 631 
1493 741 741 
1494 63 63 
1495 33 33 
1496 687 686 
1497 279 278 
1498 33 31 
1499 954 953 
1500 342 340 
1501 72 71 
1502 393 392 
1503 90 90 
1504 420 419 
1505 114 113 
1506 390 389 
1507 405 403 
1508 816 814 
1509 564 564 
1510 705 705 
1511 18 16 
1512 195 193 
1513 300 300 
1514 204 204 
1515 765 764 
1516 213 212 
1517 687 687 
1518 846 844 
1519 894 894 
1520 216 216 
1521 885 884 
1522 534 533 
1523 33 32 
1524 297 295 
1525 510 509 
1526 699 697 
1527 642 642 
1528 849 847 
1529 534 533 
1530 378 376 
1531 723 723 
1532 450 448 
1533 60 59 
1534 9 9 
1535 585 584 
1536 177 177 
1537 918 917 
1538 768 766 
1539 666 666 
1540 774 774 
1541 735 733 
1542 477 476 
1543 756 756 
1544 93 92 
1545 615 615 
1546 561 560 
1547 603 603 
1548 669 667 
1549 921 920 
1550 795 794 
1551 516 516 
1552 819 819 
1553 882 880 
1554 21 21 
1555 456 456 
1556 849 847 
1557 369 368 
1558 261 260 
1559 732 730 
1560 948 948 
1561 525 524 
1562 48 47 
1563 801 799 
1564 195 194 
1565 963 962 
1566 117 115 
1567 645 644 
1568 891 889 
1569 483 481 
1570 366 365 
1571 804 804 
1572 102 101 
1573 459 458 
1574 465 463 
1575 576 575 
1576 717 715 
1577 786 786 
1578 651 649 
1579 621 619 
1580 657 657 
1581 375 374 
1582 954 953 
1583 591 591 
1584 9 9 
1585 300 300 
1586 138 138 
1587 795 794 
1588 735 733 
1589 498 496 
1590 129 129 
1591 456 456 
1592 132 132 
1593 852 852 
1594 762 762 
1595 543 541 
1596 75 75 
1597 720 718 
1598 561 559 
1599 816 815 
1600 30 29 
1601 885 885 
1602 642 641 
1603 849 847 
1604 564 563 
1605 156 156 
1606 198 196 
1607 945 944 
1608 750 748 
1609 366 366 
1610 912 911 
1611 15 14 
1612 39 38 
1613 633 631 
1614 66 65 
1615 1002 1000 
1616 699 698 
1617 177 177 
1618 861 861 
1619 375 375 
1620 939 939 
1621 765 764 
1622 207 206 
1623 324 324 
1624 801 799 
1625 204 203 
1626 693 691 
1627 486 485 
1628 717 716 
1629 216 214 
1630 150 148 
1631 849 847 
1632 270 268 
1633 732 730 
1634 516 514 
1635 966 965 
1636 858 857 
1637 828 826 
1638 603 602 
1639 399 399 
1640 537 537 
1641 579 577 
1642 27 26 
1643 198 196 
1644 732 730 
1645 759 757 
1646 132 130 
1647 888 888 
1648 351 350 
1649 510 509 
1650 660 660 
1651 735 733 
1652 321 320 
1653 483 483 
1654 813 813 
1655 702 702 
1656 126 125 
1657 435 435 
1658 585 585 
1659 81 79 
1660 165 164 
1661 594 593 
1662 33 33 
1663 600 598 
1664 552 550 
1665 297 295 
1666 930 928 
1667 630 629 
1668 399 397 
1669 789 788 
1670 651 649 
1671 630 629 
1672 168 168 
1673 630 629 
1674 861 859 
1675 621 619 
1676 525 525 
1677 633 631 
1678 951 949 
1679 183 182 
1680 510 510 
1681 363 362 
1682 297 297 
1683 831 830 
1684 798 796 
1685 897 895 
1686 894 892 
1687 312 310 
1688 30 30 
1689 507 507 
1690 588 588 
1691 93 91 
1692 285 283 
1693 939 937 
1694 177 176 
1695 651 651 
1696 501 499 
1697 204 203 
1698 747 747 
1699 582 582 
1700 267 265 
1701 684 682 
1702 306 305 
1703 249 248 
1704 732 731 
1705 978 977 
1706 369 368 
1707 300 300 
1708 936 936 
1709 678 677 
1710 282 280 
1711 99 98 
1712 777 776 
1713 393 391 
1714 45 43 
1715 531 529 
1716 216 216 
1717 33 31 
1718 21 21 
1719 621 621 
1720 117 115 
1721 924 922 
1722 846 844 
1723 819 818 
1724 411 409 
1725 207 206 
1726 609 608 
1727 984 982 
1728 372 371 
1729 240 240 
1730 30 28 
1731 186 186 
1732 525 524 
1733 141 140 
1734 117 115 
1735 771 769 
1736 171 169 
1737 462 460 
1738 732 731 
1739 186 184 
1740 714 713 
1741 96 95 
1742 975 973 
1743 132 132 
1744 48 46 
1745 582 580 
1746 300 298 
1747 750 750 
1748 315 314 
1749 141 140 
1750 792 791 
1751 411 409 
1752 804 802 
1753 954 954 
1754 483 481 
1755 555 554 
1756 735 734 
1757 279 278 
1758 609 609 
1759 705 703 
1760 750 750 
1761 303 301 
1762 498 497 
1763 321 320 
1764 399 398 
1765 555 554 
1766 573 573 
1767 609 609 
1768 180 178 
1769 633 633 
1770 429 427 
1771 663 661 
1772 171 170 
1773 933 933 
1774 891 890 
1775 852 852 
1776 129 127 
1777 723 721 
1778 582 582 
1779 477 477 
1780 459 459 
1781 612 612 
1782 642 642 
1783 93 92 
1784 453 453 
1785 909 907 
1786 510 508 
1787 981 981 
1788 435 434 
1789 666 666 
1790 909 908 
1791 720 718 
1792 804 804 
1793 90 90 
1794 357 356 
1795 849 849 
1796 657 655 
1797 981 981 
1798 531 529 
1799 471 471 
1800 423 422 
1801 885 885 
1802 888 888 
1803 933 933 
1804 282 282 
1805 498 496 
1806 273 273 
1807 12 10 
1808 396 395 
1809 495 494 
1810 735 735 
1811 624 622 
1812 438 436 
1813 585 584 
1814 720 718 
1815 45 45 
1816 981 979 
1817 405 403 
1818 804 803 
1819 924 922 
1820 822 822 
1821 252 251 
1822 33 31 
1823 123 123 
1824 918 918 
1825 786 784 
1826 876 876 
1827 996 995 
1828 312 311 
1829 381 379 
1830 789 789 
1831 531 531 
1832 312 310 
1833 138 137 
1834 651 650 
1835 648 647 
1836 186 185 
1837 831 830 
1838 843 841 
1839 399 398 
1840 588 586 
1841 717 715 
1842 384 382 
1843 972 970 
1844 660 660 
1845 153 153 
1846 933 931 
1847 60 60 
1848 132 131 
1849 588 587 
1850 546 544 
1851 147 145 
1852 354 352 
1853 759 759 
1854 924 924 
1855 447 447 
1856 771 771 
1857 606 605 
1858 27 25 
1859 336 335 
1860 246 246 
1861 342 342 
1862 645 643 
1863 702 700 
1864 441 440 
1865 198 197 
1866 585 585 
1867 972 971 
1868 399 399 
1869 18 17 
1870 924 922 
1871 546 545 
1872 630 628 
1873 891 889 
1874 249 249 
1875 513 511 
1876 843 843 
1877 336 334 
1878 993 993 
1879 9 9 
1880 57 55 
1881 237 236 
1882 483 481 
1883 594 594 
1884 252 250 
1885 864 864 
1886 531 529 
1887 576 576 
1888 498 498 
1889 21 19 
1890 243 243 
1891 351 350 
1892 381 381 
1893 861 861 
1894 291 290 
1895 342 341 
1896 798 798 
1897 627 626 
1898 582 581 
1899 987 985 
1900 150 148 
1901 480 480 
1902 732 732 
1903 804 802 
1904 963 961 
1905 39 38 
1906 219 218 
1907 216 215 
1908 681 681 
1909 105 103 
1910 195 193 
1911 606 604 
1912 585 583 
1913 78 76 
1914 378 376 
1915 126 125 
1916 339 338 
1917 654 653 
1918 177 176 
1919 120 120 
1920 894 893 
1921 426 424 
1922 243 242 
1923 183 183 
1924 708 706 
1925 825 824 
1926 540 538 
1927 531 531 
1928 672 670 
1929 567 567 
1930 543 543 
1931 705 705 
1932 762 760 
1933 99 99 
1934 33 32 
1935 105 104 
1936 195 194 
1937 324 324 
1938 759 759 
1939 243 241 
1940 342 342 
1941 702 700 
1942 363 362 
1943 351 349 
1944 666 665 
1945 429 429 
1946 213 212 
1947 99 98 
1948 252 250 
1949 903 902 
1950 744 744 
1951 807 806 
1952 387 387 
1953 879 878 
1954 663 662 
1955 132 130 
1956 48 47 
1957 15 15 
1958 468 467 
1959 423 423 
1960 483 482 
1961 789 787 
1962 543 541 
1963 357 356 
1964 870 868 
1965 51 50 
1966 285 284 
1967 942 941 
1968 837 837 
1969 756 754 
1970 459 458 
1971 774 773 
1972 330 330 
1973 975 973 
1974 477 475 
1975 774 773 
1976 960 958 
1977 999 998 
1978 750 749 
1979 699 698 
1980 27 25 
1981 555 555 
1982 873 873 
1983 75 74 
1984 486 484 
1985 21 20 
1986 936 936 
1987 816 814 
1988 915 915 
1989 435 434 
1990 543 542 
1991 747 746 
1992 777 777 
1993 984 984 
1994 402 401 
1995 624 624 
1996 927 926 
1997 741 741 
1998 27 26 
1999 234 232 
2000 606 604 
2001 978 976 
2002 330 330 
2003 525 523 
2004 855 853 
2005 267 266 
2006 798 798 
2007 147 146 
2008 561 559 
2009 39 39 
2010 918 916 
2011 756 755 
2012 87 87 
2013 285 284 
2014 549 547 
2015 654 652 
2016 219 217 
2017 507 506 
2018 528 526 
2019 207 206 
2020 96 94 
2021 123 121 
2022 747 745 
2023 108 106 
2024 228 227 
2025 54 53 
2026 675 674 
2027 57 55 
2028 594 592 
2029 774 772 
2030 609 608 
2031 825 825 
2032 855 854 
2033 222 222 
2034 168 167 
2035 276 275 
2036 753 752 
2037 939 939 
2038 252 250 
2039 654 654 
2040 876 874 
2041 681 680 
2042 591 591 
2043 432 431 
2044 837 837 
2045 852 850 
2046 534 534 
2047 213 212 
2048 345 344 
2049 114 112 
2050 915 914 
2051 24 23 
2052 24 24 
2053 654 652 
2054 336 334 
2055 138 137 
2056 792 792 
2057 867 867 
2058 993 992 
2059 777 775 
2060 66 65 
2061 105 104 
2062 96 96 
2063 609 609 
2064 771 771 
2065 756 756 
2066 387 385 
2067 327 325 
2068 801 801 
2069 81 81 
2070 81 79 
2071 234 232 
2072 243 241 
2073 561 561 
2074 9 8 
2075 270 269 
2076 339 337 
2077 723 723 
2078 444 443 
2079 588 587 
2080 396 395 
2081 750 750 
2082 363 363 
2083 762 762 
2084 450 449 
2085 438 436 
2086 36 35 
2087 624 622 
2088 201 201 
2089 666 664 
2090 924 923 
2091 474 474 
2092 993 993 
2093 840 839 
2094 75 73 
2095 774 774 
2096 45 43 
2097 108 106 
2098 435 433 
2099 852 850 
2100 762 762 
2101 852 850 
2102 165 165 
2103 210 208 
2104 804 803 
2105 276 275 
2106 231 229 
2107 756 756 
2108 438 437 
2109 570 569 
2110 744 744 
2111 432 431 
2112 336 336 
2113 399 397 
2114 729 728 
2115 96 96 
2116 90 89 
2117 681 680 
2118 924 922 
2119 819 817 
2120 342 340 
2121 357 357 
2122 147 147 
2123 897 895 
2124 936 936 
2125 165 163 
2126 477 475 
2127 699 697 
2128 102 102 
2129 393 393 
2130 573 573 
2131 762 760 
2132 156 154 
2133 666 664 
2134 351 349 
2135 24 22 
2136 417 416 
2137 534 532 
2138 561 560 
2139 801 799 
2140 984 983 
2141 213 211 
2142 543 543 
2143 732 730 
2144 441 441 
2145 579 579 
2146 405 403 
2147 312 311 
2148 114 112 
2149 975 975 
2150 252 250 
2151 348 346 
2152 213 211 
2153 804 803 
2154 840 840 
2155 582 582 
2156 855 854 
2157 708 707 
2158 816 815 
2159 141 139 
2160 333 333 
2161 624 623 
2162 768 767 
2163 657 657 
2164 537 537 
2165 123 122 
2166 318 317 
2167 987 986 
2168 1002 1000 
2169 543 542 
2170 258 256 
2171 453 451 
2172 363 361 
2173 177 176 
2174 777 775 
2175 339 338 
2176 486 485 
2177 75 74 
2178 246 244 
2179 891 889 
2180 873 871 
2181 684 683 
2182 747 747 
2183 402 401 
2184 789 788 
2185 225 224 
2186 621 619 
2187 426 424 
2188 285 284 
2189 960 959 
2190 243 243 
2191 651 651 
2192 486 486 
2193 552 550 
2194 927 926 
2195 804 803 
2196 759 759 
2197 258 256 
2198 519 519 
2199 588 588 
2200 972 971 
2201 831 831 
2202 462 461 
2203 330 329 
2204 996 994 
2205 786 786 
2206 321 319 
2207 441 441 
2208 381 380 
2209 627 625 
2210 393 393 
2211 174 173 
2212 957 957 
2213 285 283 
2214 927 925 
2215 519 518 
2216 153 153 
2217 15 14 
2218 804 802 
2219 996 995 
2220 114 112 
2221 48 47 
2222 249 248 
2223 489 489 
2224 69 67 
2225 141 141 
2226 378 377 
2227 609 608 
2228 708 708 
2229 42 42 
2230 411 410 
2231 318 316 
2232 363 362 
2233 915 913 
2234 39 39 
2235 57 57 
2236 354 354 
2237 282 281 
2238 450 449 
2239 792 790 
2240 663 662 
2241 225 223 
2242 741 739 
2243 660 659 
2244 411 409 
2245 753 751 
2246 600 600 
2247 138 138 
2248 531 529 
2249 924 924 
2250 888 887 
2251 744 744 
2252 525 524 
2253 492 491 
2254 897 895 
2255 255 253 
2256 627 626 
2257 669 668 
2258 483 482 
2259 720 719 
2260 738 737 
2261 768 768 
2262 597 597 
2263 141 139 
2264 723 723 
2265 228 227 
2266 39 38 
2267 558 556 
2268 531 529 
2269 675 675 
2270 231 229 
2271 282 281 
2272 780 779 
2273 192 190 
2274 507 507 
2275 957 955 
2276 654 653 
2277 978 976 
2278 327 325 
2279 21 20 
2280 942 940 
2281 99 98 
2282 873 873 
2283 456 456 
2284 246 246 
2285 348 347 
2286 993 991 
2287 681 679 
2288 861 861 
2289 540 539 
2290 681 681 
2291 441 441 
2292 645 644 
2293 723 722 
2294 972 970 
2295 321 320 
2296 594 592 
2297 687 685 
2298 939 939 
2299 666 665 
2300 816 815 
2301 825 825 
2302 897 897 
2303 963 962 
2304 924 924 
2305 279 278 
2306 888 887 
2307 486 485 
2308 825 824 
2309 252 252 
2310 786 786 
2311 924 923 
2312 372 370 
2313 90 88 
2314 378 376 
2315 258 258 
2316 432 432 
2317 786 784 
2318 504 503 
2319 993 991 
2320 492 491 
2321 972 970 
2322 342 340 
2323 246 244 
2324 519 519 
2325 387 385 
2326 201 201 
2327 852 850 
2328 399 399 
2329 738 736 
2330 813 812 
2331 609 607 
2332 165 165 
2333 348 348 
2334 576 574 
2335 195 194 
2336 87 87 
2337 93 93 
2338 513 513 
2339 978 977 
2340 477 475 
2341 990 989 
2342 714 713 
2343 849 849 
2344 300 299 
2345 360 359 
2346 21 20 
2347 264 262 
2348 969 969 
2349 513 512 
2350 315 313 
2351 630 630 
2352 534 532 
2353 51 50 
2354 516 516 
2355 306 305 
2356 546 544 
2357 348 347 
2358 864 864 
2359 501 499 
2360 114 114 
2361 27 26 
2362 525 523 
2363 738 736 
2364 138 137 
2365 858 858 
2366 231 229 
2367 129 127 
2368 960 958 
2369 861 860 
2370 912 912 
2371 696 696 
2372 246 244 
2373 321 321 
2374 393 393 
2375 543 541 
2376 633 632 
2377 183 181 
2378 21 21 
2379 750 748 
2380 891 889 
2381 429 429 
2382 990 988 
2383 780 778 
2384 945 944 
2385 66 65 
2386 684 682 
2387 306 305 
2388 129 129 
2389 570 570 
2390 360 360 
2391 828 826 
2392 681 680 
2393 813 812 
2394 471 470 
2395 171 171 
2396 285 285 
2397 69 69 
2398 612 612 
2399 339 339 
2400 321 320 
2401 78 76 
2402 45 44 
2403 48 48 
2404 573 572 
2405 291 290 
2406 810 810 
2407 903 903 
2408 759 759 
2409 261 260 
2410 573 571 
2411 36 36 
2412 858 856 
2413 870 870 
2414 771 769 
2415 159 157 
2416 138 136 
2417 915 913 
2418 660 660 
2419 378 378 
2420 129 129 
2421 831 829 
2422 507 506 
2423 705 704 
2424 243 241 
2425 279 279 
2426 24 23 
2427 483 481 
2428 336 336 
2429 612 612 
2430 645 645 
2431 486 484 
2432 15 13 
2433 444 443 
2434 399 397 
2435 348 347 
2436 606 604 
2437 927 927 
2438 693 692 
2439 681 679 
2440 723 722 
2441 804 802 
2442 81 79 
2443 975 974 
2444 807 807 
2445 837 835 
2446 870 870 
2447 783 781 
2448 786 786 
2449 192 192 
2450 180 180 
2451 150 150 
2452 42 40 
2453 909 908 
2454 741 740 
2455 396 395 
2456 942 942 
2457 123 122 
2458 975 973 
2459 330 328 
2460 531 529 
2461 552 551 
2462 177 175 
2463 462 460 
2464 807 805 
2465 3 3 
2466 996 996 
2467 240 240 
2468 75 75 
2469 720 720 
2470 417 415 
2471 399 398 
2472 336 336 
2473 27 25 
2474 840 839 
2475 858 858 
2476 501 500 
2477 717 716 
2478 645 644 
2479 990 988 
2480 417 416 
2481 384 384 
2482 987 985 
2483 453 452 
2484 273 271 
2485 759 759 
2486 81 80 
2487 12 12 
2488 327 325 
2489 807 805 
2490 609 608 
2491 387 385 
2492 498 498 
2493 975 974 
2494 300 298 
2495 531 530 
2496 642 640 
2497 948 947 
2498 561 559 
2499 648 647 
2500 633 632 
2501 414 413 
2502 171 171 
2503 468 466 
2504 585 585 
2505 993 992 
2506 399 397 
2507 339 337 
2508 987 985 
2509 291 289 
2510 246 244 
2511 258 257 
2512 147 145 
2513 528 528 
2514 915 915 
2515 180 180 
2516 693 692 
2517 870 870 
2518 207 205 
2519 420 420 
2520 186 184 
2521 264 264 
2522 177 177 
2523 861 861 
2524 372 371 
2525 498 497 
2526 183 182 
2527 663 662 
2528 870 870 
2529 165 163 
2530 153 152 
2531 369 368 
2532 717 717 
2533 999 998 
2534 162 161 
2535 999 997 
2536 573 573 
2537 945 943 
2538 984 984 
2539 99 97 
2540 438 436 
2541 324 322 
2542 477 477 
2543 357 356 
2544 84 84 
2545 576 576 
2546 786 786 
2547 951 950 
2548 441 440 
2549 306 306 
2550 996 995 
2551 162 161 
2552 798 797 
2553 693 691 
2554 894 894 
2555 237 235 
2556 123 122 
2557 627 625 
2558 564 564 
2559 537 536 
2560 738 736 
2561 987 987 
2562 759 757 
2563 141 139 
2564 891 889 
2565 453 452 
2566 231 231 
2567 486 486 
2568 390 388 
2569 72 70 
2570 168 168 
2571 708 708 
2572 336 335 
2573 96 96 
2574 240 239 
2575 510 510 
2576 165 163 
2577 840 840 
2578 294 294 
2579 666 666 
2580 348 348 
2581 249 249 
2582 330 330 
2583 837 837 
2584 183 182 
2585 303 302 
2586 939 937 
2587 555 554 
2588 561 560 
2589 21 20 
2590 804 802 
2591 297 297 
2592 828 828 
2593 219 219 
2594 402 400 
2595 768 768 
2596 588 588 
2597 30 29 
2598 489 487 
2599 294 292 
2600 582 582 
2601 264 262 
2602 414 413 
2603 75 73 
2604 537 537 
2605 483 481 
2606 732 730 
2607 957 957 
2608 510 509 
2609 171 169 
2610 129 127 
2611 762 761 
2612 753 751 
2613 870 869 
2614 507 506 
2615 264 263 
2616 99 98 
2617 3 1 
2618 162 160 
2619 996 996 
2620 150 150 
2621 750 748 
2622 147 145 
2623 384 383 
2624 582 580 
2625 942 940 
2626 9 8 
2627 369 368 
2628 753 751 
2629 348 347 
2630 162 160 
2631 963 961 
2632 861 860 
2633 54 53 
2634 903 903 
2635 504 504 
2636 627 626 
2637 639 639 
2638 231 230 
2639 540 539 
2640 339 339 
2641 681 681 
2642 750 750 
2643 882 881 
2644 969 969 
2645 630 628 
2646 918 916 
2647 24 23 
2648 123 121 
2649 141 141 
2650 30 29 
2651 801 800 
2652 468 466 
2653 777 775 
2654 666 666 
2655 573 572 
2656 720 718 
2657 165 164 
2658 543 541 
2659 666 665 
2660 522 520 
2661 798 797 
2662 99 98 
2663 174 172 
2664 84 84 
2665 549 548 
2666 519 518 
2667 945 945 
2668 756 754 
2669 219 217 
2670 789 787 
2671 192 190 
2672 165 163 
2673 306 306 
2674 225 225 
2675 660 660 
2676 531 529 
2677 33 32 
2678 879 878 
2679 693 693 
2680 477 475 
2681 432 432 
2682 807 807 
2683 543 543 
2684 606 606 
2685 927 927 
2686 348 348 
2687 927 926 
2688 174 172 
2689 429 429 
2690 495 495 
2691 414 413 
2692 858 857 
2693 693 691 
2694 999 997 
2695 534 534 
2696 384 384 
2697 846 844 
2698 243 243 
2699 222 220 
2700 228 226 
2701 927 927 
2702 411 409 
2703 1002 1000 
2704 912 910 
2705 747 746 
2706 828 826 
2707 225 225 
2708 420 418 
2709 816 816 
2710 204 202 
2711 978 978 
2712 282 280 
2713 996 996 
2714 663 662 
2715 192 191 
2716 114 113 
2717 972 971 
2718 792 791 
2719 552 551 
2720 999 997 
2721 567 566 
2722 150 150 
2723 765 763 
2724 369 368 
2725 966 965 
2726 177 177 
2727 357 357 
2728 393 391 
2729 534 532 
2730 669 668 
2731 138 138 
2732 753 752 
2733 273 273 
2734 633 633 
2735 177 176 
2736 255 253 
2737 549 547 
2738 144 144 
2739 441 440 
2740 177 177 
2741 462 460 
2742 543 542 
2743 108 108 
2744 969 968 
2745 153 152 
2746 978 978 
2747 75 73 
2748 99 99 
2749 99 99 
2750 237 235 
2751 831 830 
2752 570 570 
2753 633 631 
2754 843 843 
2755 963 963 
2756 744 743 
2757 852 851 
2758 639 638 
2759 330 330 
2760 225 225 
2761 540 540 
2762 819 819 
2763 801 801 
2764 30 30 
2765 249 247 
2766 594 593 
2767 687 686 
2768 903 903 
2769 828 828 
2770 171 171 
2771 651 649 
2772 687 687 
2773 261 261 
2774 732 732 
2775 102 101 
2776 486 484 
2777 885 884 
2778 693 691 
2779 888 886 
2780 516 516 
2781 24 24 
2782 681 680 
2783 60 59 
2784 579 577 
2785 282 280 
2786 150 148 
2787 558 557 
2788 462 461 
2789 942 941 
2790 606 605 
2791 471 470 
2792 504 502 
2793 813 812 
2794 537 535 
2795 708 707 
2796 3 2 
2797 882 881 
2798 12 11 
2799 291 290 
2800 117 116 
2801 174 173 
2802 477 475 
2803 36 36 
2804 390 389 
2805 609 609 
2806 21 19 
2807 981 979 
2808 747 747 
2809 864 864 
2810 372 370 
2811 597 596 
2812 693 692 
2813 504 504 
2814 495 494 
2815 342 342 
2816 36 35 
2817 282 281 
2818 276 275 
2819 147 145 
2820 939 938 
2821 741 740 
2822 813 812 
2823 504 504 
2824 438 438 
2825 381 380 
2826 474 472 
2827 768 767 
2828 615 614 
2829 120 120 
2830 144 142 
2831 357 356 
2832 462 460 
2833 654 654 
2834 216 216 
2835 489 489 
2836 291 289 
2837 945 945 
2838 219 219 
2839 912 912 
2840 972 972 
2841 333 332 
2842 135 133 
2843 39 37 
2844 429 428 
2845 453 453 
2846 951 950 
2847 570 568 
2848 162 161 
2849 882 882 
2850 15 15 
2851 522 520 
2852 879 878 
2853 312 310 
2854 822 821 
2855 465 464 
2856 90 89 
2857 462 460 
2858 960 958 
2859 582 580 
2860 714 713 
2861 900 898 
2862 588 586 
2863 534 533 
2864 201 199 
2865 432 432 
2866 444 443 
2867 603 601 
2868 309 309 
2869 216 214 
2870 429 429 
2871 612 611 
2872 555 553 
2873 705 705 
2874 150 150 
2875 114 112 
2876 60 58 
2877 990 989 
2878 654 654 
2879 72 71 
2880 561 561 
2881 276 275 
2882 72 72 
2883 249 248 
2884 891 890 
2885 303 301 
2886 888 887 
2887 543 542 
2888 690 688 
2889 54 53 
2890 819 817 
2891 342 340 
2892 516 515 
2893 843 841 
2894 417 415 
2895 516 515 
2896 237 237 
2897 306 305 
2898 282 282 
2899 891 890 
2900 57 56 
2901 993 991 
2902 57 55 
2903 237 236 
2904 609 609 
2905 573 573 
2906 381 379 
2907 327 325 
2908 24 24 
2909 483 482 
2910 81 80 
2911 678 677 
2912 285 285 
2913 846 845 
2914 543 542 
2915 579 579 
2916 252 252 
2917 306 304 
2918 339 338 
2919 804 802 
2920 891 889 
2921 567 565 
2922 402 401 
2923 927 927 
2924 684 684 
2925 165 164 
2926 510 509 
2927 714 712 
2928 216 214 
2929 843 843 
2930 120 119 
2931 984 982 
2932 459 458 
2933 708 707 
2934 354 354 
2935 675 675 
2936 693 692 
2937 843 842 
2938 711 710 
2939 573 572 
2940 111 109 
2941 612 611 
2942 948 946 
2943 57 56 
2944 78 76 
2945 216 215 
2946 603 601 
2947 552 551 
2948 765 765 
2949 519 518 
2950 30 30 
2951 861 860 
2952 399 398 
2953 240 238 
2954 648 647 
2955 933 931 
2956 975 973 
2957 195 195 
2958 750 748 
2959 132 130 
2960 387 387 
2961 405 404 
2962 849 848 
2963 171 171 
2964 12 11 
2965 309 308 
2966 231 231 
2967 273 272 
2968 165 163 
2969 552 550 
2970 711 710 
2971 678 678 
2972 537 537 
2973 696 696 
2974 390 390 
2975 483 482 
2976 711 710 
2977 618 616 
2978 867 865 
2979 432 430 
2980 48 46 
2981 939 937 
2982 252 251 
2983 828 828 
2984 39 38 
2985 591 591 
2986 873 873 
2987 930 929 
2988 828 828 
2989 456 454 
2990 285 285 
2991 165 163 
2992 306 306 
2993 150 150 
2994 639 639 
2995 204 203 
2996 180 179 
2997 708 706 
2998 357 357 
2999 933 932 
3000 366 364 
3001 132 131 
3002 996 995 
3003 123 121 
3004 36 36 
3005 234 233 
3006 819 819 
3007 660 658 
3008 21 19 
3009 762 762 
3010 663 663 
3011 696 695 
3012 792 790 
3013 75 73 
3014 537 537 
3015 468 467 
3016 795 793 
3017 321 320 
3018 963 961 
3019 147 146 
3020 564 563 
3021 999 997 
3022 207 206 
3023 114 114 
3024 357 357 
3025 480 480 
3026 12 11 
3027 774 773 
3028 522 522 
3029 501 499 
3030 798 796 
3031 726 725 
3032 936 936 
3033 168 168 
3034 159 158 
3035 399 399 
3036 408 406 
3037 342 342 
3038 204 202 
3039 57 56 
3040 756 755 
3041 36 36 
3042 162 161 
3043 186 186 
3044 303 301 
3045 372 372 
3046 162 160 
3047 600 599 
3048 465 463 
3049 273 273 
3050 438 438 
3051 324 324 
3052 24 24 
3053 378 376 
3054 633 633 
3055 288 287 
3056 963 963 
3057 924 922 
3058 69 68 
3059 834 834 
3060 273 273 
3061 369 368 
3062 540 540 
3063 414 413 
3064 408 408 
3065 717 717 
3066 309 309 
3067 168 166 
3068 57 55 
3069 834 832 
3070 153 153 
3071 870 868 
3072 441 439 
3073 894 894 
3074 819 817 
3075 273 271 
3076 228 227 
3077 828 827 
3078 177 177 
3079 147 146 
3080 528 528 
3081 579 578 
3082 720 720 
3083 681 681 
3084 999 997 
3085 753 752 
3086 855 853 
3087 453 451 
3088 117 116 
3089 453 452 
3090 402 402 
3091 864 864 
3092 936 935 
3093 210 210 
3094 423 421 
3095 579 579 
3096 627 627 
3097 597 595 
3098 426 426 
3099 594 592 
3100 504 503 
3101 525 525 
3102 345 345 
3103 225 223 
3104 693 693 
3105 882 881 
3106 327 326 
3107 279 279 
3108 969 968 
3109 159 159 
3110 684 683 
3111 12 11 
3112 573 572 
3113 981 979 
3114 432 431 
3115 360 360 
3116 51 49 
3117 732 731 
3118 651 650 
3119 510 508 
3120 240 240 
3121 504 503 
3122 558 558 
3123 465 464 
3124 741 739 
3125 351 351 
3126 63 63 
3127 87 87 
3128 642 641 
3129 930 928 
3130 477 475 
3131 510 508 
3132 39 39 
3133 96 95 
3134 771 771 
3135 552 551 
3136 975 975 
3137 501 499 
3138 543 543 
3139 432 432 
3140 828 828 
3141 246 246 
3142 279 277 
3143 234 234 
3144 84 84 
3145 549 549 
3146 411 411 
3147 747 745 
3148 405 404 
3149 252 251 
3150 912 912 
3151 324 324 
3152 951 951 
3153 51 49 
3154 702 702 
3155 285 283 
3156 663 663 
3157 627 625 
3158 972 970 
3159 930 929 
3160 546 546 
3161 213 213 
3162 642 642 
3163 348 346 
3164 990 989 
3165 213 212 
3166 678 677 
3167 687 686 
3168 381 380 
3169 816 814 
3170 375 374 
3171 405 404 
3172 954 952 
3173 195 194 
3174 609 609 
3175 168 167 
3176 294 294 
3177 198 198 
3178 270 268 
3179 93 92 
3180 318 318 
3181 351 351 
3182 81 79 
3183 921 921 
3184 153 153 
3185 612 612 
3186 621 620 
3187 192 191 
3188 114 114 
3189 705 703 
3190 9 7 
3191 801 801 
3192 894 894 
3193 339 339 
3194 462 462 
3195 762 762 
3196 261 259 
3197 672 670 
3198 657 657 
3199 459 458 
3200 252 252 
3201 738 736 
3202 108 107 
3203 483 481 
3204 411 410 
3205 588 586 
3206 15 14 
3207 42 42 
3208 156 156 
3209 216 216 
3210 915 915 
3211 777 777 
3212 72 72 
3213 825 823 
3214 984 983 
3215 189 189 
3216 159 159 
3217 705 703 
3218 855 855 
3219 150 150 
3220 477 476 
3221 585 585 
3222 957 956 
3223 297 295 
3224 717 717 
3225 873 873 
3226 336 335 
3227 750 749 
3228 834 832 
3229 894 892 
3230 702 702 
3231 159 157 
3232 57 55 
3233 747 747 
3234 420 420 
3235 243 241 
3236 501 500 
3237 24 22 
3238 477 477 
3239 270 268 
3240 63 61 
3241 603 602 
3242 774 774 
3243 345 345 
3244 873 872 
3245 813 811 
3246 417 417 
3247 552 551 
3248 72 71 
3249 3 1 
3250 231 230 
3251 393 391 
3252 213 213 
3253 519 519 
3254 885 883 
3255 246 244 
3256 408 407 
3257 264 263 
3258 135 133 
3259 138 137 
3260 78 76 
3261 231 230 
3262 174 172 
3263 63 62 
3264 918 917 
3265 174 174 
3266 714 714 
3267 243 243 
3268 711 709 
3269 552 550 
3270 150 148 
3271 636 635 
3272 642 641 
3273 726 724 
3274 15 15 
3275 282 282 
3276 81 80 
3277 693 691 
3278 555 555 
3279 552 551 
3280 27 27 
3281 444 444 
3282 876 875 
3283 162 162 
3284 942 942 
3285 666 665 
3286 459 459 
3287 270 270 
3288 918 917 
3289 543 541 
3290 888 888 
3291 129 128 
3292 15 15 
3293 63 61 
3294 324 323 
3295 78 77 
3296 975 974 
3297 978 977 
3298 480 478 
3299 528 527 
3300 543 541 
3301 84 83 
3302 780 780 
3303 330 329 
3304 609 608 
3305 591 590 
3306 525 525 
3307 246 246 
3308 177 175 
3309 33 31 
3310 888 887 
3311 942 941 
3312 402 402 
3313 57 55 
3314 807 806 
3315 441 439 
3316 414 413 
3317 192 191 
3318 558 556 
3319 129 127 
3320 813 813 
3321 756 755 
3322 225 225 
3323 618 616 
3324 276 274 
3325 255 255 
3326 507 507 
3327 36 34 
3328 684 683 
3329 204 204 
3330 792 790 
3331 192 190 
3332 957 956 
3333 597 595 
3334 774 774 
3335 660 660 
3336 378 378 
3337 921 920 
3338 969 968 
3339 957 955 
3340 453 452 
3341 816 816 
3342 222 220 
3343 147 145 
3344 228 228 
3345 267 267 
3346 126 125 
3347 552 550 
3348 708 708 
3349 3 2 
3350 990 990 
3351 423 422 
3352 657 657 
3353 201 201 
3354 168 166 
3355 660 659 
3356 765 763 
3357 990 990 
3358 117 117 
3359 150 150 
3360 747 746 
3361 951 951 
3362 630 628 
3363 942 942 
3364 372 370 
3365 369 368 
3366 786 785 
3367 606 606 
3368 201 199 
3369 594 594 
3370 234 232 
3371 300 299 
3372 339 337 
3373 822 820 
3374 843 842 
3375 876 876 
3376 282 281 
3377 336 334 
3378 249 249 
3379 249 248 
3380 99 98 
3381 66 64 
3382 699 697 
3383 666 666 
3384 528 528 
3385 921 919 
3386 801 801 
3387 624 624 
3388 453 451 
3389 450 448 
3390 312 311 
3391 264 263 
3392 606 605 
3393 291 291 
3394 432 431 
3395 570 568 
3396 273 271 
3397 768 768 
3398 894 892 
3399 720 718 
3400 489 488 
3401 309 308 
3402 663 661 
3403 759 757 
3404 735 733 
3405 957 957 
3406 891 889 
3407 12 12 
3408 561 561 
3409 723 721 
3410 468 467 
3411 621 619 
3412 303 302 
3413 723 723 
3414 303 302 
3415 591 589 
3416 930 930 
3417 510 510 
3418 561 560 
3419 15 15 
3420 636 635 
3421 864 863 
3422 492 491 
3423 711 711 
3424 780 779 
3425 462 462 
3426 639 639 
3427 423 421 
3428 45 44 
3429 318 317 
3430 90 89 
3431 780 780 
3432 132 131 
3433 735 735 
3434 792 791 
3435 570 569 
3436 921 921 
3437 234 234 
3438 90 89 
3439 804 803 
3440 261 261 
3441 990 989 
3442 987 985 
3443 987 985 
3444 291 290 
3445 36 34 
3446 60 59 
3447 657 655 
3448 792 791 
3449 804 804 
3450 765 765 
3451 264 264 
3452 771 770 
3453 636 634 
3454 498 496 
3455 390 388 
3456 237 235 
3457 219 218 
3458 30 28 
3459 534 532 
3460 408 407 
3461 480 478 
3462 273 271 
3463 546 545 
3464 60 58 
3465 60 58 
3466 888 887 
3467 393 392 
3468 435 435 
3469 867 867 
3470 957 955 
3471 216 216 
3472 180 179 
3473 819 817 
3474 783 781 
3475 522 521 
3476 63 62 
3477 15 13 
3478 660 658 
3479 552 550 
3480 543 543 
3481 99 99 
3482 24 23 
3483 678 676 
3484 921 920 
3485 195 193 
3486 255 254 
3487 858 856 
3488 264 263 
3489 246 246 
3490 777 775 
3491 396 396 
3492 66 66 
3493 123 123 
3494 849 847 
3495 324 323 
3496 660 660 
3497 12 12 
3498 261 259 
3499 345 344 
3500 972 972 
3501 474 472 
3502 351 349 
3503 315 314 
3504 54 53 
3505 606 604 
3506 711 710 
3507 852 851 
3508 456 456 
3509 798 796 
3510 282 282 
3511 531 531 
3512 651 651 
3513 60 58 
3514 192 190 
3515 339 337 
3516 525 525 
3517 357 356 
3518 807 805 
3519 876 874 
3520 255 255 
3521 690 689 
3522 24 22 
3523 207 207 
3524 30 28 
3525 333 332 
3526 960 959 
3527 789 787 
3528 537 537 
3529 192 191 
3530 390 389 
3531 84 82 
3532 318 317 
3533 297 297 
3534 507 505 
3535 435 435 
3536 498 497 
3537 672 672 
3538 885 884 
3539 327 327 
3540 225 225 
3541 360 359 
3542 642 642 
3543 144 143 
3544 162 161 
3545 123 121 
3546 117 115 
3547 705 705 
3548 267 265 
3549 660 659 
3550 774 773 
3551 978 978 
3552 513 513 
3553 990 989 
3554 12 11 
3555 165 165 
3556 726 724 
3557 33 33 
3558 570 568 
3559 36 34 
3560 99 97 
3561 666 666 
3562 957 956 
3563 375 375 
3564 957 957 
3565 888 886 
3566 765 765 
3567 981 979 
3568 513 513 
3569 150 148 
3570 609 607 
3571 909 909 
3572 372 370 
3573 504 503 
3574 813 812 
3575 627 625 
3576 411 411 
3577 177 176 
3578 366 364 
3579 522 522 
3580 300 300 
3581 183 183 
3582 270 270 
3583 489 488 
3584 159 158 
3585 339 338 
3586 174 172 
3587 534 532 
3588 510 509 
3589 93 91 
3590 501 499 
3591 375 375 
3592 774 772 
3593 654 654 
3594 546 544 
3595 999 998 
3596 837 835 
3597 897 896 
3598 483 483 
3599 576 576 
3600 12 12 
3601 825 825 
3602 984 983 
3603 861 861 
3604 978 977 
3605 804 802 
3606 81 79 
3607 456 456 
3608 345 344 
3609 903 903 
3610 333 331 
3611 639 638 
3612 720 718 
3613 768 766 
3614 192 192 
3615 78 77 
3616 57 55 
3617 288 286 
3618 843 843 
3619 717 717 
3620 540 540 
3621 954 952 
3622 696 694 
3623 114 114 
3624 147 146 
3625 75 73 
3626 441 441 
3627 192 191 
3628 555 553 
3629 525 525 
3630 531 530 
3631 3 3 
3632 36 34 
3633 981 981 
3634 918 916 
3635 162 160 
3636 330 328 
3637 363 362 
3638 366 364 
3639 111 110 
3640 207 207 
3641 513 511 
3642 360 358 
3643 453 452 
3644 249 248 
3645 306 306 
3646 540 540 
3647 729 727 
3648 651 650 
3649 675 674 
3650 423 423 
3651 618 617 
3652 867 866 
3653 675 674 
3654 795 795 
3655 108 106 
3656 348 348 
3657 444 444 
3658 519 519 
3659 378 378 
3660 831 830 
3661 864 863 
3662 666 666 
3663 711 709 
3664 804 803 
3665 771 769 
3666 303 303 
3667 420 420 
3668 375 374 
3669 942 941 
3670 489 489 
3671 546 546 
3672 234 234 
3673 255 254 
3674 561 559 
3675 150 148 
3676 177 177 
3677 147 145 
3678 297 297 
3679 297 296 
3680 969 969 
3681 825 823 
3682 264 264 
3683 462 462 
3684 840 839 
3685 42 40 
3686 162 161 
3687 882 882 
3688 945 944 
3689 753 752 
3690 267 266 
3691 393 391 
3692 996 995 
3693 789 789 
3694 636 635 
3695 420 420 
3696 528 528 
3697 456 454 
3698 798 798 
3699 21 19 
3700 669 667 
3701 237 237 
3702 834 832 
3703 252 252 
3704 867 865 
3705 759 758 
3706 6 5 
3707 135 134 
3708 537 536 
3709 846 845 
3710 279 278 
3711 591 590 
3712 333 331 
3713 933 931 
3714 63 62 
3715 639 638 
3716 909 908 
3717 60 58 
3718 978 976 
3719 264 263 
3720 921 920 
3721 684 684 
3722 84 83 
3723 366 366 
3724 510 510 
3725 201 199 
3726 711 710 
3727 90 90 
3728 519 519 
3729 324 323 
3730 189 187 
3731 603 603 
3732 552 551 
3733 834 833 
3734 711 711 
3735 567 565 
3736 603 602 
3737 6 5 
3738 594 592 
3739 930 930 
3740 960 959 
3741 807 805 
3742 726 725 
3743 348 347 
3744 873 872 
3745 96 96 
3746 513 513 
3747 408 408 
3748 912 912 
3749 312 312 
3750 153 152 
3751 666 666 
3752 45 43 
3753 912 911 
3754 546 544 
3755 552 551 
3756 48 48 
3757 30 29 
3758 498 497 
3759 918 918 
3760 522 522 
3761 810 808 
3762 438 437 
3763 390 390 
3764 972 970 
3765 306 305 
3766 513 512 
3767 123 123 
3768 414 414 
3769 78 77 
3770 594 592 
3771 843 841 
3772 279 277 
3773 801 801 
3774 735 733 
3775 6 6 
3776 738 736 
3777 831 829 
3778 939 938 
3779 558 556 
3780 108 106 
3781 579 578 
3782 906 906 
3783 549 548 
3784 666 665 
3785 507 507 
3786 525 523 
3787 675 675 
3788 492 490 
3789 360 359 
3790 126 126 
3791 288 288 
3792 66 64 
3793 165 165 
3794 372 372 
3795 444 443 
3796 246 244 
3797 999 997 
3798 12 10 
3799 186 184 
3800 822 822 
3801 375 373 
3802 45 45 
3803 723 721 
3804 258 258 
3805 435 434 
3806 432 430 
3807 993 991 
3808 717 716 
3809 306 306 
3810 351 351 
3811 234 234 
3812 933 932 
3813 1002 1000 
3814 429 428 
3815 876 875 
3816 564 562 
3817 105 103 
3818 867 867 
3819 522 521 
3820 468 467 
3821 207 205 
3822 117 115 
3823 504 504 
3824 849 848 
3825 828 826 
3826 369 368 
3827 501 499 
3828 294 294 
3829 951 950 
3830 909 909 
3831 435 434 
3832 657 656 
3833 231 229 
3834 192 192 
3835 774 772 
3836 327 327 
3837 246 246 
3838 363 361 
3839 720 718 
3840 27 26 
3841 63 63 
3842 324 322 
3843 186 186 
3844 807 805 
3845 234 234 
3846 402 400 
3847 753 753 
3848 912 910 
3849 75 75 
3850 162 160 
3851 177 176 
3852 891 890 
3853 153 152 
3854 90 90 
3855 960 958 
3856 990 988 
3857 849 847 
3858 498 497 
3859 774 772 
3860 591 591 
3861 258 258 
3862 993 993 
3863 132 131 
3864 30 30 
3865 207 206 
3866 576 575 
3867 483 481 
3868 828 826 
3869 648 646 
3870 654 652 
3871 756 756 
3872 69 67 
3873 660 660 
3874 219 218 
3875 69 68 
3876 765 765 
3877 747 745 
3878 132 132 
3879 423 421 
3880 711 709 
3881 528 528 
3882 114 114 
3883 435 434 
3884 618 617 
3885 726 726 
3886 234 234 
3887 45 43 
3888 627 627 
3889 789 788 
3890 288 288 
3891 609 607 
3892 615 614 
3893 420 419 
3894 600 598 
3895 204 202 
3896 327 327 
3897 936 934 
3898 117 116 
3899 888 888 
3900 918 917 
3901 93 91 
3902 225 225 
3903 951 951 
3904 672 672 
3905 315 314 
3906 831 831 
3907 441 441 
3908 93 93 
3909 885 884 
3910 795 794 
3911 945 943 
3912 528 528 
3913 708 708 
3914 210 209 
3915 216 214 
3916 912 911 
3917 393 393 
3918 12 11 
3919 30 29 
3920 534 534 
3921 690 690 
3922 564 563 
3923 111 109 
3924 165 165 
3925 810 808 
3926 828 828 
3927 504 503 
3928 645 643 
3929 231 230 
3930 981 981 
3931 114 113 
3932 960 958 
3933 294 292 
3934 726 726 
3935 417 417 
3936 801 800 
3937 975 975 
3938 801 801 
3939 321 319 
3940 540 539 
3941 252 250 
3942 603 601 
3943 495 495 
3944 693 693 
3945 873 873 
3946 318 317 
3947 492 492 
3948 525 525 
3949 864 864 
3950 261 261 
3951 327 326 
3952 660 659 
3953 423 423 
3954 564 564 
3955 558 556 
3956 813 811 
3957 720 720 
3958 852 852 
3959 690 690 
3960 252 250 
3961 120 119 
3962 132 132 
3963 390 388 
3964 696 695 
3965 225 225 
3966 270 269 
3967 888 888 
3968 852 851 
3969 846 845 
3970 825 824 
3971 993 992 
3972 306 305 
3973 951 949 
3974 51 49 
3975 525 525 
3976 270 270 
3977 711 709 
3978 999 999 
3979 492 492 
3980 339 337 
3981 213 211 
3982 42 41 
3983 69 69 
3984 909 907 
3985 789 789 
3986 258 257 
3987 327 326 
3988 618 616 
3989 453 453 
3990 702 701 
3991 357 356 
3992 564 564 
3993 66 64 
3994 129 128 
3995 354 353 
3996 945 943 
3997 108 106 
3998 894 893 
3999 126 126 
4000 891 889 
4001 627 627 
4002 846 844 
4003 45 43 
4004 798 797 
4005 885 884 
4006 987 986 
4007 105 105 
4008 186 186 
4009 435 434 
4010 525 525 
4011 144 143 
4012 612 612 
4013 300 298 
4014 486 485 
4015 555 553 
4016 465 463 
4017 804 803 
4018 453 452 
4019 426 426 
4020 708 708 
4021 984 982 
4022 39 38 
4023 75 75 
4024 732 730 
4025 873 873 
4026 738 737 
4027 378 377 
4028 120 118 
4029 576 575 
4030 480 478 
4031 156 154 
4032 132 130 
4033 810 809 
4034 735 734 
4035 402 400 
4036 249 249 
4037 378 376 
4038 375 373 
4039 732 732 
4040 219 217 
4041 801 799 
4042 483 481 
4043 795 795 
4044 816 815 
4045 534 533 
4046 939 939 
4047 60 60 
4048 87 86 
4049 915 913 
4050 414 412 
4051 888 888 
4052 705 704 
4053 870 868 
4054 81 81 
4055 369 368 
4056 114 114 
4057 459 458 
4058 216 216 
4059 378 378 
4060 342 340 
4061 552 552 
4062 624 624 
4063 189 188 
4064 342 342 
4065 153 151 
4066 717 716 
4067 480 479 
4068 132 132 
4069 336 335 
4070 768 768 
4071 741 741 
4072 588 587 
4073 900 900 
4074 372 370 
4075 804 802 
4076 339 337 
4077 717 716 
4078 531 530 
4079 759 758 
4080 969 968 
4081 351 351 
4082 963 961 
4083 777 776 
4084 171 170 
4085 999 997 
4086 246 245 
4087 573 572 
4088 774 774 
4089 453 451 
4090 204 203 
4091 159 158 
4092 786 785 
4093 951 949 
4094 795 795 
4095 588 588 
4096 807 806 
4097 141 141 
4098 522 520 
4099 1002 1000 
4100 360 358 
4101 114 114 
4102 30 29 
4103 339 339 
4104 648 648 
4105 123 121 
4106 96 96 
4107 117 115 
4108 546 546 
4109 561 560 
4110 585 585 
4111 294 293 
4112 150 149 
4113 750 749 
4114 516 516 
4115 162 162 
4116 396 396 
4117 186 186 
4118 891 890 
4119 327 326 
4120 717 717 
4121 900 900 
4122 477 476 
4123 453 452 
4124 24 22 
4125 888 887 
4126 378 376 
4127 780 779 
4128 594 592 
4129 252 251 
4130 978 977 
4131 420 419 
4132 225 223 
4133 804 802 
4134 564 562 
4135 201 200 
4136 192 192 
4137 417 415 
4138 933 931 
4139 336 334 
4140 282 281 
4141 120 119 
4142 276 274 
4143 579 578 
4144 903 901 
4145 795 795 
4146 717 715 
4147 312 311 
4148 30 29 
4149 228 228 
4150 441 440 
4151 270 270 
4152 246 246 
4153 414 413 
4154 906 905 
4155 846 844 
4156 483 481 
4157 399 397 
4158 933 933 
4159 321 319 
4160 648 646 
4161 921 921 
4162 591 590 
4163 867 865 
4164 24 24 
4165 543 541 
4166 555 553 
4167 909 907 
4168 603 603 
4169 606 604 
4170 636 635 
4171 780 779 
4172 729 729 
4173 195 195 
4174 549 548 
4175 318 318 
4176 618 616 
4177 675 674 
4178 633 631 
4179 366 365 
4180 204 204 
4181 723 722 
4182 714 712 
4183 654 652 
4184 699 699 
4185 273 271 
4186 501 500 
4187 240 238 
4188 972 972 
4189 54 54 
4190 156 156 
4191 186 186 
4192 240 239 
4193 345 344 
4194 129 129 
4195 42 40 
4196 879 879 
4197 711 709 
4198 42 41 
4199 429 428 
4200 699 698 
4201 420 418 
4202 192 192 
4203 123 122 
4204 144 143 
4205 477 475 
4206 18 16 
4207 96 95 
4208 423 422 
4209 360 360 
4210 819 817 
4211 120 118 
4212 828 827 
4213 6 4 
4214 393 392 
4215 552 552 
4216 555 555 
4217 96 96 
4218 486 484 
4219 594 594 
4220 918 918 
4221 156 156 
4222 942 940 
4223 891 891 
4224 228 227 
4225 567 567 
4226 612 610 
4227 690 690 
4228 879 878 
4229 705 705 
4230 972 970 
4231 93 91 
4232 405 404 
4233 801 799 
4234 108 107 
4235 228 227 
4236 492 492 
4237 465 463 
4238 948 948 
4239 192 191 
4240 840 840 
4241 831 831 
4242 210 208 
4243 522 521 
4244 819 818 
4245 804 802 
4246 306 306 
4247 372 370 
4248 519 519 
4249 444 442 
4250 105 105 
4251 282 280 
4252 510 510 
4253 936 934 
4254 741 741 
4255 825 825 
4256 330 330 
4257 510 509 
4258 303 303 
4259 678 678 
4260 372 371 
4261 306 305 
4262 444 444 
4263 531 529 
4264 777 777 
4265 63 61 
4266 666 666 
4267 255 254 
4268 66 65 
4269 561 559 
4270 387 385 
4271 846 845 
4272 222 220 
4273 831 830 
4274 420 419 
4275 630 630 
4276 216 215 
4277 582 580 
4278 69 69 
4279 171 171 
4280 639 637 
4281 45 44 
4282 3 3 
4283 282 281 
4284 663 662 
4285 204 204 
4286 9 7 
4287 447 446 
4288 621 620 
4289 837 836 
4290 363 361 
4291 222 220 
4292 945 944 
4293 573 573 
4294 951 951 
4295 828 828 
4296 801 800 
4297 837 835 
4298 657 655 
4299 438 436 
4300 636 636 
4301 51 51 
4302 618 616 
4303 195 193 
4304 990 988 
4305 903 901 
4306 996 996 
4307 645 645 
4308 900 899 
4309 780 778 
4310 825 825 
4311 345 345 
4312 264 263 
4313 174 174 
4314 435 434 
4315 780 779 
4316 390 390 
4317 705 703 
4318 540 538 
4319 666 665 
4320 162 161 
4321 147 147 
4322 297 297 
4323 900 900 
4324 534 532 
4325 504 502 
4326 444 444 
4327 303 302 
4328 582 580 
4329 345 345 
4330 201 201 
4331 243 243 
4332 144 143 
4333 372 371 
4334 810 808 
4335 708 707 
4336 849 847 
4337 741 740 
4338 180 179 
4339 567 566 
4340 927 927 
4341 981 980 
4342 672 670 
4343 135 134 
4344 348 347 
4345 426 424 
4346 519 519 
4347 81 80 
4348 942 940 
4349 909 909 
4350 96 94 
4351 747 747 
4352 786 785 
4353 84 82 
4354 375 374 
4355 24 22 
4356 921 919 
4357 987 986 
4358 387 385 
4359 111 110 
4360 963 962 
4361 480 479 
4362 312 312 
4363 399 397 
4364 378 377 
4365 618 616 
4366 312 312 
4367 309 307 
4368 495 493 
4369 645 643 
4370 567 566 
4371 522 521 
4372 369 369 
4373 276 275 
4374 324 324 
4375 705 705 
4376 876 875 
4377 828 826 
4378 936 936 
4379 423 423 
4380 891 889 
4381 672 671 
4382 45 43 
4383 468 466 
4384 558 557 
4385 930 930 
4386 264 263 
4387 396 395 
4388 387 385 
4389 642 642 
4390 9 8 
4391 612 611 
4392 315 315 
4393 885 885 
4394 198 196 
4395 507 505 
4396 594 594 
4397 978 976 
4398 123 122 
4399 978 978 
4400 408 406 
4401 387 386 
4402 822 822 
4403 246 246 
4404 531 531 
4405 357 357 
4406 381 379 
4407 315 314 
4408 447 446 
4409 222 221 
4410 297 295 
4411 786 784 
4412 912 910 
4413 687 686 
4414 36 34 
4415 648 647 
4416 612 612 
4417 258 257 
4418 318 318 
4419 267 265 
4420 267 266 
4421 312 311 
4422 537 536 
4423 408 407 
4424 864 863 
4425 276 276 
4426 975 973 
4427 543 543 
4428 627 626 
4429 381 381 
4430 648 646 
4431 999 998 
4432 36 34 
4433 204 202 
4434 462 460 
4435 183 182 
4436 852 852 
4437 549 548 
4438 333 331 
4439 210 209 
4440 12 12 
4441 903 903 
4442 468 466 
4443 756 755 
4444 42 41 
4445 705 705 
4446 522 521 
4447 444 443 
4448 909 909 
4449 699 697 
4450 756 754 
4451 930 930 
4452 189 187 
4453 345 344 
4454 267 265 
4455 570 569 
4456 696 695 
4457 348 346 
4458 468 467 
4459 783 783 
4460 963 961 
4461 807 806 
4462 42 42 
4463 441 441 
4464 651 649 
4465 426 425 
4466 720 718 
4467 480 480 
4468 414 412 
4469 888 887 
4470 231 229 
4471 447 446 
4472 399 397 
4473 300 298 
4474 963 963 
4475 633 632 
4476 468 468 
4477 546 544 
4478 507 506 
4479 285 285 
4480 900 898 
4481 753 752 
4482 987 987 
4483 141 140 
4484 498 498 
4485 342 341 
4486 612 611 
4487 156 154 
4488 924 922 
4489 906 905 
4490 855 855 
4491 579 577 
4492 87 87 
4493 93 91 
4494 825 823 
4495 579 578 
4496 525 524 
4497 705 705 
4498 471 470 
4499 627 627 
4500 957 955 
4501 624 622 
4502 9 7 
4503 786 785 
4504 267 265 
4505 300 300 
4506 210 209 
4507 711 711 
4508 432 430 
4509 60 59 
4510 702 700 
4511 102 100 
4512 627 626 
4513 762 760 
4514 51 50 
4515 243 241 
4516 522 521 
4517 504 502 
4518 720 718 
4519 960 960 
4520 216 215 
4521 912 912 
4522 465 463 
4523 279 278 
4524 45 45 
4525 669 668 
4526 15 14 
4527 201 201 
4528 555 553 
4529 771 769 
4530 684 683 
4531 930 929 
4532 513 513 
4533 75 73 
4534 372 371 
4535 36 34 
4536 3 1 
4537 480 479 
4538 390 388 
4539 498 497 
4540 177 175 
4541 387 386 
4542 735 735 
4543 90 90 
4544 399 397 
4545 816 816 
4546 750 749 
4547 48 48 
4548 273 271 
4549 948 947 
4550 978 978 
4551 516 516 
4552 90 88 
4553 489 487 
4554 711 709 
4555 846 844 
4556 243 241 
4557 315 313 
4558 279 277 
4559 150 150 
4560 906 906 
4561 867 865 
4562 93 93 
4563 306 305 
4564 15 14 
4565 705 704 
4566 9 8 
4567 660 658 
4568 261 259 
4569 75 74 
4570 189 189 
4571 285 284 
4572 231 231 
4573 390 389 
4574 99 99 
4575 6 6 
4576 708 708 
4577 561 560 
4578 264 262 
4579 810 809 
4580 228 228 
4581 540 540 
4582 114 112 
4583 663 663 
4584 606 604 
4585 774 774 
4586 72 72 
4587 126 125 
4588 591 589 
4589 642 642 
4590 495 494 
4591 810 809 
4592 822 822 
4593 945 945 
4594 198 196 
4595 948 947 
4596 324 323 
4597 405 403 
4598 240 238 
4599 297 296 
4600 378 377 
4601 78 77 
4602 234 234 
4603 195 194 
4604 999 998 
4605 669 668 
4606 873 873 
4607 921 921 
4608 261 261 
4609 690 688 
4610 117 115 
4611 318 316 
4612 777 776 
4613 684 682 
4614 918 918 
4615 120 120 
4616 540 540 
4617 774 773 
4618 744 744 
4619 159 159 
4620 90 88 
4621 690 688 
4622 825 824 
4623 570 570 
4624 438 437 
4625 987 985 
4626 96 96 
4627 240 240 
4628 432 430 
4629 84 83 
4630 54 53 
4631 660 659 
4632 339 337 
4633 522 521 
4634 189 189 
4635 468 466 
4636 141 141 
4637 297 296 
4638 489 487 
4639 570 569 
4640 546 546 
4641 210 208 
4642 255 254 
4643 282 282 
4644 204 203 
4645 12 11 
4646 888 886 
4647 489 487 
4648 510 510 
4649 84 84 
4650 894 893 
4651 468 468 
4652 435 434 
4653 330 329 
4654 405 403 
4655 339 337 
4656 111 111 
4657 993 993 
4658 969 969 
4659 648 646 
4660 618 617 
4661 840 838 
4662 351 349 
4663 822 821 
4664 414 413 
4665 972 972 
4666 126 124 
4667 726 724 
4668 354 354 
4669 945 944 
4670 48 46 
4671 591 591 
4672 969 969 
4673 369 369 
4674 255 254 
4675 330 329 
4676 669 669 
4677 27 25 
4678 303 303 
4679 285 284 
4680 363 363 
4681 861 860 
4682 81 79 
4683 237 235 
4684 483 483 
4685 585 583 
4686 528 527 
4687 279 279 
4688 78 76 
4689 507 506 
4690 738 736 
4691 105 103 
4692 117 115 
4693 375 374 
4694 87 87 
4695 879 877 
4696 957 956 
4697 945 943 
4698 801 801 
4699 858 856 
4700 879 879 
4701 36 35 
4702 801 799 
4703 813 812 
4704 558 556 
4705 147 145 
4706 156 155 
4707 900 899 
4708 681 679 
4709 252 251 
4710 153 153 
4711 888 887 
4712 132 132 
4713 669 667 
4714 696 694 
4715 534 532 
4716 387 387 
4717 915 913 
4718 990 988 
4719 507 506 
4720 885 885 
4721 771 770 
4722 51 51 
4723 729 729 
4724 798 796 
4725 930 930 
4726 291 289 
4727 468 468 
4728 456 454 
4729 972 971 
4730 507 507 
4731 639 638 
4732 147 147 
4733 165 163 
4734 690 689 
4735 543 543 
4736 372 370 
4737 402 402 
4738 558 557 
4739 654 654 
4740 519 519 
4741 744 744 
4742 54 52 
4743 336 336 
4744 897 896 
4745 732 731 
4746 612 611 
4747 513 512 
4748 828 826 
4749 345 343 
4750 267 266 
4751 837 836 
4752 234 232 
4753 363 363 
4754 213 212 
4755 48 46 
4756 717 716 
4757 882 882 
4758 141 141 
4759 264 264 
4760 318 316 
4761 201 199 
4762 810 810 
4763 552 550 
4764 120 118 
4765 63 63 
4766 300 300 
4767 153 151 
4768 924 923 
4769 444 443 
4770 573 572 
4771 324 324 
4772 969 967 
4773 684 683 
4774 858 856 
4775 447 447 
4776 615 614 
4777 861 859 
4778 36 36 
4779 213 213 
4780 27 25 
4781 945 945 
4782 450 450 
4783 462 460 
4784 639 639 
4785 549 548 
4786 507 506 
4787 213 213 
4788 924 923 
4789 606 606 
4790 459 457 
4791 666 666 
4792 636 636 
4793 819 819 
4794 576 574 
4795 522 521 
4796 402 400 
4797 393 391 
4798 936 936 
4799 726 726 
4800 777 775 
4801 996 995 
4802 450 449 
4803 174 172 
4804 846 846 
4805 90 89 
4806 942 941 
4807 501 501 
4808 816 816 
4809 564 563 
4810 636 635 
4811 231 229 
4812 807 806 
4813 537 535 
4814 546 546 
4815 531 530 
4816 690 688 
4817 477 477 
4818 999 997 
4819 774 774 
4820 123 122 
4821 495 494 
4822 255 255 
4823 819 819 
4824 807 807 
4825 648 647 
4826 945 943 
4827 567 565 
4828 171 169 
4829 339 339 
4830 741 741 
4831 228 227 
4832 231 230 
4833 348 348 
4834 402 402 
4835 720 718 
4836 852 852 
4837 309 307 
4838 582 580 
4839 360 360 
4840 495 493 
4841 516 515 
4842 24 23 
4843 687 686 
4844 381 379 
4845 465 465 
4846 990 988 
4847 246 246 
4848 645 645 
4849 318 318 
4850 462 461 
4851 963 961 
4852 63 63 
4853 939 939 
4854 48 46 
4855 369 369 
4856 222 222 
4857 36 35 
4858 72 70 
4859 117 116 
4860 705 705 
4861 237 236 
4862 252 251 
4863 975 975 
4864 297 297 
4865 807 806 
4866 306 305 
4867 795 795 
4868 402 401 
4869 795 793 
4870 285 283 
4871 915 914 
4872 783 782 
4873 27 27 
4874 954 952 
4875 498 498 
4876 681 679 
4877 312 312 
4878 63 63 
4879 321 320 
4880 405 405 
4881 873 871 
4882 234 234 
4883 672 670 
4884 390 388 
4885 933 931 
4886 288 286 
4887 72 70 
4888 297 296 
4889 159 159 
4890 738 737 
4891 318 317 
4892 138 136 
4893 930 928 
4894 339 339 
4895 273 272 
4896 264 262 
4897 297 295 
4898 750 749 
4899 921 921 
4900 870 869 
4901 468 468 
4902 468 468 
4903 147 146 
4904 273 273 
4905 909 907 
4906 279 278 
4907 1002 1000 
4908 924 922 
4909 492 490 
4910 837 835 
4911 891 889 
4912 696 696 
4913 690 688 
4914 381 381 
4915 351 350 
4916 729 728 
4917 930 928 
4918 792 792 
4919 363 361 
4920 54 53 
4921 573 571 
4922 507 506 
4923 696 695 
4924 207 207 
4925 618 617 
4926 939 939 
4927 129 127 
4928 183 183 
4929 354 352 
4930 264 262 
4931 651 649 
4932 618 616 
4933 36 35 
4934 624 622 
4935 162 160 
4936 168 167 
4937 894 892 
4938 81 81 
4939 840 840 
4940 420 420 
4941 9 9 
4942 216 216 
4943 855 855 
4944 504 502 
4945 459 458 
4946 12 12 
4947 633 631 
4948 483 482 
4949 456 456 
4950 771 770 
4951 795 794 
4952 567 565 
4953 609 608 
4954 456 455 
4955 639 637 
4956 492 492 
4957 654 654 
4958 879 877 
4959 645 645 
4960 285 283 
4961 852 850 
4962 141 140 
4963 117 116 
4964 756 754 
4965 399 397 
4966 441 441 
4967 132 132 
4968 171 169 
4969 84 84 
4970 51 49 
4971 90 90 
4972 663 661 
4973 669 668 
4974 654 654 
4975 222 220 
4976 90 88 
4977 597 596 
4978 930 929 
4979 156 155 
4980 453 452 
4981 918 917 
4982 597 597 
4983 441 441 
4984 474 472 
4985 117 116 
4986 675 674 
4987 6 4 
4988 642 641 
4989 312 311 
4990 9 8 
4991 219 217 
4992 210 210 
4993 861 859 
4994 840 839 
4995 507 505 
4996 942 940 
4997 621 620 
4998 765 765 
4999 48 46 
5000 759 758 
