npieces: 1000
capacity: 284736418
1 723135 623688 
2 130089 30028 
3 839204 739066 
4 1048534 949499 
5 344446 245428 
6 568859 469098 
7 979149 880021 
8 160613 60508 
9 950568 851101 
10 115635 14666 
11 213409 112444 
12 905129 804155 
13 457573 358196 
14 318889 219580 
15 459823 359085 
16 459833 358909 
17 280632 179861 
18 275619 175560 
19 562457 462065 
20 158065 58270 
21 366455 266181 
22 684890 584368 
23 509492 410204 
24 996388 896119 
25 448846 348853 
26 937524 838064 
27 872138 771594 
28 607709 507640 
29 941105 840126 
30 487878 388479 
31 922311 821922 
32 630228 530796 
33 846826 746276 
34 545357 444877 
35 156104 56916 
36 242320 142393 
37 961752 862228 
38 557776 457349 
39 559879 459292 
40 337615 237087 
41 263581 162599 
42 1019323 919882 
43 535161 435262 
44 919851 819318 
45 363878 263263 
46 889635 788987 
47 750919 651914 
48 792873 693298 
49 505643 404775 
50 1021042 920304 
51 195105 94487 
52 493333 392480 
53 233086 132885 
54 320612 220220 
55 262300 162121 
56 516513 417000 
57 104362 4329 
58 962404 862571 
59 966738 865868 
60 474228 374282 
61 587833 487885 
62 659118 558467 
63 583459 483160 
64 312534 212323 
65 281201 181396 
66 742048 641668 
67 303668 203629 
68 301769 200807 
69 630527 530172 
70 917728 818282 
71 162253 62294 
72 828806 729638 
73 1073899 973742 
74 673536 573095 
75 182207 81768 
76 819633 719177 
77 416945 317307 
78 604434 504875 
79 301615 202113 
80 1032304 932627 
81 117139 16414 
82 129646 29726 
83 969912 869579 
84 943916 843426 
85 476914 377662 
86 197231 96738 
87 716322 617080 
88 1081593 982060 
89 142093 41130 
90 882504 782867 
91 956173 856517 
92 158009 58565 
93 976318 876381 
94 642017 542216 
95 116439 16504 
96 885361 785685 
97 972812 871929 
98 460659 359761 
99 428535 327716 
100 339101 239140 
101 190060 89677 
102 345696 245752 
103 689035 589410 
104 434253 334544 
105 958379 858833 
106 333066 234050 
107 251559 151703 
108 237650 138387 
109 144541 44903 
110 939549 838829 
111 382206 282291 
112 269997 169791 
113 654768 555289 
114 355864 256113 
115 426814 327213 
116 1044810 945411 
117 129227 28895 
118 445409 345601 
119 554933 454345 
120 301941 201893 
121 521870 421080 
122 210981 110537 
123 553862 454100 
124 147641 47943 
125 755009 655053 
126 1037183 936687 
127 414887 314084 
128 938243 837284 
129 845830 745459 
130 368952 269587 
131 253242 153562 
132 782961 682065 
133 550116 449831 
134 402875 302800 
135 407723 307105 
136 280272 179966 
137 669012 568753 
138 170406 69883 
139 244398 144494 
140 775250 675316 
141 654951 554435 
142 233141 132577 
143 504812 404543 
144 333193 233879 
145 834362 735225 
146 124597 24842 
147 589207 488286 
148 675542 575587 
149 214163 113433 
150 952749 853626 
151 336001 236509 
152 682524 582641 
153 729346 629970 
154 620499 519916 
155 159073 58266 
156 600145 499568 
157 468479 367742 
158 511115 412055 
159 926616 827258 
160 411684 312429 
161 378365 278241 
162 484587 385259 
163 529012 429422 
164 645411 545678 
165 603817 503913 
166 123337 24018 
167 168816 69171 
168 202820 102096 
169 815925 716270 
170 596373 496305 
171 275340 175755 
172 718435 618126 
173 511881 411441 
174 581669 481766 
175 600322 499527 
176 865839 766075 
177 349169 250014 
178 737780 638729 
179 129690 29054 
180 447928 346980 
181 268627 167627 
182 175294 75117 
183 326748 226260 
184 1048568 948720 
185 542809 442041 
186 433982 333853 
187 119964 20726 
188 694516 594593 
189 184234 85072 
190 1068987 968993 
191 858963 759450 
192 901817 801235 
193 964935 864676 
194 964967 864440 
195 411917 311745 
196 304271 204026 
197 335508 235956 
198 1070650 970590 
199 117122 16439 
200 829332 728805 
201 883745 783207 
202 456483 356997 
203 838434 737679 
204 125948 25407 
205 932961 833807 
206 270800 170525 
207 870196 770216 
208 331104 231882 
209 870484 771111 
210 322788 222477 
211 460058 359084 
212 750638 650404 
213 137332 37527 
214 848821 747833 
215 462425 361486 
216 353253 252803 
217 655503 555372 
218 1013142 913084 
219 878186 779145 
220 444805 345146 
221 1040203 940450 
222 553331 452397 
223 974715 875173 
224 344719 244468 
225 190468 90396 
226 426665 326300 
227 137678 38643 
228 1094042 993845 
229 928745 829031 
230 641993 541779 
231 607238 507149 
232 664877 565022 
233 967982 867709 
234 557334 457558 
235 821778 722777 
236 196918 95976 
237 120058 19517 
238 912957 813413 
239 327592 227269 
240 904959 804261 
241 1047990 947061 
242 802529 701559 
243 637444 537417 
244 988337 887427 
245 296952 197146 
246 998348 898111 
247 398088 297514 
248 970722 871178 
249 329202 229004 
250 983600 883816 
251 994535 894643 
252 757581 657755 
253 989916 889813 
254 1036506 936026 
255 533830 434683 
256 1061221 961265 
257 976732 876264 
258 395083 295092 
259 737968 637795 
260 757654 657505 
261 196300 95395 
262 356140 255441 
263 337574 238359 
264 917498 818203 
265 181391 80399 
266 585802 486726 
267 575617 475146 
268 190107 89448 
269 151887 50973 
270 114934 15455 
271 418008 317308 
272 668445 568619 
273 824307 724776 
274 1072086 972135 
275 1093894 994229 
276 255412 156002 
277 1004444 904951 
278 430955 331358 
279 838121 738505 
280 190092 90148 
281 726647 627449 
282 304384 203522 
283 510470 411155 
284 1015624 914851 
285 605830 505800 
286 627278 527113 
287 845517 744827 
288 680598 580457 
289 109082 9641 
290 327119 227235 
291 925248 825394 
292 371975 271324 
293 911063 810248 
294 1032102 932154 
295 305181 205555 
296 358115 258235 
297 616837 517118 
298 941764 841202 
299 525180 425218 
300 1055166 954208 
301 934108 833740 
302 387870 288619 
303 202921 101998 
304 280355 180477 
305 191708 90783 
306 753906 654460 
307 904244 803279 
308 324818 225249 
309 716410 616780 
310 1028715 928055 
311 222939 123402 
312 727602 626866 
313 816068 715986 
314 811428 712106 
315 250522 151114 
316 880900 780018 
317 129056 28381 
318 1075969 976473 
319 967719 868230 
320 492393 391869 
321 614239 513854 
322 960053 860231 
323 489822 390464 
324 464968 364934 
325 467398 367349 
326 653524 554027 
327 279722 180354 
328 885130 784735 
329 464429 364202 
330 356060 255997 
331 630785 530016 
332 1057568 957103 
333 555799 455277 
334 520749 420968 
335 342601 242618 
336 912759 812283 
337 168087 68923 
338 104604 4631 
339 762655 661752 
340 193445 93728 
341 1049882 949561 
342 426183 327018 
343 347952 248206 
344 605714 504724 
345 930766 830648 
346 555122 455871 
347 400036 300280 
348 654674 554026 
349 450898 351793 
350 905851 806699 
351 500101 399612 
352 1087120 986764 
353 570923 470344 
354 950668 850752 
355 1000229 901036 
356 724304 624129 
357 1020963 920011 
358 905287 805127 
359 544291 444643 
360 128947 28774 
361 779293 678450 
362 471835 371077 
363 233584 133381 
364 637665 536886 
365 835543 734686 
366 816517 716727 
367 954932 855553 
368 685426 585604 
369 917404 817883 
370 478028 377111 
371 939460 839120 
372 741043 640638 
373 518269 417824 
374 611430 512278 
375 277396 177396 
376 253466 152489 
377 930812 831691 
378 1015896 915106 
379 1094583 994300 
380 337417 238249 
381 499609 398759 
382 731520 631391 
383 533815 433148 
384 385508 285559 
385 230233 129959 
386 514910 414447 
387 963383 862999 
388 400372 301098 
389 846404 745834 
390 805424 704812 
391 110422 10103 
392 277511 178353 
393 784247 685175 
394 784631 685290 
395 698322 598992 
396 358203 257493 
397 456765 355968 
398 174593 74552 
399 888567 787746 
400 358867 259769 
401 404632 305312 
402 1044536 943709 
403 1031223 931510 
404 928097 827803 
405 624041 524766 
406 821548 721820 
407 807141 706142 
408 218958 119634 
409 1031801 931754 
410 751466 651634 
411 228615 129015 
412 150440 50767 
413 917159 816541 
414 542465 443413 
415 180434 80615 
416 634268 534558 
417 1028486 927867 
418 837859 738548 
419 783693 684448 
420 242046 142756 
421 680701 580465 
422 858848 759163 
423 161905 61469 
424 421436 321952 
425 432877 332696 
426 900258 799437 
427 1045511 945122 
428 953813 854252 
429 324062 225010 
430 1003293 904010 
431 346819 246719 
432 473303 373178 
433 730892 630826 
434 964405 865225 
435 169435 68747 
436 904359 805273 
437 921505 822358 
438 360166 259932 
439 1015217 915434 
440 533760 433647 
441 690709 591158 
442 344982 245520 
443 788817 688840 
444 428743 329726 
445 708721 609331 
446 455922 355820 
447 862968 762333 
448 176156 75489 
449 985715 885731 
450 463338 363503 
451 1095397 994601 
452 609602 510093 
453 470655 371329 
454 631875 532371 
455 502065 401526 
456 664101 564882 
457 948292 848567 
458 761883 661070 
459 385737 284891 
460 1060726 961690 
461 347463 246549 
462 693220 592846 
463 818864 719733 
464 872192 771878 
465 189716 89112 
466 433678 334010 
467 576351 475950 
468 856766 757014 
469 844519 744230 
470 830203 729525 
471 992244 892472 
472 1091700 991775 
473 253327 153294 
474 816698 717148 
475 464548 364304 
476 407371 307603 
477 126771 27083 
478 634264 533828 
479 920440 819965 
480 151422 51359 
481 984559 884799 
482 404213 304703 
483 514783 415375 
484 181097 81030 
485 354495 255097 
486 1024969 925525 
487 350855 250658 
488 116369 16552 
489 169484 68593 
490 100546 333 
491 722019 621083 
492 1034679 934271 
493 653740 553801 
494 199096 99875 
495 1092972 992807 
496 461892 361886 
497 687629 587595 
498 489627 389329 
499 940316 840640 
500 267044 166578 
501 991964 891247 
502 652610 553608 
503 258953 158441 
504 374787 274627 
505 966691 867283 
506 305592 205749 
507 140689 40495 
508 790121 690993 
509 654076 554179 
510 260545 161215 
511 780556 680104 
512 534158 434168 
513 426160 326256 
514 825888 724996 
515 270626 171189 
516 877097 777006 
517 669199 569594 
518 590095 489825 
519 951861 851905 
520 362634 263106 
521 769515 669481 
522 998173 898345 
523 677335 577280 
524 317114 217916 
525 577757 478189 
526 231062 131370 
527 330751 229939 
528 609487 510402 
529 585056 484067 
530 866161 767149 
531 715979 616161 
532 217021 117198 
533 288494 187984 
534 1049519 949429 
535 551755 450845 
536 997956 897978 
537 462355 363301 
538 716419 616956 
539 804872 705476 
540 825569 725750 
541 1090447 991035 
542 795368 695866 
543 825677 725245 
544 1023071 923534 
545 245441 146134 
546 413791 314592 
547 119713 20601 
548 725890 625894 
549 255586 154852 
550 645510 545302 
551 661734 561394 
552 229745 129215 
553 921126 821437 
554 1065367 964867 
555 1034688 934509 
556 176552 76081 
557 588809 488098 
558 707258 606595 
559 316862 217594 
560 156948 56305 
561 976962 876991 
562 556344 457327 
563 328768 228720 
564 752784 652106 
565 879348 779306 
566 774993 675419 
567 156183 56627 
568 749799 649957 
569 548784 449763 
570 175287 75857 
571 812297 713264 
572 650848 551299 
573 251640 151892 
574 162235 61656 
575 750362 650141 
576 462488 363391 
577 768761 668433 
578 773635 672689 
579 256248 156987 
580 596671 495822 
581 109005 8726 
582 720586 621397 
583 778765 678869 
584 862388 761728 
585 713347 613581 
586 166586 66746 
587 269744 169600 
588 189359 88638 
589 582314 482183 
590 512636 412493 
591 899222 800219 
592 422315 322379 
593 187610 86848 
594 944785 844279 
595 223498 122638 
596 948846 849157 
597 160068 59485 
598 912410 812570 
599 370548 270924 
600 302362 202916 
601 848802 748718 
602 932562 832723 
603 534655 434066 
604 1074913 974903 
605 402274 302702 
606 746562 645815 
607 659148 558248 
608 417433 317035 
609 1075377 976320 
610 1079016 978263 
611 1080996 980124 
612 800237 699909 
613 1010798 911537 
614 548245 448318 
615 380926 279948 
616 815042 715044 
617 1065188 964731 
618 477801 378223 
619 768772 668250 
620 268117 168834 
621 503802 404541 
622 875022 774569 
623 417589 317495 
624 131088 31154 
625 240071 139205 
626 523889 424229 
627 227675 127450 
628 120567 21089 
629 893775 794248 
630 869740 769556 
631 571973 472008 
632 574464 474198 
633 400662 300262 
634 558381 457891 
635 326420 226380 
636 184383 84147 
637 603224 502633 
638 300270 199928 
639 225660 125309 
640 293646 192947 
641 1025716 925316 
642 697936 597171 
643 708470 607868 
644 572781 471916 
645 439943 339861 
646 723358 623088 
647 469686 370229 
648 459278 358348 
649 989392 888740 
650 369846 269442 
651 622454 521563 
652 969742 869406 
653 960970 861604 
654 337713 237047 
655 364912 265325 
656 1061450 960836 
657 768333 667759 
658 369055 269464 
659 860845 761334 
660 984212 884795 
661 958144 859020 
662 806953 707815 
663 519647 419974 
664 696016 596188 
665 556448 456106 
666 556548 456608 
667 993996 894459 
668 380199 279383 
669 431974 332836 
670 776630 677242 
671 1087384 986685 
672 177163 78007 
673 873572 772668 
674 594983 494757 
675 1005247 905915 
676 380042 280098 
677 384936 283937 
678 312529 211916 
679 977573 877616 
680 704418 604696 
681 665423 565355 
682 748180 647634 
683 1097442 997282 
684 626422 526897 
685 546442 446427 
686 744208 644758 
687 1058601 958559 
688 251311 152033 
689 624747 524766 
690 586637 487408 
691 571309 470847 
692 733675 634230 
693 268450 168200 
694 1035518 935667 
695 1043101 942695 
696 1020921 920789 
697 293942 193115 
698 404786 303851 
699 468795 369538 
700 244428 144386 
701 111760 12479 
702 426830 326430 
703 644816 544647 
704 802832 703254 
705 129749 30473 
706 718058 617485 
707 456664 355768 
708 242699 142793 
709 1036313 935990 
710 487795 386993 
711 197648 97310 
712 709172 609127 
713 382183 281966 
714 203193 103808 
715 728052 627216 
716 508240 407708 
717 229817 130115 
718 161655 61351 
719 647612 548266 
720 470444 370923 
721 525835 425905 
722 978472 877647 
723 194096 94424 
724 435890 335151 
725 189059 89822 
726 1078088 977113 
727 690301 590794 
728 479399 378466 
729 913463 814104 
730 320125 219236 
731 526452 425471 
732 836088 736981 
733 453960 352987 
734 887113 787076 
735 262695 162940 
736 537401 437170 
737 321518 222411 
738 663509 563722 
739 377578 277267 
740 751970 651390 
741 866369 765811 
742 224072 123520 
743 1009969 909599 
744 823429 723226 
745 1058626 958862 
746 579328 479403 
747 520198 420292 
748 211501 110591 
749 879072 778876 
750 977929 878537 
751 494290 393585 
752 544327 443327 
753 500892 400649 
754 363471 263634 
755 427039 327583 
756 356960 256201 
757 282286 182059 
758 872658 773177 
759 166080 65424 
760 259637 159139 
761 520585 421443 
762 592369 492714 
763 201384 101779 
764 236041 136111 
765 233067 132248 
766 509153 408907 
767 332106 232252 
768 126665 25960 
769 192876 93153 
770 774980 674493 
771 537885 438382 
772 577893 478692 
773 568189 467257 
774 678342 578329 
775 131752 32082 
776 101015 465 
777 285023 185642 
778 854653 754804 
779 177001 77343 
780 489439 389113 
781 453512 352677 
782 642192 541533 
783 855531 755410 
784 657206 557824 
785 697536 597190 
786 827682 728028 
787 1094308 993652 
788 555781 456418 
789 450257 349714 
790 1075622 976179 
791 649649 549657 
792 912925 813048 
793 556803 457785 
794 649592 550366 
795 809234 710173 
796 156072 56049 
797 374884 274326 
798 221163 121812 
799 658139 557542 
800 977776 877722 
801 108710 8812 
802 1061934 962437 
803 119420 19559 
804 341189 241817 
805 359614 259304 
806 308904 208603 
807 1046175 946585 
808 475951 376235 
809 620877 520995 
810 1007194 906875 
811 759238 658561 
812 978688 877739 
813 296704 196831 
814 984233 883779 
815 1075291 975470 
816 440777 341644 
817 639648 540039 
818 916411 817035 
819 319056 218105 
820 474235 374491 
821 939595 838897 
822 508443 409254 
823 1043478 943493 
824 321642 222528 
825 988808 888797 
826 507298 407456 
827 1067095 966718 
828 301338 200699 
829 1098369 998196 
830 695648 595006 
831 364273 263452 
832 545771 446440 
833 107118 6283 
834 626208 526147 
835 1098581 998046 
836 818995 719677 
837 739175 639775 
838 279260 179751 
839 476348 376849 
840 464992 365961 
841 919842 819993 
842 1090505 990239 
843 509177 409289 
844 206645 107061 
845 951211 851657 
846 177050 77850 
847 1077111 977252 
848 940653 840196 
849 744371 644077 
850 132999 33920 
851 607182 506508 
852 389118 288915 
853 686626 586280 
854 234224 135155 
855 1070566 969778 
856 511177 411995 
857 619127 518412 
858 190305 90511 
859 355568 256533 
860 1071769 972460 
861 355003 255635 
862 268807 169003 
863 475128 374395 
864 489290 388786 
865 518915 419167 
866 707337 606486 
867 437914 337717 
868 1040764 941362 
869 945788 846463 
870 457668 356765 
871 606659 506332 
872 153223 52362 
873 859894 759339 
874 418582 318401 
875 752391 652952 
876 652745 553462 
877 381908 282116 
878 910242 810115 
879 672751 572437 
880 1082814 981959 
881 346694 246679 
882 335179 236122 
883 695169 595277 
884 586531 485548 
885 637530 537369 
886 175015 75833 
887 185397 85635 
888 877311 777898 
889 981531 880681 
890 482018 381260 
891 157780 56836 
892 765691 666469 
893 205541 105426 
894 955210 854712 
895 1078472 978149 
896 725412 624535 
897 252444 152584 
898 940702 840864 
899 248039 147913 
900 278402 178133 
901 484658 385384 
902 587219 486620 
903 297349 197722 
904 141981 41743 
905 1038671 939194 
906 321070 221441 
907 590340 489485 
908 915330 814415 
909 915741 814832 
910 975741 875358 
911 869837 769057 
912 269206 169014 
913 512777 412646 
914 970445 870586 
915 404938 304157 
916 656731 557699 
917 805216 704865 
918 1053572 953881 
919 1011131 911958 
920 772999 673229 
921 913943 813202 
922 916289 817014 
923 945014 845352 
924 1021150 921286 
925 1025810 925778 
926 721387 621704 
927 648359 547770 
928 368462 267896 
929 699617 599973 
930 162363 61374 
931 230866 131453 
932 905482 806345 
933 432137 331833 
934 449351 349701 
935 1053342 952555 
936 292630 193080 
937 668701 568486 
938 134623 34366 
939 463823 364681 
940 1048587 949023 
941 242787 142253 
942 258546 158666 
943 500635 401511 
944 649751 549169 
945 710575 610042 
946 245932 145408 
947 294354 194204 
948 964867 864570 
949 362124 261475 
950 205533 104883 
951 437219 337612 
952 995151 895652 
953 740624 639848 
954 439241 339950 
955 496715 396004 
956 787718 687662 
957 1081444 981299 
958 591050 491961 
959 946169 847002 
960 1046911 946100 
961 693692 594327 
962 325056 225491 
963 553185 452591 
964 140428 41260 
965 1085981 986003 
966 817234 716727 
967 489335 388910 
968 900726 799780 
969 1023361 923022 
970 180158 80281 
971 642870 543148 
972 1044627 944199 
973 618534 517849 
974 1072178 971880 
975 181967 82440 
976 480796 381015 
977 938637 838706 
978 172465 72395 
979 197048 96681 
980 543161 442353 
981 407434 307389 
982 260238 160678 
983 340470 239813 
984 564963 464782 
985 1070005 969675 
986 590238 490260 
987 463980 363734 
988 488405 388350 
989 1090970 991700 
990 219880 119019 
991 675896 575780 
992 1056201 956204 
993 748589 648574 
994 703238 603197 
995 1092122 992256 
996 575809 476383 
997 1081561 981269 
998 923409 823763 
999 1043678 942852 
1000 159715 60596 
