npieces: 5000
capacity: 5921929
1 4057 3051 
2 10028 9031 
3 6596 5597 
4 5460 4470 
5 1222 215 
6 2553 1557 
7 4653 3656 
8 4862 3863 
9 1585 576 
10 4783 3781 
11 9390 8383 
12 9919 8918 
13 3403 2407 
14 4464 3463 
15 8702 7712 
16 3027 2024 
17 4663 3656 
18 10709 9715 
19 6577 5572 
20 6194 5193 
21 5675 4680 
22 4825 3819 
23 9812 8815 
24 10547 9554 
25 6394 5384 
26 8299 7307 
27 6798 5805 
28 3373 2371 
29 1077 81 
30 9385 8378 
31 5460 4469 
32 2724 1719 
33 1731 727 
34 2035 1032 
35 6221 5223 
36 3286 2292 
37 5754 4759 
38 6410 5408 
39 8655 7647 
40 4144 3146 
41 8664 7658 
42 6025 5029 
43 5772 4769 
44 2953 1953 
45 10612 9618 
46 3381 2374 
47 1167 173 
48 1209 205 
49 4191 3194 
50 6198 5195 
51 8639 7642 
52 2352 1355 
53 5327 4328 
54 9592 8599 
55 3866 2860 
56 8947 7939 
57 10665 9660 
58 7048 6054 
59 5861 4863 
60 7389 6389 
61 4633 3632 
62 5273 4270 
63 10976 9979 
64 7354 6350 
65 1548 551 
66 1057 47 
67 3039 2032 
68 10647 9650 
69 4623 3631 
70 6156 5157 
71 4251 3241 
72 3037 2033 
73 5084 4081 
74 5958 4962 
75 2626 1627 
76 2386 1380 
77 6906 5902 
78 3556 2550 
79 5125 4116 
80 7952 6942 
81 2953 1953 
82 9962 8969 
83 5004 3998 
84 10989 9997 
85 8180 7185 
86 6825 5821 
87 6723 5723 
88 6873 5879 
89 7923 6925 
90 7214 6206 
91 4104 3112 
92 5213 4208 
93 2757 1760 
94 6411 5411 
95 1458 459 
96 4621 3616 
97 10341 9340 
98 5349 4348 
99 7591 6599 
100 9934 8927 
101 7621 6624 
102 10952 9955 
103 4857 3861 
104 9581 8571 
105 3613 2612 
106 2348 1357 
107 8168 7178 
108 9965 8958 
109 9801 8794 
110 2762 1752 
111 6129 5126 
112 1380 378 
113 1724 732 
114 3227 2236 
115 9468 8464 
116 8061 7054 
117 2007 1010 
118 9820 8812 
119 2478 1468 
120 5688 4688 
121 4818 3819 
122 4723 3732 
123 4237 3239 
124 4098 3090 
125 6103 5104 
126 4184 3178 
127 2959 1959 
128 3465 2463 
129 5012 4022 
130 7935 6926 
131 1914 909 
132 8368 7372 
133 5905 4906 
134 5497 4491 
135 8133 7124 
136 6283 5289 
137 7251 6244 
138 6737 5734 
139 5741 4737 
140 3869 2863 
141 6173 5174 
142 6185 5180 
143 3867 2866 
144 7738 6738 
145 7358 6348 
146 7591 6581 
147 8655 7649 
148 3260 2254 
149 3034 2028 
150 10692 9685 
151 9435 8432 
152 3167 2172 
153 5593 4597 
154 4696 3703 
155 7082 6077 
156 1929 939 
157 3350 2353 
158 7619 6626 
159 8058 7053 
160 5388 4392 
161 3080 2084 
162 5459 4454 
163 6288 5281 
164 7356 6361 
165 3080 2076 
166 2353 1357 
167 8153 7158 
168 3741 2747 
169 6263 5265 
170 8253 7244 
171 6694 5694 
172 3002 2009 
173 2790 1780 
174 2945 1953 
175 3854 2858 
176 7110 6102 
177 1184 177 
178 8372 7380 
179 5471 4465 
180 7616 6607 
181 10615 9614 
182 4450 3448 
183 9694 8695 
184 5403 4411 
185 10263 9260 
186 7063 6056 
187 2809 1817 
188 3373 2364 
189 5394 4387 
190 4541 3548 
191 6794 5789 
192 6713 5710 
193 1913 919 
194 10851 9859 
195 1122 116 
196 9876 8869 
197 5244 4247 
198 8038 7033 
199 10589 9594 
200 1477 480 
201 9198 8202 
202 8604 7600 
203 7129 6130 
204 3095 2090 
205 7758 6754 
206 7023 6024 
207 4747 3755 
208 1175 165 
209 4028 3018 
210 1949 952 
211 2481 1487 
212 4493 3503 
213 6547 5546 
214 5105 4100 
215 9593 8593 
216 2148 1150 
217 4409 3407 
218 6911 5911 
219 6661 5660 
220 4890 3893 
221 6804 5813 
222 3322 2312 
223 1238 248 
224 8025 7023 
225 7457 6447 
226 3176 2167 
227 3895 2886 
228 4260 3264 
229 4862 3866 
230 3425 2430 
231 5758 4768 
232 5134 4137 
233 8072 7072 
234 10486 9489 
235 1690 684 
236 6388 5379 
237 3927 2928 
238 2784 1776 
239 5728 4728 
240 6381 5376 
241 2010 1000 
242 7282 6274 
243 5403 4412 
244 4437 3438 
245 4215 3213 
246 9681 8682 
247 6553 5549 
248 4996 3989 
249 10133 9135 
250 4866 3859 
251 8198 7206 
252 9222 8214 
253 4778 3768 
254 7511 6501 
255 5600 4606 
256 7356 6364 
257 10809 9819 
258 5546 4543 
259 5271 4278 
260 8195 7196 
261 7218 6214 
262 10764 9756 
263 10124 9130 
264 3842 2838 
265 9248 8258 
266 3385 2385 
267 5646 4637 
268 3244 2243 
269 8548 7552 
270 2356 1354 
271 10033 9023 
272 10695 9686 
273 5022 4027 
274 5765 4770 
275 7417 6424 
276 10645 9645 
277 1452 458 
278 8895 7897 
279 4111 3116 
280 10949 9951 
281 5819 4828 
282 5465 4461 
283 6221 5222 
284 3162 2158 
285 3090 2091 
286 7823 6820 
287 10624 9630 
288 7059 6052 
289 6034 5036 
290 9663 8670 
291 8142 7141 
292 4213 3207 
293 3216 2219 
294 6833 5829 
295 4915 3910 
296 1848 838 
297 7065 6065 
298 2021 1021 
299 4260 3253 
300 5526 4523 
301 3805 2799 
302 3895 2902 
303 6867 5873 
304 9459 8456 
305 3559 2562 
306 10250 9255 
307 1648 642 
308 6574 5580 
309 3493 2495 
310 4866 3874 
311 6971 5981 
312 1567 557 
313 9827 8821 
314 3014 2005 
315 4330 3325 
316 10115 9117 
317 5661 4656 
318 1268 260 
319 2868 1865 
320 9452 8456 
321 3055 2065 
322 6550 5554 
323 8164 7155 
324 3564 2561 
325 2377 1368 
326 10812 9814 
327 10183 9173 
328 3126 2122 
329 9950 8941 
330 2135 1144 
331 5734 4739 
332 7176 6170 
333 1973 976 
334 5310 4307 
335 1481 477 
336 4027 3030 
337 10794 9790 
338 9378 8386 
339 5549 4555 
340 4318 3323 
341 2990 1980 
342 4422 3429 
343 9594 8593 
344 5501 4511 
345 5674 4667 
346 8168 7178 
347 3103 2107 
348 7967 6965 
349 7897 6900 
350 7526 6534 
351 4608 3599 
352 5688 4679 
353 7278 6283 
354 4479 3483 
355 2721 1711 
356 3693 2684 
357 4650 3646 
358 9371 8370 
359 9898 8902 
360 10423 9425 
361 5844 4853 
362 7165 6160 
363 8769 7768 
364 4036 3041 
365 3379 2385 
366 7904 6914 
367 4144 3140 
368 9455 8463 
369 10273 9278 
370 10181 9186 
371 5287 4291 
372 4702 3705 
373 7472 6467 
374 10547 9537 
375 8526 7527 
376 8651 7652 
377 3037 2030 
378 8356 7357 
379 6691 5695 
380 2483 1476 
381 3738 2746 
382 3717 2714 
383 2990 1983 
384 2330 1330 
385 6178 5178 
386 5308 4314 
387 7066 6058 
388 5700 4693 
389 7026 6029 
390 6201 5207 
391 5178 4170 
392 2465 1468 
393 9521 8522 
394 3952 2949 
395 1849 851 
396 10834 9824 
397 3234 2227 
398 3844 2851 
399 2069 1077 
400 7631 6628 
401 9019 8019 
402 3366 2376 
403 2682 1689 
404 1176 182 
405 9523 8529 
406 9178 8183 
407 1995 993 
408 5755 4765 
409 5718 4717 
410 6108 5101 
411 4822 3818 
412 5182 4186 
413 4356 3360 
414 1537 544 
415 4659 3658 
416 8258 7257 
417 8851 7854 
418 1548 543 
419 3233 2243 
420 5436 4431 
421 3597 2596 
422 9061 8054 
423 6465 5456 
424 5755 4747 
425 10444 9435 
426 4054 3048 
427 8087 7093 
428 5350 4359 
429 1283 293 
430 5214 4213 
431 4023 3026 
432 6770 5765 
433 9630 8621 
434 2310 1316 
435 4225 3230 
436 2726 1732 
437 6873 5865 
438 2648 1655 
439 9424 8429 
440 5063 4058 
441 6155 5161 
442 2221 1211 
443 4010 3019 
444 4043 3049 
445 2420 1430 
446 2136 1143 
447 3855 2864 
448 5025 4028 
449 9965 8966 
450 7123 6122 
451 3484 2492 
452 2821 1816 
453 2089 1092 
454 7390 6398 
455 5003 3993 
456 7245 6237 
457 4603 3610 
458 5753 4745 
459 1797 798 
460 7522 6517 
461 9862 8872 
462 6874 5865 
463 10217 9224 
464 9122 8113 
465 1654 651 
466 1913 917 
467 1691 689 
468 5888 4897 
469 6129 5129 
470 9153 8160 
471 10132 9131 
472 1798 794 
473 6215 5217 
474 5094 4103 
475 9669 8659 
476 5936 4942 
477 4522 3518 
478 9613 8607 
479 8886 7888 
480 1835 842 
481 1050 50 
482 9065 8058 
483 5439 4434 
484 7408 6401 
485 7617 6620 
486 10324 9328 
487 10566 9557 
488 10715 9715 
489 9964 8964 
490 9926 8920 
491 4228 3230 
492 4273 3274 
493 3385 2380 
494 1087 94 
495 5202 4202 
496 3231 2233 
497 1872 878 
498 6699 5708 
499 9248 8243 
500 8561 7565 
501 3914 2914 
502 3347 2355 
503 4679 3676 
504 4595 3598 
505 7122 6118 
506 1101 96 
507 4355 3362 
508 7272 6268 
509 3512 2502 
510 4841 3834 
511 7545 6539 
512 4177 3187 
513 3572 2579 
514 6409 5407 
515 1080 88 
516 9553 8553 
517 8326 7325 
518 4334 3340 
519 4642 3636 
520 9396 8397 
521 5320 4316 
522 2084 1076 
523 3809 2803 
524 5941 4951 
525 4431 3440 
526 10339 9349 
527 5929 4934 
528 6170 5165 
529 1089 86 
530 6168 5160 
531 5950 4948 
532 3839 2841 
533 7822 6819 
534 4127 3136 
535 9020 8016 
536 9961 8965 
537 3858 2856 
538 10213 9207 
539 8312 7319 
540 8280 7281 
541 3699 2702 
542 5536 4533 
543 8934 7936 
544 3279 2281 
545 3869 2873 
546 8282 7291 
547 7419 6428 
548 2416 1425 
549 6309 5319 
550 4754 3761 
551 2742 1749 
552 10554 9562 
553 5682 4688 
554 2706 1710 
555 5433 4432 
556 9456 8460 
557 5332 4341 
558 1020 14 
559 10102 9101 
560 6619 5628 
561 2617 1618 
562 1741 746 
563 4657 3667 
564 9284 8293 
565 4781 3789 
566 7930 6934 
567 3134 2134 
568 4990 3984 
569 6948 5958 
570 4604 3612 
571 9441 8435 
572 8217 7214 
573 10567 9559 
574 9047 8051 
575 2688 1696 
576 10195 9194 
577 8918 7924 
578 2827 1820 
579 1791 782 
580 9428 8425 
581 8835 7833 
582 8094 7088 
583 3090 2088 
584 8136 7131 
585 2308 1312 
586 9410 8405 
587 1720 723 
588 1774 777 
589 3235 2234 
590 6203 5208 
591 5136 4126 
592 6296 5302 
593 2661 1651 
594 4090 3090 
595 6374 5377 
596 8996 8000 
597 5778 4768 
598 7395 6389 
599 3319 2319 
600 1778 783 
601 3283 2289 
602 8966 7966 
603 3689 2693 
604 5090 4082 
605 1223 225 
606 6094 5090 
607 5256 4251 
608 10761 9766 
609 9485 8483 
610 8826 7826 
611 6939 5935 
612 2598 1600 
613 5559 4564 
614 7130 6121 
615 10655 9663 
616 10872 9871 
617 5177 4174 
618 7132 6138 
619 5912 4909 
620 9610 8605 
621 6118 5120 
622 8546 7556 
623 9197 8202 
624 4857 3853 
625 10695 9688 
626 8325 7328 
627 7277 6269 
628 7341 6332 
629 8569 7563 
630 10126 9119 
631 10874 9883 
632 10317 9313 
633 8709 7705 
634 7985 6990 
635 3472 2479 
636 3580 2574 
637 2422 1420 
638 4406 3411 
639 3551 2560 
640 6969 5966 
641 7709 6711 
642 1068 78 
643 3760 2751 
644 8293 7287 
645 6106 5112 
646 4181 3179 
647 3176 2168 
648 3287 2279 
649 7533 6535 
650 10428 9437 
651 1225 222 
652 6437 5433 
653 4344 3335 
654 8467 7458 
655 4849 3856 
656 5728 4735 
657 10714 9714 
658 2959 1955 
659 4876 3881 
660 10104 9110 
661 1629 623 
662 1917 914 
663 1669 665 
664 10032 9031 
665 6085 5085 
666 10365 9371 
667 1522 526 
668 3847 2850 
669 2845 1847 
670 10723 9733 
671 3252 2256 
672 10917 9922 
673 3841 2847 
674 10182 9184 
675 10934 9934 
676 9069 8077 
677 6452 5444 
678 2528 1527 
679 10600 9603 
680 5480 4483 
681 7614 6606 
682 3612 2621 
683 5654 4645 
684 5901 4908 
685 5772 4782 
686 7858 6865 
687 7203 6210 
688 9400 8396 
689 1620 625 
690 7017 6011 
691 8775 7778 
692 6569 5569 
693 8718 7723 
694 6384 5390 
695 8339 7338 
696 10852 9856 
697 4404 3406 
698 9120 8118 
699 3901 2901 
700 4082 3085 
701 9226 8226 
702 7209 6201 
703 4180 3178 
704 7155 6161 
705 3923 2924 
706 2466 1464 
707 2986 1995 
708 5880 4884 
709 8158 7161 
710 10606 9596 
711 7553 6561 
712 7842 6834 
713 6648 5649 
714 2074 1083 
715 6756 5763 
716 7881 6887 
717 2775 1766 
718 6603 5602 
719 8558 7549 
720 1848 854 
721 9398 8388 
722 3586 2586 
723 7705 6699 
724 4102 3098 
725 10931 9921 
726 5551 4548 
727 10927 9917 
728 1264 269 
729 2243 1243 
730 4584 3583 
731 2943 1938 
732 9217 8208 
733 4173 3182 
734 6871 5871 
735 10346 9343 
736 10354 9357 
737 1900 910 
738 1557 549 
739 6427 5430 
740 5386 4377 
741 10426 9430 
742 7932 6939 
743 9120 8130 
744 8983 7989 
745 5301 4305 
746 1653 646 
747 4692 3687 
748 8228 7226 
749 1760 751 
750 9860 8852 
751 8279 7284 
752 5128 4122 
753 3762 2764 
754 1391 397 
755 2870 1874 
756 7566 6564 
757 8478 7470 
758 5699 4708 
759 9953 8947 
760 9205 8206 
761 3140 2134 
762 7451 6453 
763 8408 7398 
764 7970 6970 
765 6803 5803 
766 5655 4646 
767 10012 9007 
768 2905 1907 
769 2770 1764 
770 4679 3672 
771 5869 4865 
772 9295 8287 
773 6483 5484 
774 3034 2036 
775 9592 8597 
776 7732 6732 
777 7047 6045 
778 6127 5135 
779 7780 6786 
780 7603 6596 
781 1200 200 
782 9958 8952 
783 4887 3877 
784 10315 9323 
785 9579 8585 
786 5672 4663 
787 7929 6935 
788 7643 6637 
789 5557 4549 
790 7197 6190 
791 3300 2300 
792 5635 4627 
793 1839 844 
794 4554 3545 
795 1409 416 
796 8107 7100 
797 5058 4057 
798 3233 2239 
799 8403 7401 
800 9106 8101 
801 1933 943 
802 6098 5088 
803 7466 6458 
804 10017 9012 
805 1034 27 
806 4713 3718 
807 1930 940 
808 10175 9174 
809 9969 8966 
810 4099 3094 
811 8386 7380 
812 1213 214 
813 10323 9330 
814 9227 8222 
815 6687 5681 
816 8175 7175 
817 5300 4298 
818 5158 4150 
819 1360 364 
820 8296 7286 
821 1302 292 
822 2079 1073 
823 10362 9368 
824 4535 3531 
825 5207 4208 
826 5516 4507 
827 1936 945 
828 5192 4198 
829 2767 1767 
830 9624 8633 
831 7742 6735 
832 9122 8115 
833 7580 6574 
834 5181 4190 
835 2417 1409 
836 5388 4392 
837 4904 3906 
838 3684 2690 
839 2946 1940 
840 3407 2404 
841 6658 5660 
842 3592 2586 
843 6651 5644 
844 5840 4832 
845 7018 6012 
846 4652 3653 
847 8392 7399 
848 9342 8335 
849 5119 4128 
850 8393 7387 
851 1731 735 
852 6932 5934 
853 8107 7099 
854 7454 6462 
855 9744 8741 
856 8357 7350 
857 3854 2863 
858 10316 9306 
859 9933 8936 
860 4169 3175 
861 5614 4614 
862 1526 518 
863 2704 1694 
864 5810 4813 
865 2600 1602 
866 3515 2513 
867 3962 2952 
868 6159 5149 
869 5297 4290 
870 9289 8296 
871 4496 3503 
872 4519 3509 
873 3245 2238 
874 6150 5148 
875 3538 2539 
876 5873 4881 
877 4701 3703 
878 5152 4142 
879 5641 4632 
880 3059 2066 
881 10377 9386 
882 6319 5317 
883 2110 1120 
884 4721 3719 
885 4492 3500 
886 3298 2308 
887 3339 2342 
888 4257 3253 
889 2092 1084 
890 5999 4999 
891 4726 3735 
892 8215 7216 
893 7239 6229 
894 5981 4979 
895 2266 1272 
896 8819 7810 
897 6078 5083 
898 1973 971 
899 4426 3436 
900 2467 1472 
901 3917 2923 
902 7465 6455 
903 2348 1357 
904 10516 9514 
905 4672 3677 
906 5306 4300 
907 7489 6480 
908 4985 3994 
909 6628 5635 
910 2603 1593 
911 3038 2036 
912 6704 5697 
913 3465 2457 
914 7499 6501 
915 1629 624 
916 10238 9230 
917 5266 4276 
918 1138 148 
919 8760 7753 
920 6899 5896 
921 10535 9525 
922 9687 8689 
923 1598 603 
924 8396 7393 
925 3377 2373 
926 3351 2355 
927 6142 5149 
928 4860 3859 
929 5389 4392 
930 5210 4217 
931 9693 8688 
932 5993 4996 
933 9121 8124 
934 10209 9200 
935 9187 8190 
936 5710 4707 
937 2017 1017 
938 4076 3081 
939 5435 4444 
940 10332 9322 
941 10102 9104 
942 5559 4565 
943 9867 8874 
944 1516 524 
945 8108 7101 
946 6249 5243 
947 4313 3311 
948 5255 4245 
949 9800 8806 
950 8222 7214 
951 5983 4991 
952 8303 7311 
953 10571 9579 
954 5242 4233 
955 9295 8295 
956 3513 2505 
957 2550 1558 
958 5454 4452 
959 1986 989 
960 1033 31 
961 2857 1866 
962 2338 1342 
963 6964 5970 
964 4567 3559 
965 10466 9462 
966 2608 1602 
967 6116 5121 
968 4208 3215 
969 2233 1233 
970 6332 5332 
971 10515 9519 
972 4947 3938 
973 6125 5132 
974 8427 7427 
975 5410 4411 
976 5027 4034 
977 1744 741 
978 3254 2262 
979 1745 748 
980 3950 2940 
981 10367 9360 
982 7986 6993 
983 8970 7960 
984 6124 5129 
985 7054 6062 
986 2616 1615 
987 3941 2937 
988 6115 5113 
989 5698 4695 
990 5631 4630 
991 10950 9943 
992 10585 9575 
993 5365 4369 
994 6829 5832 
995 1171 163 
996 3305 2298 
997 3389 2392 
998 9670 8670 
999 1320 311 
1000 6448 5455 
1001 10906 9910 
1002 5106 4109 
1003 9420 8424 
1004 7627 6626 
1005 6395 5402 
1006 7890 6898 
1007 6287 5286 
1008 4995 3988 
1009 3006 2002 
1010 1992 999 
1011 10920 9928 
1012 5860 4851 
1013 8619 7619 
1014 8064 7054 
1015 4043 3043 
1016 5292 4295 
1017 7226 6221 
1018 9178 8178 
1019 10180 9186 
1020 8660 7664 
1021 9499 8489 
1022 7094 6091 
1023 8542 7532 
1024 3322 2331 
1025 5450 4460 
1026 5437 4440 
1027 3603 2610 
1028 2992 1996 
1029 7649 6643 
1030 4153 3156 
1031 10429 9423 
1032 9884 8883 
1033 7589 6583 
1034 1192 195 
1035 4591 3592 
1036 8990 7993 
1037 8392 7384 
1038 10244 9251 
1039 1024 28 
1040 2525 1521 
1041 7587 6579 
1042 1109 110 
1043 4981 3987 
1044 7854 6857 
1045 8512 7502 
1046 4182 3188 
1047 9732 8736 
1048 4471 3464 
1049 8764 7768 
1050 8116 7123 
1051 9648 8641 
1052 3246 2239 
1053 8718 7724 
1054 6534 5536 
1055 8330 7323 
1056 10697 9706 
1057 4557 3548 
1058 6201 5197 
1059 6475 5472 
1060 1228 238 
1061 6374 5383 
1062 4333 3331 
1063 2590 1594 
1064 6332 5322 
1065 9297 8293 
1066 6177 5174 
1067 1627 623 
1068 6598 5608 
1069 8696 7687 
1070 10616 9622 
1071 10075 9069 
1072 4401 3402 
1073 6781 5786 
1074 5299 4298 
1075 8488 7484 
1076 8967 7967 
1077 8145 7154 
1078 2768 1764 
1079 7057 6065 
1080 5903 4893 
1081 8958 7953 
1082 3312 2321 
1083 7474 6471 
1084 3968 2966 
1085 5127 4127 
1086 8881 7880 
1087 6534 5525 
1088 1570 565 
1089 5062 4064 
1090 3831 2824 
1091 5277 4285 
1092 5292 4288 
1093 5493 4483 
1094 4557 3564 
1095 9066 8072 
1096 7367 6373 
1097 1391 400 
1098 3576 2584 
1099 8716 7724 
1100 10233 9230 
1101 6364 5367 
1102 10281 9274 
1103 8551 7560 
1104 9846 8847 
1105 2406 1412 
1106 6941 5932 
1107 5363 4356 
1108 5879 4884 
1109 8254 7247 
1110 3987 2990 
1111 10086 9092 
1112 10017 9014 
1113 7121 6118 
1114 3291 2286 
1115 2660 1651 
1116 4119 3124 
1117 7965 6963 
1118 8138 7137 
1119 5605 4602 
1120 7147 6140 
1121 2616 1610 
1122 3084 2089 
1123 9596 8600 
1124 6816 5825 
1125 5455 4456 
1126 2211 1214 
1127 2760 1768 
1128 6140 5139 
1129 5663 4663 
1130 10155 9159 
1131 1403 400 
1132 9725 8716 
1133 6205 5207 
1134 7601 6608 
1135 9029 8030 
1136 5416 4415 
1137 5334 4340 
1138 6801 5811 
1139 7788 6779 
1140 3264 2265 
1141 1206 196 
1142 7029 6033 
1143 10054 9049 
1144 4445 3442 
1145 5591 4599 
1146 8753 7751 
1147 10053 9062 
1148 8491 7498 
1149 6341 5351 
1150 6659 5660 
1151 10684 9689 
1152 2382 1390 
1153 3606 2599 
1154 8750 7743 
1155 1026 18 
1156 8538 7538 
1157 7945 6950 
1158 7205 6202 
1159 3322 2315 
1160 2695 1702 
1161 9241 8235 
1162 7059 6051 
1163 10072 9067 
1164 7474 6482 
1165 2086 1095 
1166 6441 5432 
1167 6031 5023 
1168 4589 3595 
1169 4926 3928 
1170 3150 2144 
1171 5125 4128 
1172 2997 1998 
1173 8583 7586 
1174 2269 1278 
1175 4844 3842 
1176 5777 4786 
1177 10465 9461 
1178 10223 9231 
1179 7960 6960 
1180 2303 1304 
1181 10870 9868 
1182 6092 5096 
1183 8674 7683 
1184 1925 924 
1185 4780 3770 
1186 3538 2539 
1187 5640 4650 
1188 6080 5090 
1189 9506 8508 
1190 1673 672 
1191 3844 2849 
1192 4956 3963 
1193 9160 8155 
1194 1949 958 
1195 1151 156 
1196 5531 4528 
1197 4830 3833 
1198 7840 6849 
1199 5164 4170 
1200 8168 7171 
1201 4864 3857 
1202 2246 1251 
1203 1840 836 
1204 3453 2450 
1205 9497 8504 
1206 2860 1861 
1207 5938 4940 
1208 8718 7717 
1209 10559 9568 
1210 1075 68 
1211 5547 4545 
1212 6314 5309 
1213 4980 3986 
1214 6565 5558 
1215 2829 1831 
1216 5765 4757 
1217 3465 2465 
1218 3500 2508 
1219 1269 273 
1220 5602 4594 
1221 8129 7131 
1222 6922 5920 
1223 2479 1481 
1224 5000 4005 
1225 4919 3928 
1226 7565 6566 
1227 3728 2723 
1228 9725 8725 
1229 6378 5387 
1230 6705 5708 
1231 5054 4064 
1232 10100 9094 
1233 9878 8878 
1234 3962 2955 
1235 5478 4470 
1236 4218 3222 
1237 7905 6904 
1238 6054 5045 
1239 4312 3306 
1240 10415 9421 
1241 3792 2792 
1242 3176 2167 
1243 9560 8552 
1244 9342 8346 
1245 5668 4664 
1246 7644 6646 
1247 10008 8998 
1248 2594 1594 
1249 5325 4316 
1250 8750 7747 
1251 3373 2375 
1252 5636 4642 
1253 9664 8674 
1254 4761 3753 
1255 2660 1668 
1256 4466 3457 
1257 1188 194 
1258 3746 2747 
1259 1558 562 
1260 6776 5777 
1261 4112 3117 
1262 8017 7016 
1263 4513 3504 
1264 2507 1509 
1265 5244 4240 
1266 2231 1225 
1267 5603 4599 
1268 1812 810 
1269 5453 4463 
1270 5645 4639 
1271 9922 8922 
1272 6077 5079 
1273 10621 9612 
1274 9161 8167 
1275 1757 757 
1276 6190 5199 
1277 5797 4799 
1278 7552 6551 
1279 10734 9728 
1280 1067 59 
1281 10949 9948 
1282 10517 9520 
1283 4126 3131 
1284 2950 1954 
1285 9889 8882 
1286 10842 9835 
1287 10158 9153 
1288 3619 2626 
1289 10360 9369 
1290 3239 2238 
1291 6094 5095 
1292 8566 7574 
1293 8616 7617 
1294 6160 5158 
1295 9844 8843 
1296 1570 560 
1297 10660 9670 
1298 9690 8684 
1299 2613 1623 
1300 7942 6941 
1301 7254 6256 
1302 1556 546 
1303 7772 6781 
1304 2437 1446 
1305 5799 4796 
1306 6349 5349 
1307 5632 4634 
1308 7356 6347 
1309 2042 1046 
1310 9550 8554 
1311 1032 37 
1312 4667 3671 
1313 4546 3537 
1314 7514 6514 
1315 8514 7518 
1316 10705 9697 
1317 8144 7147 
1318 7878 6872 
1319 8804 7809 
1320 4084 3094 
1321 5246 4252 
1322 2009 1007 
1323 8555 7554 
1324 7330 6322 
1325 7056 6052 
1326 2199 1190 
1327 4049 3057 
1328 2344 1350 
1329 7168 6161 
1330 1012 21 
1331 3995 2997 
1332 4352 3360 
1333 9945 8953 
1334 6713 5711 
1335 4648 3650 
1336 9606 8616 
1337 2876 1882 
1338 2385 1392 
1339 4731 3733 
1340 9624 8622 
1341 10856 9855 
1342 7542 6542 
1343 10649 9652 
1344 8673 7679 
1345 5981 4987 
1346 3822 2826 
1347 6878 5872 
1348 7843 6847 
1349 4886 3884 
1350 7116 6126 
1351 8464 7460 
1352 10620 9614 
1353 3482 2491 
1354 5001 3997 
1355 1051 53 
1356 7139 6133 
1357 6484 5481 
1358 4885 3879 
1359 8614 7617 
1360 10357 9351 
1361 10885 9889 
1362 3783 2788 
1363 8535 7538 
1364 9340 8338 
1365 6610 5610 
1366 9446 8438 
1367 4182 3178 
1368 3711 2717 
1369 2269 1268 
1370 2047 1049 
1371 3875 2870 
1372 4128 3130 
1373 3641 2647 
1374 8788 7797 
1375 10284 9277 
1376 8612 7619 
1377 4023 3017 
1378 6101 5096 
1379 1877 880 
1380 9323 8333 
1381 10763 9766 
1382 7086 6077 
1383 3487 2489 
1384 10947 9946 
1385 6604 5607 
1386 9129 8137 
1387 7748 6749 
1388 1935 928 
1389 10775 9774 
1390 9825 8826 
1391 4389 3388 
1392 2651 1653 
1393 5471 4470 
1394 5520 4521 
1395 8931 7933 
1396 10626 9636 
1397 3989 2997 
1398 2168 1158 
1399 5495 4485 
1400 2404 1399 
1401 1989 986 
1402 2016 1024 
1403 3923 2926 
1404 7775 6781 
1405 7395 6385 
1406 2278 1276 
1407 4357 3361 
1408 8020 7026 
1409 6520 5516 
1410 1554 555 
1411 3916 2911 
1412 8033 7035 
1413 4167 3161 
1414 1230 230 
1415 10599 9601 
1416 3207 2217 
1417 10746 9744 
1418 1855 851 
1419 4236 3229 
1420 8845 7843 
1421 10338 9348 
1422 8676 7679 
1423 1666 674 
1424 6605 5598 
1425 1347 351 
1426 4465 3475 
1427 6105 5112 
1428 3840 2838 
1429 7310 6311 
1430 10993 9984 
1431 8193 7202 
1432 9210 8212 
1433 2213 1213 
1434 1221 229 
1435 2967 1965 
1436 3990 2983 
1437 6029 5035 
1438 6873 5878 
1439 7475 6480 
1440 8816 7821 
1441 2754 1747 
1442 9687 8692 
1443 4426 3420 
1444 2297 1289 
1445 7591 6596 
1446 7773 6777 
1447 1130 140 
1448 1234 235 
1449 5751 4758 
1450 3189 2186 
1451 3194 2195 
1452 3366 2365 
1453 6321 5322 
1454 10078 9077 
1455 3873 2882 
1456 3806 2802 
1457 8944 7948 
1458 5873 4866 
1459 3574 2576 
1460 9841 8839 
1461 1218 227 
1462 2657 1652 
1463 2068 1074 
1464 5516 4516 
1465 8798 7805 
1466 7483 6487 
1467 7446 6451 
1468 7768 6761 
1469 5793 4789 
1470 6010 5009 
1471 1625 634 
1472 4485 3491 
1473 4591 3583 
1474 8466 7474 
1475 2970 1976 
1476 2411 1414 
1477 3386 2376 
1478 4638 3637 
1479 5133 4137 
1480 6382 5378 
1481 4147 3144 
1482 1566 559 
1483 6484 5488 
1484 8219 7215 
1485 5726 4721 
1486 7052 6045 
1487 1166 157 
1488 7924 6915 
1489 10804 9807 
1490 8082 7080 
1491 5366 4360 
1492 8663 7656 
1493 1830 839 
1494 4138 3137 
1495 8293 7284 
1496 4933 3928 
1497 9514 8506 
1498 4197 3206 
1499 4246 3247 
1500 5570 4563 
1501 6479 5473 
1502 3203 2205 
1503 10805 9806 
1504 3239 2245 
1505 10530 9536 
1506 3242 2246 
1507 8020 7027 
1508 9089 8099 
1509 1867 868 
1510 3656 2651 
1511 7344 6344 
1512 1084 76 
1513 6414 5415 
1514 10408 9409 
1515 4495 3491 
1516 3945 2953 
1517 4749 3753 
1518 9767 8758 
1519 2217 1218 
1520 9502 8510 
1521 8328 7318 
1522 9788 8786 
1523 5833 4830 
1524 5095 4089 
1525 2233 1236 
1526 9544 8536 
1527 10880 9881 
1528 6920 5920 
1529 8485 7491 
1530 3376 2372 
1531 7307 6305 
1532 6792 5797 
1533 3986 2989 
1534 1241 236 
1535 2786 1789 
1536 7482 6483 
1537 6115 5109 
1538 5724 4720 
1539 2099 1100 
1540 9041 8047 
1541 5295 4297 
1542 7443 6443 
1543 4870 3867 
1544 8889 7881 
1545 7394 6386 
1546 4016 3010 
1547 3619 2621 
1548 8732 7738 
1549 7596 6593 
1550 3827 2817 
1551 4400 3410 
1552 2027 1030 
1553 5712 4705 
1554 7984 6979 
1555 10401 9410 
1556 5300 4297 
1557 10864 9865 
1558 8797 7801 
1559 4527 3521 
1560 4988 3979 
1561 4406 3401 
1562 8636 7631 
1563 4192 3195 
1564 2637 1630 
1565 2730 1737 
1566 1297 299 
1567 10148 9158 
1568 8767 7772 
1569 8714 7711 
1570 5630 4639 
1571 9813 8804 
1572 10596 9595 
1573 5161 4151 
1574 2742 1732 
1575 5024 4016 
1576 4379 3370 
1577 3377 2378 
1578 1349 351 
1579 8373 7374 
1580 8060 7059 
1581 8783 7786 
1582 3082 2078 
1583 6426 5421 
1584 1204 201 
1585 10466 9457 
1586 3266 2265 
1587 2629 1622 
1588 5103 4105 
1589 4332 3335 
1590 2796 1795 
1591 5821 4827 
1592 5683 4682 
1593 7532 6523 
1594 10119 9111 
1595 10959 9963 
1596 10293 9295 
1597 5285 4294 
1598 4893 3901 
1599 5681 4682 
1600 1036 33 
1601 2541 1533 
1602 6070 5060 
1603 5794 4795 
1604 9431 8423 
1605 6848 5853 
1606 5367 4375 
1607 2061 1064 
1608 5853 4847 
1609 7499 6495 
1610 10122 9131 
1611 2520 1525 
1612 9014 8020 
1613 10196 9203 
1614 5155 4156 
1615 10144 9154 
1616 10104 9096 
1617 7251 6246 
1618 7015 6021 
1619 9335 8328 
1620 6649 5640 
1621 3953 2958 
1622 3848 2854 
1623 7552 6552 
1624 10447 9437 
1625 5181 4186 
1626 7452 6445 
1627 5078 4081 
1628 8309 7303 
1629 2057 1060 
1630 4865 3872 
1631 6055 5065 
1632 1807 801 
1633 2587 1584 
1634 10482 9487 
1635 3666 2656 
1636 1412 402 
1637 5353 4348 
1638 3617 2612 
1639 8688 7682 
1640 6255 5256 
1641 7836 6832 
1642 6100 5108 
1643 9360 8355 
1644 1900 892 
1645 1618 621 
1646 1498 492 
1647 7970 6978 
1648 1321 322 
1649 1943 944 
1650 4870 3862 
1651 7842 6840 
1652 8453 7463 
1653 1326 317 
1654 9020 8020 
1655 4470 3464 
1656 10033 9027 
1657 2520 1525 
1658 4648 3649 
1659 6591 5598 
1660 3396 2391 
1661 7358 6354 
1662 8135 7125 
1663 1889 882 
1664 4534 3534 
1665 8679 7688 
1666 7280 6271 
1667 2993 1988 
1668 9193 8189 
1669 2549 1540 
1670 10464 9466 
1671 6407 5407 
1672 4877 3876 
1673 9999 8990 
1674 5259 4266 
1675 10088 9079 
1676 2574 1580 
1677 3143 2152 
1678 2917 1918 
1679 3725 2717 
1680 4726 3720 
1681 3845 2846 
1682 7383 6381 
1683 4742 3751 
1684 2133 1142 
1685 2036 1045 
1686 2423 1419 
1687 1082 90 
1688 5468 4477 
1689 7000 5998 
1690 4977 3971 
1691 7500 6498 
1692 2155 1150 
1693 9942 8945 
1694 2155 1147 
1695 2197 1206 
1696 5338 4341 
1697 9446 8452 
1698 1283 277 
1699 9170 8166 
1700 2425 1431 
1701 10104 9108 
1702 7879 6874 
1703 3375 2366 
1704 1954 947 
1705 3462 2456 
1706 4997 3998 
1707 9544 8547 
1708 5996 4995 
1709 4002 2995 
1710 1552 545 
1711 10782 9778 
1712 5960 4970 
1713 5984 4976 
1714 10030 9034 
1715 4863 3861 
1716 9746 8740 
1717 6860 5861 
1718 5738 4731 
1719 4958 3967 
1720 2522 1531 
1721 7317 6322 
1722 9360 8354 
1723 4686 3677 
1724 9791 8798 
1725 7311 6321 
1726 6885 5875 
1727 4604 3604 
1728 5235 4233 
1729 1739 741 
1730 10098 9104 
1731 5912 4903 
1732 3350 2353 
1733 5131 4125 
1734 6314 5315 
1735 7503 6512 
1736 4897 3895 
1737 6883 5888 
1738 7148 6144 
1739 10132 9140 
1740 6699 5698 
1741 5752 4751 
1742 3557 2566 
1743 4973 3970 
1744 1515 519 
1745 5486 4488 
1746 5703 4700 
1747 2770 1777 
1748 10326 9330 
1749 4462 3471 
1750 4293 3286 
1751 8921 7911 
1752 2575 1580 
1753 9823 8820 
1754 3108 2110 
1755 9239 8238 
1756 9046 8036 
1757 6282 5281 
1758 1120 125 
1759 9699 8702 
1760 10561 9560 
1761 3766 2763 
1762 3931 2929 
1763 3184 2183 
1764 7033 6027 
1765 5634 4638 
1766 5367 4358 
1767 8878 7877 
1768 6530 5534 
1769 7141 6131 
1770 5590 4592 
1771 5655 4653 
1772 1387 393 
1773 7586 6588 
1774 5668 4668 
1775 5404 4396 
1776 7253 6256 
1777 4026 3028 
1778 9090 8100 
1779 5428 4429 
1780 2952 1952 
1781 8884 7888 
1782 8410 7401 
1783 6896 5905 
1784 5321 4320 
1785 4583 3586 
1786 4440 3449 
1787 9529 8533 
1788 1593 595 
1789 3508 2498 
1790 7235 6232 
1791 3953 2945 
1792 9780 8786 
1793 2719 1717 
1794 6252 5256 
1795 1648 646 
1796 8777 7780 
1797 10821 9816 
1798 4177 3171 
1799 5583 4573 
1800 8660 7656 
1801 1878 868 
1802 6549 5549 
1803 3365 2364 
1804 5863 4855 
1805 10438 9433 
1806 7906 6900 
1807 3552 2561 
1808 4326 3316 
1809 4437 3428 
1810 6586 5586 
1811 1845 838 
1812 4952 3949 
1813 6057 5051 
1814 5781 4775 
1815 7377 6381 
1816 3270 2265 
1817 4599 3597 
1818 4732 3729 
1819 2293 1284 
1820 5273 4265 
1821 4292 3284 
1822 9316 8309 
1823 8699 7696 
1824 7529 6521 
1825 8759 7764 
1826 6519 5524 
1827 1401 402 
1828 10759 9757 
1829 4697 3707 
1830 7546 6537 
1831 5986 4983 
1832 10164 9174 
1833 10455 9457 
1834 7962 6968 
1835 2433 1441 
1836 1139 141 
1837 3022 2023 
1838 10976 9966 
1839 7977 6977 
1840 2291 1284 
1841 6553 5545 
1842 10626 9621 
1843 9345 8350 
1844 9458 8458 
1845 2023 1022 
1846 4779 3774 
1847 3646 2637 
1848 7163 6165 
1849 7350 6356 
1850 4218 3222 
1851 5552 4553 
1852 2666 1671 
1853 6864 5862 
1854 2416 1411 
1855 4820 3817 
1856 7705 6699 
1857 8150 7144 
1858 5394 4390 
1859 6485 5486 
1860 3043 2038 
1861 8206 7206 
1862 1835 841 
1863 1169 179 
1864 6175 5176 
1865 2872 1866 
1866 1650 640 
1867 1489 493 
1868 5990 4986 
1869 8864 7861 
1870 2666 1673 
1871 4156 3147 
1872 3171 2176 
1873 6716 5715 
1874 1405 397 
1875 10640 9637 
1876 3809 2806 
1877 10471 9481 
1878 2171 1167 
1879 10687 9695 
1880 8699 7701 
1881 10292 9288 
1882 7021 6025 
1883 2636 1636 
1884 1079 76 
1885 8371 7369 
1886 8975 7972 
1887 7234 6236 
1888 9443 8440 
1889 8970 7968 
1890 8217 7214 
1891 7257 6248 
1892 5660 4670 
1893 10056 9050 
1894 3727 2723 
1895 7991 6995 
1896 1541 542 
1897 5984 4993 
1898 1749 742 
1899 6097 5088 
1900 8357 7360 
1901 4082 3092 
1902 3534 2534 
1903 6402 5408 
1904 3768 2759 
1905 4476 3473 
1906 3958 2956 
1907 2570 1563 
1908 2355 1346 
1909 4644 3646 
1910 2836 1833 
1911 5796 4787 
1912 5030 4024 
1913 6090 5097 
1914 3111 2106 
1915 10501 9510 
1916 2976 1977 
1917 10008 9004 
1918 3436 2437 
1919 10411 9419 
1920 1110 113 
1921 6163 5164 
1922 3116 2107 
1923 9329 8337 
1924 8775 7782 
1925 2490 1495 
1926 10727 9718 
1927 5965 4965 
1928 7238 6231 
1929 2651 1652 
1930 3214 2218 
1931 9895 8890 
1932 5217 4220 
1933 5341 4340 
1934 4910 3909 
1935 7975 6976 
1936 5006 4010 
1937 7478 6484 
1938 3503 2512 
1939 2432 1439 
1940 2214 1214 
1941 3738 2746 
1942 9309 8317 
1943 6089 5099 
1944 1381 383 
1945 6341 5334 
1946 7746 6745 
1947 4599 3599 
1948 6781 5790 
1949 2146 1152 
1950 10527 9529 
1951 3808 2803 
1952 7070 6070 
1953 4494 3502 
1954 8954 7950 
1955 6157 5161 
1956 8322 7326 
1957 6845 5836 
1958 9849 8851 
1959 7759 6761 
1960 9368 8371 
1961 1478 483 
1962 10383 9387 
1963 7642 6650 
1964 5898 4897 
1965 6700 5700 
1966 1015 21 
1967 3675 2666 
1968 7068 6073 
1969 1845 844 
1970 8056 7050 
1971 9524 8530 
1972 10691 9689 
1973 2313 1312 
1974 8766 7771 
1975 6470 5476 
1976 4793 3785 
1977 10345 9344 
1978 7302 6293 
1979 9043 8046 
1980 9260 8266 
1981 1356 357 
1982 4414 3406 
1983 8281 7287 
1984 5432 4423 
1985 2654 1652 
1986 1605 614 
1987 8741 7743 
1988 4369 3365 
1989 1731 730 
1990 10089 9097 
1991 5136 4128 
1992 5606 4612 
1993 7768 6767 
1994 3506 2506 
1995 1811 817 
1996 2726 1725 
1997 8468 7461 
1998 2580 1575 
1999 8122 7119 
2000 3373 2371 
2001 9776 8776 
2002 6287 5289 
2003 2190 1187 
2004 1838 836 
2005 3883 2878 
2006 1616 626 
2007 4534 3537 
2008 2102 1095 
2009 7948 6950 
2010 1262 254 
2011 3308 2309 
2012 7996 7006 
2013 4568 3562 
2014 1448 452 
2015 4296 3301 
2016 9307 8307 
2017 6281 5278 
2018 7462 6453 
2019 5428 4419 
2020 7708 6700 
2021 3363 2368 
2022 3751 2745 
2023 2079 1082 
2024 3196 2200 
2025 5148 4152 
2026 5542 4550 
2027 10052 9054 
2028 8949 7952 
2029 8631 7623 
2030 8714 7706 
2031 3987 2990 
2032 9152 8153 
2033 6354 5353 
2034 10337 9342 
2035 6725 5715 
2036 2987 1983 
2037 8439 7445 
2038 6705 5715 
2039 1954 960 
2040 1870 873 
2041 3871 2873 
2042 1749 758 
2043 6955 5953 
2044 9337 8345 
2045 5071 4080 
2046 5869 4861 
2047 3775 2766 
2048 4595 3594 
2049 6505 5502 
2050 7697 6696 
2051 8106 7111 
2052 7277 6274 
2053 4686 3679 
2054 5139 4147 
2055 5371 4374 
2056 4463 3455 
2057 8283 7293 
2058 9655 8656 
2059 3668 2674 
2060 1213 204 
2061 5331 4329 
2062 1605 607 
2063 4701 3704 
2064 5548 4539 
2065 2534 1535 
2066 2797 1800 
2067 3507 2498 
2068 9542 8537 
2069 8020 7012 
2070 5403 4413 
2071 4132 3122 
2072 10653 9646 
2073 7657 6649 
2074 10164 9162 
2075 5381 4373 
2076 5389 4396 
2077 10552 9543 
2078 2355 1351 
2079 10935 9937 
2080 7574 6574 
2081 1283 289 
2082 2823 1826 
2083 7485 6489 
2084 4984 3976 
2085 5448 4439 
2086 9433 8438 
2087 4118 3110 
2088 7616 6619 
2089 1813 815 
2090 1372 376 
2091 6989 5981 
2092 7453 6447 
2093 1966 972 
2094 7467 6470 
2095 10824 9821 
2096 10017 9016 
2097 8308 7305 
2098 8380 7384 
2099 3222 2223 
2100 3290 2291 
2101 3149 2156 
2102 7647 6641 
2103 7813 6806 
2104 5632 4631 
2105 8103 7109 
2106 2829 1821 
2107 2748 1758 
2108 3757 2759 
2109 7996 6990 
2110 5457 4466 
2111 7938 6943 
2112 8131 7133 
2113 1162 154 
2114 9739 8737 
2115 5539 4537 
2116 3920 2926 
2117 5176 4183 
2118 3934 2931 
2119 3783 2791 
2120 3206 2201 
2121 3018 2014 
2122 8888 7885 
2123 7536 6526 
2124 9402 8393 
2125 10507 9504 
2126 4825 3822 
2127 2847 1852 
2128 10425 9424 
2129 5777 4776 
2130 4739 3742 
2131 3888 2891 
2132 10825 9820 
2133 9441 8445 
2134 1480 479 
2135 7121 6125 
2136 7420 6420 
2137 3236 2238 
2138 8692 7693 
2139 8685 7695 
2140 1799 793 
2141 4459 3462 
2142 2221 1231 
2143 4752 3752 
2144 1030 23 
2145 1431 423 
2146 4276 3285 
2147 3483 2488 
2148 8757 7747 
2149 7842 6848 
2150 10542 9545 
2151 10471 9467 
2152 9365 8364 
2153 5336 4345 
2154 5168 4176 
2155 9047 8038 
2156 8639 7643 
2157 3898 2900 
2158 5409 4408 
2159 2980 1974 
2160 8089 7093 
2161 4016 3019 
2162 2273 1274 
2163 4263 3270 
2164 2787 1797 
2165 4887 3894 
2166 6402 5398 
2167 5885 4887 
2168 10871 9876 
2169 3775 2772 
2170 3292 2283 
2171 6602 5606 
2172 2747 1747 
2173 8492 7502 
2174 3275 2270 
2175 9236 8235 
2176 8157 7165 
2177 5298 4297 
2178 2985 1983 
2179 9848 8854 
2180 3911 2920 
2181 9220 8210 
2182 5379 4378 
2183 8482 7490 
2184 1042 34 
2185 8361 7361 
2186 4686 3681 
2187 1736 740 
2188 1853 853 
2189 2113 1112 
2190 5292 4292 
2191 1557 555 
2192 1065 69 
2193 5889 4883 
2194 5817 4811 
2195 10023 9023 
2196 5022 4030 
2197 10090 9096 
2198 10234 9239 
2199 6160 5155 
2200 7759 6760 
2201 7585 6582 
2202 8893 7894 
2203 9465 8468 
2204 5501 4501 
2205 6227 5223 
2206 5517 4526 
2207 9913 8905 
2208 5375 4383 
2209 7824 6815 
2210 10080 9071 
2211 10185 9187 
2212 9388 8396 
2213 9707 8700 
2214 10119 9123 
2215 8249 7244 
2216 9805 8812 
2217 10308 9318 
2218 2690 1695 
2219 7106 6105 
2220 7752 6758 
2221 7307 6302 
2222 1214 209 
2223 7978 6986 
2224 9889 8896 
2225 10992 10000 
2226 9920 8913 
2227 3579 2582 
2228 10546 9542 
2229 9248 8258 
2230 2385 1378 
2231 5136 4146 
2232 4041 3040 
2233 2407 1397 
2234 2271 1279 
2235 1834 840 
2236 6984 5982 
2237 2747 1745 
2238 2368 1376 
2239 2267 1266 
2240 1948 940 
2241 9929 8922 
2242 5628 4629 
2243 5056 4046 
2244 5359 4368 
2245 10970 9967 
2246 6313 5303 
2247 5734 4728 
2248 10321 9321 
2249 3591 2583 
2250 3818 2827 
2251 10818 9813 
2252 7818 6816 
2253 7958 6964 
2254 7959 6960 
2255 2558 1556 
2256 5371 4376 
2257 7121 6129 
2258 6012 5021 
2259 6560 5565 
2260 5140 4142 
2261 8518 7510 
2262 1588 582 
2263 1137 147 
2264 5289 4283 
2265 2011 1008 
2266 9430 8422 
2267 8347 7347 
2268 8325 7327 
2269 1981 971 
2270 3717 2708 
2271 8910 7909 
2272 6407 5397 
2273 6955 5962 
2274 7166 6176 
2275 9830 8824 
2276 9710 8708 
2277 3208 2218 
2278 8517 7508 
2279 4822 3815 
2280 10186 9178 
2281 8132 7125 
2282 6891 5893 
2283 4856 3863 
2284 4113 3104 
2285 9644 8634 
2286 8462 7472 
2287 1945 936 
2288 4404 3402 
2289 5937 4935 
2290 8634 7631 
2291 1457 466 
2292 1316 326 
2293 9713 8705 
2294 10188 9188 
2295 7637 6647 
2296 2961 1962 
2297 1627 632 
2298 1360 362 
2299 10238 9237 
2300 2763 1767 
2301 7956 6966 
2302 5969 4969 
2303 9458 8450 
2304 4324 3322 
2305 9038 8030 
2306 5008 4016 
2307 3594 2592 
2308 10921 9911 
2309 9952 8958 
2310 3967 2970 
2311 9599 8600 
2312 10867 9870 
2313 8734 7743 
2314 6141 5132 
2315 8703 7712 
2316 6374 5384 
2317 9898 8897 
2318 5730 4722 
2319 4638 3639 
2320 7656 6665 
2321 10617 9618 
2322 6968 5975 
2323 10487 9494 
2324 2969 1965 
2325 5969 4966 
2326 8239 7243 
2327 10140 9134 
2328 3548 2556 
2329 6075 5069 
2330 4442 3452 
2331 8395 7389 
2332 8089 7079 
2333 3850 2849 
2334 8667 7664 
2335 1514 507 
2336 8673 7674 
2337 10472 9479 
2338 10245 9255 
2339 7105 6103 
2340 4663 3658 
2341 10810 9803 
2342 3167 2171 
2343 4827 3836 
2344 8610 7607 
2345 10386 9382 
2346 5102 4096 
2347 4966 3968 
2348 10884 9880 
2349 10907 9913 
2350 10980 9974 
2351 7378 6385 
2352 8248 7251 
2353 8114 7105 
2354 4906 3908 
2355 4499 3496 
2356 2792 1796 
2357 10950 9955 
2358 5866 4860 
2359 2046 1047 
2360 5732 4738 
2361 10410 9406 
2362 9761 8764 
2363 9938 8940 
2364 8186 7183 
2365 5941 4941 
2366 5280 4281 
2367 5293 4286 
2368 6632 5638 
2369 7499 6500 
2370 3721 2723 
2371 8046 7052 
2372 6692 5693 
2373 4386 3392 
2374 1232 229 
2375 5518 4515 
2376 10668 9666 
2377 3538 2538 
2378 4282 3283 
2379 5992 4998 
2380 8212 7216 
2381 9890 8898 
2382 9289 8283 
2383 1575 565 
2384 7512 6521 
2385 2163 1157 
2386 1583 583 
2387 3612 2617 
2388 6224 5226 
2389 9881 8888 
2390 10130 9127 
2391 7999 6995 
2392 7650 6652 
2393 4597 3596 
2394 7049 6057 
2395 7586 6578 
2396 6461 5470 
2397 4351 3354 
2398 7972 6963 
2399 6263 5259 
2400 8178 7182 
2401 9448 8454 
2402 10421 9412 
2403 5379 4369 
2404 8506 7503 
2405 5727 4734 
2406 5742 4744 
2407 6428 5420 
2408 1722 722 
2409 8692 7690 
2410 10501 9491 
2411 5103 4099 
2412 7668 6671 
2413 6186 5179 
2414 8751 7746 
2415 8597 7604 
2416 1887 890 
2417 9143 8141 
2418 8691 7695 
2419 8041 7048 
2420 6998 6000 
2421 2396 1399 
2422 1984 988 
2423 4228 3234 
2424 9573 8569 
2425 3270 2279 
2426 1410 420 
2427 1641 638 
2428 5576 4581 
2429 9084 8088 
2430 7548 6558 
2431 6176 5172 
2432 10129 9121 
2433 10988 9981 
2434 3866 2875 
2435 10890 9891 
2436 9328 8321 
2437 4580 3589 
2438 10013 9013 
2439 7178 6184 
2440 7423 6421 
2441 5286 4295 
2442 2624 1632 
2443 5872 4871 
2444 1537 534 
2445 10806 9797 
2446 9584 8587 
2447 5550 4542 
2448 6883 5879 
2449 10262 9258 
2450 5695 4685 
2451 10511 9510 
2452 10123 9126 
2453 7255 6253 
2454 1328 330 
2455 8174 7171 
2456 2989 1994 
2457 2047 1054 
2458 8122 7116 
2459 5818 4817 
2460 9847 8852 
2461 7851 6854 
2462 5528 4524 
2463 4821 3831 
2464 1098 96 
2465 1513 504 
2466 6005 5000 
2467 8194 7189 
2468 2684 1683 
2469 8285 7284 
2470 2699 1692 
2471 2722 1719 
2472 10781 9772 
2473 5344 4336 
2474 1982 972 
2475 6015 5025 
2476 9285 8292 
2477 3499 2495 
2478 10636 9637 
2479 3158 2162 
2480 5713 4720 
2481 2797 1788 
2482 5977 4977 
2483 1527 531 
2484 7473 6475 
2485 5150 4157 
2486 2986 1985 
2487 6199 5207 
2488 7848 6846 
2489 6544 5554 
2490 5642 4642 
2491 9201 8202 
2492 5028 4026 
2493 5761 4756 
2494 9433 8443 
2495 4694 3700 
2496 7468 6458 
2497 10116 9112 
2498 2425 1419 
2499 8765 7765 
2500 6594 5604 
2501 3677 2684 
2502 10137 9133 
2503 2791 1800 
2504 5656 4662 
2505 1447 438 
2506 9759 8756 
2507 8577 7586 
2508 7460 6458 
2509 2379 1386 
2510 9437 8433 
2511 7858 6865 
2512 5229 4228 
2513 9541 8546 
2514 1435 426 
2515 7390 6399 
2516 3490 2480 
2517 5302 4293 
2518 9060 8050 
2519 5063 4061 
2520 2454 1446 
2521 7697 6706 
2522 2407 1398 
2523 1103 106 
2524 10767 9768 
2525 9529 8532 
2526 7690 6699 
2527 1820 812 
2528 1837 832 
2529 5945 4941 
2530 10452 9459 
2531 7296 6292 
2532 9254 8260 
2533 6413 5420 
2534 3274 2279 
2535 6221 5212 
2536 8721 7716 
2537 10349 9353 
2538 10234 9227 
2539 10353 9353 
2540 5577 4584 
2541 5465 4470 
2542 7695 6686 
2543 7161 6154 
2544 2596 1588 
2545 2894 1901 
2546 1209 201 
2547 6322 5321 
2548 7159 6149 
2549 4549 3542 
2550 10348 9357 
2551 8603 7607 
2552 4403 3410 
2553 2628 1631 
2554 6036 5031 
2555 8561 7569 
2556 8544 7550 
2557 1762 756 
2558 2238 1230 
2559 4885 3887 
2560 7175 6178 
2561 4869 3878 
2562 4479 3489 
2563 7752 6753 
2564 2744 1749 
2565 10085 9093 
2566 1834 826 
2567 2964 1970 
2568 8292 7285 
2569 10202 9193 
2570 1828 831 
2571 4801 3799 
2572 4271 3261 
2573 8478 7474 
2574 4151 3149 
2575 7792 6798 
2576 5744 4751 
2577 7805 6813 
2578 3452 2461 
2579 6437 5441 
2580 5819 4809 
2581 7607 6607 
2582 3316 2322 
2583 10199 9202 
2584 4222 3218 
2585 9963 8969 
2586 3815 2822 
2587 4772 3774 
2588 5053 4043 
2589 10555 9556 
2590 10426 9426 
2591 5366 4364 
2592 9057 8063 
2593 1779 772 
2594 4868 3876 
2595 1450 445 
2596 2477 1477 
2597 4619 3623 
2598 2946 1944 
2599 4890 3883 
2600 10825 9835 
2601 10338 9333 
2602 9355 8353 
2603 3298 2300 
2604 3901 2906 
2605 4541 3551 
2606 6505 5502 
2607 10434 9437 
2608 9349 8342 
2609 8620 7617 
2610 1605 600 
2611 8297 7288 
2612 5433 4429 
2613 8057 7057 
2614 1488 480 
2615 4056 3057 
2616 7942 6933 
2617 9773 8767 
2618 6564 5555 
2619 2980 1970 
2620 4539 3535 
2621 8348 7349 
2622 5243 4247 
2623 1062 52 
2624 10612 9608 
2625 5320 4311 
2626 8684 7677 
2627 1292 296 
2628 8151 7156 
2629 10928 9921 
2630 1840 846 
2631 5943 4951 
2632 9059 8051 
2633 7645 6637 
2634 3302 2304 
2635 10804 9799 
2636 8096 7103 
2637 7592 6588 
2638 6850 5856 
2639 3216 2214 
2640 4167 3177 
2641 1180 186 
2642 10440 9447 
2643 5566 4558 
2644 1592 592 
2645 7568 6572 
2646 8615 7623 
2647 4790 3794 
2648 2603 1595 
2649 2528 1522 
2650 9785 8781 
2651 5755 4765 
2652 6026 5036 
2653 2423 1431 
2654 4355 3358 
2655 3395 2391 
2656 4694 3693 
2657 1119 110 
2658 8650 7659 
2659 8037 7041 
2660 3131 2132 
2661 2832 1828 
2662 5854 4863 
2663 10150 9157 
2664 5456 4464 
2665 2772 1778 
2666 7517 6525 
2667 6968 5977 
2668 10688 9691 
2669 9134 8138 
2670 2766 1764 
2671 4562 3562 
2672 8506 7511 
2673 9656 8647 
2674 9751 8749 
2675 5733 4739 
2676 7044 6051 
2677 7870 6863 
2678 9451 8457 
2679 4281 3285 
2680 7119 6118 
2681 4542 3538 
2682 6816 5813 
2683 4520 3518 
2684 9267 8272 
2685 1080 73 
2686 1128 119 
2687 8456 7460 
2688 2612 1613 
2689 6650 5657 
2690 3107 2112 
2691 6369 5369 
2692 7326 6323 
2693 3616 2608 
2694 2365 1369 
2695 9232 8230 
2696 9676 8672 
2697 2879 1876 
2698 9461 8456 
2699 1036 33 
2700 3649 2639 
2701 1802 793 
2702 8197 7194 
2703 7706 6713 
2704 2210 1217 
2705 6716 5721 
2706 5843 4840 
2707 1774 774 
2708 10058 9062 
2709 5391 4395 
2710 4552 3556 
2711 3035 2043 
2712 5853 4851 
2713 5967 4958 
2714 4509 3514 
2715 3160 2166 
2716 9036 8027 
2717 6749 5756 
2718 10135 9137 
2719 4186 3180 
2720 10807 9817 
2721 1638 634 
2722 7510 6505 
2723 1972 975 
2724 9193 8193 
2725 4290 3300 
2726 4682 3677 
2727 5782 4778 
2728 6490 5492 
2729 3159 2163 
2730 8607 7616 
2731 4684 3680 
2732 3128 2122 
2733 3354 2344 
2734 6370 5361 
2735 5313 4306 
2736 5266 4263 
2737 4142 3152 
2738 3303 2296 
2739 3687 2696 
2740 4584 3576 
2741 5137 4127 
2742 9209 8200 
2743 9813 8820 
2744 5895 4901 
2745 3491 2487 
2746 5405 4413 
2747 9445 8436 
2748 5797 4798 
2749 1394 384 
2750 9136 8141 
2751 9502 8495 
2752 4088 3088 
2753 4669 3679 
2754 4367 3369 
2755 7774 6772 
2756 10527 9519 
2757 7450 6449 
2758 5307 4314 
2759 4755 3760 
2760 5001 4011 
2761 6975 5982 
2762 7888 6886 
2763 2398 1398 
2764 2050 1053 
2765 8337 7336 
2766 7945 6938 
2767 10310 9318 
2768 2767 1768 
2769 6628 5627 
2770 5734 4735 
2771 8328 7336 
2772 4997 3994 
2773 8827 7820 
2774 10169 9159 
2775 9298 8288 
2776 3338 2330 
2777 9298 8300 
2778 4384 3374 
2779 4144 3145 
2780 2760 1769 
2781 4993 3988 
2782 2714 1707 
2783 1643 636 
2784 4107 3107 
2785 1885 888 
2786 6775 5774 
2787 3584 2584 
2788 10184 9181 
2789 7288 6278 
2790 7506 6513 
2791 8455 7448 
2792 2208 1206 
2793 4696 3686 
2794 1927 921 
2795 4372 3362 
2796 6091 5096 
2797 7707 6697 
2798 3002 2004 
2799 10602 9604 
2800 10836 9845 
2801 4039 3035 
2802 5645 4635 
2803 7375 6375 
2804 4525 3532 
2805 8834 7842 
2806 9054 8046 
2807 7108 6110 
2808 10546 9539 
2809 1942 942 
2810 8879 7884 
2811 3296 2293 
2812 8295 7292 
2813 5481 4473 
2814 3256 2250 
2815 5237 4244 
2816 10810 9810 
2817 1760 759 
2818 8152 7145 
2819 9704 8714 
2820 4409 3402 
2821 1588 596 
2822 8420 7426 
2823 7837 6836 
2824 9236 8229 
2825 8172 7162 
2826 9314 8314 
2827 6763 5765 
2828 5307 4314 
2829 4818 3818 
2830 4738 3728 
2831 8943 7949 
2832 3355 2350 
2833 7213 6208 
2834 8726 7724 
2835 10759 9765 
2836 7202 6205 
2837 4655 3649 
2838 8233 7232 
2839 7695 6687 
2840 10637 9647 
2841 8006 7005 
2842 1192 200 
2843 2835 1831 
2844 5621 4630 
2845 2785 1791 
2846 5639 4635 
2847 1450 454 
2848 10071 9068 
2849 9159 8154 
2850 9448 8457 
2851 10222 9227 
2852 5071 4071 
2853 3802 2795 
2854 7853 6844 
2855 4017 3010 
2856 4148 3143 
2857 7082 6091 
2858 7423 6425 
2859 5623 4623 
2860 2006 1012 
2861 7952 6956 
2862 5847 4846 
2863 9434 8433 
2864 8724 7730 
2865 1060 57 
2866 7509 6515 
2867 10128 9121 
2868 6258 5262 
2869 7482 6472 
2870 1435 427 
2871 5511 4514 
2872 8460 7455 
2873 5663 4664 
2874 7744 6754 
2875 8930 7936 
2876 6316 5320 
2877 5922 4917 
2878 6339 5342 
2879 3433 2435 
2880 9587 8578 
2881 5729 4721 
2882 6272 5279 
2883 8343 7339 
2884 1804 804 
2885 7529 6522 
2886 7833 6832 
2887 1397 387 
2888 7341 6333 
2889 6105 5113 
2890 2717 1718 
2891 5272 4271 
2892 3265 2261 
2893 3547 2542 
2894 9571 8573 
2895 4703 3711 
2896 7656 6657 
2897 10376 9382 
2898 9274 8272 
2899 7614 6620 
2900 7050 6046 
2901 1320 327 
2902 6004 5008 
2903 5687 4696 
2904 8543 7539 
2905 10071 9072 
2906 1239 233 
2907 8252 7248 
2908 1731 737 
2909 6149 5148 
2910 10845 9842 
2911 9056 8059 
2912 1063 68 
2913 4751 3741 
2914 4150 3147 
2915 8819 7817 
2916 2095 1088 
2917 4961 3970 
2918 9630 8622 
2919 2674 1670 
2920 7813 6822 
2921 6548 5555 
2922 10114 9120 
2923 8585 7590 
2924 4219 3214 
2925 4053 3057 
2926 2512 1502 
2927 8792 7800 
2928 7111 6109 
2929 10239 9241 
2930 1364 370 
2931 10406 9398 
2932 9023 8014 
2933 7772 6767 
2934 7195 6190 
2935 3473 2480 
2936 7096 6090 
2937 5064 4069 
2938 9109 8110 
2939 9032 8022 
2940 8289 7282 
2941 9548 8547 
2942 10940 9943 
2943 10975 9965 
2944 8015 7009 
2945 2424 1422 
2946 8367 7372 
2947 3318 2310 
2948 7874 6876 
2949 10665 9667 
2950 1421 421 
2951 4846 3852 
2952 3213 2211 
2953 1775 778 
2954 4229 3239 
2955 4499 3492 
2956 2451 1455 
2957 2218 1221 
2958 7330 6337 
2959 6174 5180 
2960 5348 4356 
2961 2627 1632 
2962 8394 7386 
2963 1150 142 
2964 5962 4958 
2965 4120 3120 
2966 3126 2118 
2967 2004 1004 
2968 10885 9893 
2969 6740 5750 
2970 1195 192 
2971 3200 2195 
2972 9830 8826 
2973 1113 123 
2974 2106 1103 
2975 6602 5594 
2976 3295 2298 
2977 2811 1811 
2978 9345 8355 
2979 10098 9105 
2980 4848 3848 
2981 2538 1532 
2982 9829 8838 
2983 9644 8644 
2984 3347 2356 
2985 5318 4318 
2986 6094 5084 
2987 9160 8152 
2988 5834 4840 
2989 5285 4281 
2990 3029 2021 
2991 4504 3514 
2992 1399 390 
2993 9642 8636 
2994 8335 7336 
2995 8899 7908 
2996 2542 1549 
2997 9130 8122 
2998 3578 2568 
2999 5544 4538 
3000 7344 6340 
3001 5119 4116 
3002 2688 1680 
3003 6658 5654 
3004 2955 1963 
3005 2750 1748 
3006 7190 6184 
3007 8177 7185 
3008 2444 1438 
3009 9965 8973 
3010 8803 7807 
3011 5747 4747 
3012 2595 1587 
3013 5598 4606 
3014 6817 5808 
3015 9422 8415 
3016 3888 2888 
3017 3466 2462 
3018 4224 3215 
3019 10733 9730 
3020 8670 7672 
3021 2798 1790 
3022 2954 1947 
3023 10169 9171 
3024 10915 9925 
3025 9214 8220 
3026 5241 4235 
3027 5190 4186 
3028 4503 3500 
3029 8509 7516 
3030 9560 8563 
3031 10810 9818 
3032 10766 9766 
3033 8651 7646 
3034 9892 8894 
3035 2185 1184 
3036 3028 2035 
3037 1855 861 
3038 2897 1890 
3039 10982 9987 
3040 1158 158 
3041 1081 76 
3042 3237 2241 
3043 1221 212 
3044 1207 205 
3045 9513 8520 
3046 5541 4548 
3047 1341 333 
3048 7136 6128 
3049 1578 570 
3050 2346 1344 
3051 7827 6836 
3052 8654 7663 
3053 3650 2660 
3054 3256 2258 
3055 8165 7174 
3056 10350 9342 
3057 4655 3665 
3058 9866 8868 
3059 5582 4590 
3060 5172 4171 
3061 3323 2327 
3062 1197 200 
3063 5767 4765 
3064 8755 7755 
3065 3179 2182 
3066 2447 1449 
3067 1558 561 
3068 7559 6562 
3069 7567 6567 
3070 3459 2463 
3071 5070 4080 
3072 5019 4010 
3073 10384 9391 
3074 8359 7369 
3075 7104 6107 
3076 10508 9512 
3077 6757 5755 
3078 5654 4658 
3079 3234 2238 
3080 9326 8316 
3081 8467 7476 
3082 1499 494 
3083 7949 6956 
3084 6702 5695 
3085 8460 7466 
3086 7466 6475 
3087 10494 9492 
3088 8041 7044 
3089 6791 5786 
3090 4168 3171 
3091 5039 4049 
3092 6600 5609 
3093 4569 3578 
3094 1790 790 
3095 1701 691 
3096 3013 2005 
3097 6439 5433 
3098 6220 5218 
3099 3968 2968 
3100 7752 6745 
3101 9404 8402 
3102 9882 8877 
3103 9061 8055 
3104 8813 7809 
3105 4198 3207 
3106 3470 2470 
3107 9919 8913 
3108 3054 2050 
3109 4635 3639 
3110 4547 3545 
3111 3261 2257 
3112 5106 4107 
3113 4622 3626 
3114 6603 5594 
3115 6809 5802 
3116 2885 1893 
3117 4683 3681 
3118 7441 6438 
3119 1452 461 
3120 7649 6645 
3121 4236 3241 
3122 1128 119 
3123 5782 4786 
3124 1631 631 
3125 10686 9686 
3126 4810 3806 
3127 4779 3787 
3128 5700 4690 
3129 2458 1466 
3130 4623 3625 
3131 5329 4326 
3132 1015 8 
3133 8769 7773 
3134 4429 3420 
3135 10970 9961 
3136 9815 8820 
3137 3005 2003 
3138 1273 265 
3139 10762 9766 
3140 2392 1387 
3141 5433 4427 
3142 10716 9706 
3143 8448 7446 
3144 1217 222 
3145 1963 956 
3146 1398 403 
3147 1274 272 
3148 8227 7220 
3149 8087 7097 
3150 10699 9698 
3151 6008 5008 
3152 9251 8258 
3153 1225 219 
3154 2697 1697 
3155 10814 9810 
3156 9389 8388 
3157 9409 8411 
3158 8895 7904 
3159 10165 9158 
3160 1206 210 
3161 4254 3255 
3162 9780 8781 
3163 5817 4827 
3164 9742 8734 
3165 8733 7736 
3166 9013 8013 
3167 1915 918 
3168 9967 8962 
3169 10896 9892 
3170 8689 7698 
3171 7177 6169 
3172 8788 7797 
3173 7420 6424 
3174 3322 2324 
3175 5290 4287 
3176 10878 9876 
3177 5613 4620 
3178 7873 6874 
3179 3309 2315 
3180 2378 1370 
3181 7984 6993 
3182 10591 9584 
3183 10551 9550 
3184 6266 5274 
3185 6880 5875 
3186 2562 1552 
3187 4542 3536 
3188 2921 1921 
3189 8012 7016 
3190 5747 4747 
3191 9605 8596 
3192 3442 2439 
3193 10928 9936 
3194 4664 3663 
3195 8386 7382 
3196 5629 4636 
3197 6323 5317 
3198 1610 608 
3199 2534 1533 
3200 10815 9821 
3201 10564 9562 
3202 3093 2096 
3203 7246 6251 
3204 4892 3902 
3205 3235 2238 
3206 1019 25 
3207 5547 4554 
3208 10205 9198 
3209 3930 2920 
3210 10080 9071 
3211 10257 9262 
3212 6238 5240 
3213 8631 7625 
3214 10833 9824 
3215 10328 9335 
3216 7662 6654 
3217 6591 5599 
3218 5782 4789 
3219 4449 3453 
3220 2902 1902 
3221 5158 4158 
3222 8745 7744 
3223 6621 5620 
3224 7523 6527 
3225 5839 4838 
3226 4308 3310 
3227 6101 5096 
3228 10310 9314 
3229 3171 2162 
3230 10791 9796 
3231 5633 4639 
3232 4028 3026 
3233 9948 8949 
3234 2082 1076 
3235 8705 7707 
3236 4933 3942 
3237 7181 6188 
3238 8695 7702 
3239 3241 2231 
3240 10832 9836 
3241 7280 6272 
3242 4547 3537 
3243 4022 3031 
3244 1654 653 
3245 8927 7923 
3246 7434 6433 
3247 8512 7514 
3248 3712 2702 
3249 9621 8623 
3250 1553 560 
3251 1816 809 
3252 2412 1418 
3253 1098 108 
3254 8106 7103 
3255 10551 9543 
3256 10744 9738 
3257 5550 4553 
3258 1587 587 
3259 9841 8832 
3260 7799 6799 
3261 6992 5984 
3262 6874 5866 
3263 3596 2588 
3264 6213 5204 
3265 2648 1652 
3266 1529 525 
3267 9483 8475 
3268 6830 5838 
3269 4570 3571 
3270 1750 750 
3271 9497 8503 
3272 3612 2605 
3273 2659 1669 
3274 7805 6801 
3275 1529 519 
3276 6586 5594 
3277 2146 1149 
3278 8821 7812 
3279 4378 3368 
3280 8408 7417 
3281 3061 2069 
3282 6559 5568 
3283 3205 2212 
3284 8068 7078 
3285 7811 6819 
3286 6790 5799 
3287 7920 6924 
3288 9722 8729 
3289 5205 4201 
3290 3859 2854 
3291 8450 7455 
3292 7882 6884 
3293 6751 5742 
3294 10002 8994 
3295 2801 1811 
3296 4003 3009 
3297 7372 6375 
3298 7332 6332 
3299 6615 5608 
3300 4101 3094 
3301 3585 2594 
3302 6595 5599 
3303 1361 362 
3304 5744 4754 
3305 10001 8999 
3306 8560 7566 
3307 6583 5581 
3308 4868 3871 
3309 3783 2775 
3310 9466 8456 
3311 1491 496 
3312 7102 6096 
3313 8670 7663 
3314 4884 3894 
3315 7732 6733 
3316 1081 82 
3317 9087 8083 
3318 9337 8345 
3319 7506 6516 
3320 2251 1260 
3321 10259 9269 
3322 3263 2254 
3323 9041 8037 
3324 2238 1248 
3325 3201 2205 
3326 2186 1179 
3327 6594 5589 
3328 2649 1657 
3329 3687 2687 
3330 4256 3249 
3331 7029 6021 
3332 7931 6925 
3333 8227 7226 
3334 6642 5642 
3335 2203 1199 
3336 6309 5307 
3337 9153 8149 
3338 4333 3337 
3339 4825 3818 
3340 4108 3115 
3341 2971 1970 
3342 7281 6286 
3343 7861 6867 
3344 4961 3970 
3345 5781 4781 
3346 6976 5969 
3347 9391 8388 
3348 7440 6445 
3349 4315 3308 
3350 8640 7636 
3351 6240 5247 
3352 8187 7186 
3353 10055 9053 
3354 5211 4212 
3355 4464 3457 
3356 5968 4964 
3357 1358 364 
3358 4562 3558 
3359 7794 6785 
3360 8189 7198 
3361 9763 8764 
3362 3087 2091 
3363 7245 6240 
3364 1941 932 
3365 9242 8251 
3366 5533 4542 
3367 3055 2056 
3368 2444 1447 
3369 4496 3504 
3370 3546 2546 
3371 1153 158 
3372 7273 6271 
3373 2287 1294 
3374 2822 1830 
3375 1244 241 
3376 9458 8464 
3377 8227 7232 
3378 7580 6579 
3379 1472 474 
3380 10901 9896 
3381 3209 2205 
3382 9253 8250 
3383 4230 3229 
3384 4752 3756 
3385 3091 2083 
3386 1484 487 
3387 3557 2548 
3388 6391 5392 
3389 10114 9116 
3390 4808 3811 
3391 6145 5144 
3392 2458 1454 
3393 8095 7086 
3394 8715 7723 
3395 2316 1321 
3396 2278 1275 
3397 6240 5236 
3398 6871 5868 
3399 5038 4034 
3400 1273 279 
3401 2112 1112 
3402 5891 4888 
3403 5510 4520 
3404 5123 4123 
3405 7371 6363 
3406 9329 8319 
3407 8340 7338 
3408 5131 4122 
3409 6419 5416 
3410 9371 8361 
3411 3702 2703 
3412 3977 2978 
3413 3150 2150 
3414 9761 8760 
3415 10684 9676 
3416 4824 3834 
3417 7917 6917 
3418 9561 8553 
3419 7812 6814 
3420 6503 5507 
3421 6506 5501 
3422 8992 8001 
3423 9203 8202 
3424 3467 2473 
3425 1352 356 
3426 4484 3489 
3427 1089 81 
3428 7939 6945 
3429 2170 1174 
3430 2737 1747 
3431 3318 2319 
3432 7080 6090 
3433 5062 4060 
3434 8035 7036 
3435 10334 9337 
3436 9597 8606 
3437 4716 3720 
3438 5462 4458 
3439 5730 4732 
3440 10388 9391 
3441 10394 9397 
3442 3581 2582 
3443 9186 8179 
3444 3714 2716 
3445 1241 232 
3446 10566 9569 
3447 4401 3391 
3448 5913 4907 
3449 8504 7507 
3450 2880 1879 
3451 4343 3342 
3452 1024 30 
3453 9912 8911 
3454 9859 8864 
3455 2341 1350 
3456 8645 7648 
3457 10971 9967 
3458 2014 1020 
3459 5892 4888 
3460 9929 8935 
3461 8227 7217 
3462 7204 6212 
3463 9530 8527 
3464 7640 6641 
3465 2471 1469 
3466 3095 2094 
3467 2630 1632 
3468 7221 6217 
3469 6969 5974 
3470 10996 9991 
3471 8969 7962 
3472 6267 5264 
3473 4839 3830 
3474 7213 6216 
3475 9705 8709 
3476 9944 8950 
3477 7903 6899 
3478 1685 691 
3479 5156 4148 
3480 9194 8192 
3481 4122 3118 
3482 10371 9380 
3483 7875 6869 
3484 5234 4225 
3485 7216 6209 
3486 8713 7714 
3487 4281 3277 
3488 3332 2339 
3489 3805 2798 
3490 7501 6493 
3491 3359 2366 
3492 4275 3276 
3493 9205 8196 
3494 2094 1087 
3495 6740 5730 
3496 3250 2252 
3497 9402 8395 
3498 10830 9837 
3499 6075 5071 
3500 2392 1387 
3501 5196 4196 
3502 8591 7589 
3503 4424 3426 
3504 10301 9293 
3505 7507 6507 
3506 10134 9135 
3507 5556 4550 
3508 10123 9119 
3509 4470 3479 
3510 8759 7758 
3511 2350 1356 
3512 4114 3113 
3513 5564 4566 
3514 7575 6574 
3515 1056 50 
3516 1903 907 
3517 6999 6003 
3518 10956 9957 
3519 10608 9614 
3520 8528 7522 
3521 8851 7858 
3522 3253 2259 
3523 9651 8658 
3524 6681 5682 
3525 3824 2832 
3526 5814 4804 
3527 3496 2503 
3528 8560 7562 
3529 3994 2997 
3530 1699 698 
3531 8498 7507 
3532 4486 3477 
3533 9536 8531 
3534 5713 4709 
3535 7495 6485 
3536 2455 1461 
3537 1521 518 
3538 9423 8429 
3539 8902 7893 
3540 5775 4776 
3541 9595 8595 
3542 6279 5283 
3543 4625 3623 
3544 3686 2693 
3545 10614 9611 
3546 4198 3206 
3547 8351 7350 
3548 1255 253 
3549 9287 8295 
3550 5229 4233 
3551 10377 9386 
3552 5834 4828 
3553 3211 2203 
3554 8632 7631 
3555 9303 8308 
3556 5525 4518 
3557 5725 4724 
3558 8401 7410 
3559 6315 5311 
3560 6158 5148 
3561 10205 9212 
3562 10724 9717 
3563 8561 7567 
3564 2981 1975 
3565 8828 7826 
3566 3828 2838 
3567 7131 6130 
3568 6555 5561 
3569 2899 1909 
3570 2060 1056 
3571 9092 8083 
3572 2845 1841 
3573 10267 9272 
3574 4536 3538 
3575 9288 8292 
3576 7340 6341 
3577 2961 1964 
3578 10875 9883 
3579 7188 6193 
3580 3160 2150 
3581 9687 8682 
3582 9940 8944 
3583 5940 4945 
3584 8774 7777 
3585 9456 8456 
3586 7933 6929 
3587 7767 6758 
3588 10163 9163 
3589 10791 9793 
3590 3021 2025 
3591 1738 729 
3592 1053 50 
3593 2160 1151 
3594 10514 9517 
3595 5013 4017 
3596 3600 2608 
3597 7650 6659 
3598 3931 2937 
3599 10495 9499 
3600 9642 8649 
3601 4674 3672 
3602 10988 9992 
3603 6039 5040 
3604 8040 7049 
3605 1123 117 
3606 4651 3643 
3607 8419 7427 
3608 1580 584 
3609 3961 2969 
3610 7569 6574 
3611 2739 1730 
3612 2486 1479 
3613 10018 9023 
3614 5974 4968 
3615 1248 243 
3616 3292 2291 
3617 6251 5258 
3618 7543 6552 
3619 9334 8342 
3620 10272 9263 
3621 3740 2743 
3622 8210 7211 
3623 2405 1414 
3624 7028 6027 
3625 2248 1247 
3626 5322 4322 
3627 1527 521 
3628 4434 3425 
3629 4142 3140 
3630 1165 158 
3631 2889 1885 
3632 10654 9652 
3633 1636 640 
3634 2404 1414 
3635 8236 7243 
3636 5617 4625 
3637 2655 1659 
3638 3620 2621 
3639 6526 5526 
3640 2918 1919 
3641 10731 9732 
3642 6656 5662 
3643 1770 762 
3644 5178 4176 
3645 6210 5220 
3646 6781 5777 
3647 4526 3535 
3648 1695 688 
3649 10439 9440 
3650 6806 5797 
3651 2559 1556 
3652 1446 450 
3653 7320 6325 
3654 3951 2950 
3655 8455 7446 
3656 4809 3800 
3657 4765 3772 
3658 8469 7462 
3659 1480 488 
3660 7374 6377 
3661 10525 9525 
3662 2106 1108 
3663 9622 8619 
3664 4480 3482 
3665 3596 2589 
3666 7308 6314 
3667 7976 6981 
3668 6502 5496 
3669 6951 5946 
3670 2249 1257 
3671 7376 6379 
3672 3069 2074 
3673 4209 3211 
3674 2331 1325 
3675 2970 1977 
3676 9797 8801 
3677 2465 1466 
3678 8521 7516 
3679 7526 6533 
3680 2196 1192 
3681 1874 875 
3682 6750 5752 
3683 7983 6993 
3684 4536 3542 
3685 6970 5980 
3686 1243 250 
3687 6069 5064 
3688 3774 2776 
3689 10268 9269 
3690 4550 3559 
3691 3712 2702 
3692 1626 634 
3693 1083 87 
3694 6799 5804 
3695 6946 5954 
3696 9635 8637 
3697 9246 8254 
3698 3209 2211 
3699 7517 6510 
3700 3005 2015 
3701 9469 8465 
3702 8329 7326 
3703 9969 8962 
3704 2746 1736 
3705 6340 5342 
3706 7164 6168 
3707 4461 3454 
3708 2728 1720 
3709 7338 6336 
3710 4634 3641 
3711 6286 5286 
3712 7590 6588 
3713 2068 1067 
3714 5633 4640 
3715 5438 4429 
3716 9424 8424 
3717 5581 4572 
3718 7255 6248 
3719 2601 1597 
3720 9288 8284 
3721 9137 8139 
3722 2509 1509 
3723 6297 5291 
3724 8878 7873 
3725 9954 8954 
3726 2343 1350 
3727 5775 4773 
3728 7780 6779 
3729 5716 4725 
3730 8540 7538 
3731 3424 2421 
3732 3770 2774 
3733 10216 9217 
3734 3448 2445 
3735 4414 3421 
3736 4168 3178 
3737 5495 4495 
3738 2624 1618 
3739 3023 2026 
3740 10551 9560 
3741 4314 3319 
3742 9581 8583 
3743 9448 8450 
3744 8315 7308 
3745 5420 4415 
3746 9533 8542 
3747 1833 824 
3748 7032 6027 
3749 8907 7908 
3750 10272 9280 
3751 9727 8725 
3752 1655 660 
3753 10591 9597 
3754 2202 1202 
3755 7829 6830 
3756 10185 9185 
3757 10814 9805 
3758 9421 8417 
3759 7011 6002 
3760 5048 4052 
3761 6168 5167 
3762 4291 3287 
3763 5444 4442 
3764 8251 7260 
3765 8399 7401 
3766 10959 9957 
3767 6120 5129 
3768 6678 5679 
3769 8113 7115 
3770 1841 841 
3771 3607 2604 
3772 1791 799 
3773 8787 7791 
3774 6153 5159 
3775 6393 5401 
3776 4661 3671 
3777 5031 4040 
3778 3214 2209 
3779 7394 6401 
3780 5030 4029 
3781 5958 4949 
3782 5870 4865 
3783 8470 7471 
3784 1647 655 
3785 8085 7084 
3786 5661 4667 
3787 10313 9304 
3788 5893 4888 
3789 6530 5537 
3790 7740 6750 
3791 8081 7082 
3792 10650 9658 
3793 6463 5454 
3794 1151 161 
3795 8165 7167 
3796 2556 1554 
3797 6134 5130 
3798 8246 7256 
3799 6202 5209 
3800 3812 2808 
3801 10476 9477 
3802 5612 4605 
3803 6714 5717 
3804 3757 2750 
3805 4954 3959 
3806 1058 57 
3807 10977 9978 
3808 1916 926 
3809 8582 7574 
3810 8014 7019 
3811 7356 6361 
3812 9775 8767 
3813 2497 1502 
3814 3612 2604 
3815 6995 5996 
3816 5824 4814 
3817 6400 5400 
3818 9285 8275 
3819 1225 216 
3820 2501 1494 
3821 8084 7078 
3822 9873 8876 
3823 8329 7325 
3824 10928 9930 
3825 1065 66 
3826 9410 8401 
3827 4384 3378 
3828 4039 3048 
3829 10473 9476 
3830 10015 9012 
3831 8362 7355 
3832 1477 485 
3833 4981 3979 
3834 1622 624 
3835 2364 1365 
3836 1390 389 
3837 8316 7312 
3838 3125 2124 
3839 9667 8662 
3840 7843 6833 
3841 2169 1160 
3842 5549 4553 
3843 3438 2431 
3844 8358 7360 
3845 9603 8608 
3846 4990 3985 
3847 2813 1819 
3848 2884 1889 
3849 4346 3345 
3850 6714 5704 
3851 2027 1023 
3852 2471 1469 
3853 7636 6635 
3854 3036 2028 
3855 5451 4442 
3856 6096 5095 
3857 8838 7835 
3858 4114 3111 
3859 6719 5716 
3860 7075 6077 
3861 4418 3415 
3862 10561 9561 
3863 9295 8288 
3864 1675 678 
3865 5472 4478 
3866 6695 5696 
3867 3035 2027 
3868 7101 6099 
3869 9795 8794 
3870 1630 625 
3871 3360 2364 
3872 9525 8527 
3873 9949 8959 
3874 10079 9086 
3875 4578 3572 
3876 8787 7793 
3877 6360 5355 
3878 4813 3807 
3879 6084 5085 
3880 2789 1799 
3881 9205 8214 
3882 5676 4667 
3883 2890 1885 
3884 3952 2955 
3885 2979 1985 
3886 3739 2734 
3887 1775 785 
3888 3464 2463 
3889 7024 6024 
3890 4204 3202 
3891 2018 1012 
3892 7705 6706 
3893 10688 9698 
3894 5305 4312 
3895 1992 999 
3896 9580 8586 
3897 10830 9821 
3898 5182 4173 
3899 9343 8344 
3900 10374 9384 
3901 9139 8132 
3902 1769 760 
3903 6619 5613 
3904 7524 6521 
3905 10778 9786 
3906 10345 9336 
3907 5892 4887 
3908 10208 9218 
3909 9147 8142 
3910 1757 759 
3911 10900 9906 
3912 1217 225 
3913 3024 2023 
3914 9057 8059 
3915 6559 5569 
3916 5073 4064 
3917 9836 8839 
3918 1554 562 
3919 8116 7108 
3920 8724 7715 
3921 5247 4250 
3922 4965 3955 
3923 6536 5539 
3924 2943 1942 
3925 10976 9973 
3926 5903 4897 
3927 10732 9729 
3928 2691 1681 
3929 1194 185 
3930 9274 8280 
3931 7657 6651 
3932 7683 6678 
3933 5421 4431 
3934 4735 3744 
3935 7512 6521 
3936 7089 6095 
3937 6736 5739 
3938 1079 71 
3939 10218 9210 
3940 8511 7506 
3941 2671 1674 
3942 7079 6073 
3943 3159 2153 
3944 1336 334 
3945 7879 6886 
3946 10801 9801 
3947 9621 8620 
3948 5423 4429 
3949 3358 2366 
3950 2837 1830 
3951 8107 7105 
3952 9978 8978 
3953 3144 2144 
3954 1499 489 
3955 8521 7520 
3956 7343 6346 
3957 1481 481 
3958 4229 3219 
3959 8733 7742 
3960 8906 7900 
3961 10598 9601 
3962 4002 2993 
3963 7484 6486 
3964 1994 987 
3965 3257 2266 
3966 2453 1450 
3967 1503 495 
3968 6832 5824 
3969 2608 1599 
3970 1157 156 
3971 1529 539 
3972 2835 1842 
3973 8345 7343 
3974 10572 9572 
3975 3633 2627 
3976 4661 3663 
3977 2300 1296 
3978 5168 4165 
3979 10798 9789 
3980 8670 7666 
3981 6032 5030 
3982 10643 9645 
3983 3872 2872 
3984 4578 3581 
3985 1645 635 
3986 8681 7685 
3987 1549 556 
3988 8655 7662 
3989 3998 2998 
3990 7670 6671 
3991 3358 2365 
3992 10215 9211 
3993 9714 8711 
3994 3655 2648 
3995 8238 7238 
3996 3581 2583 
3997 4968 3974 
3998 2009 1013 
3999 2085 1088 
4000 4508 3501 
4001 8039 7049 
4002 3463 2455 
4003 6698 5690 
4004 5938 4929 
4005 3397 2396 
4006 4803 3801 
4007 9438 8432 
4008 6564 5556 
4009 3743 2744 
4010 8907 7902 
4011 3075 2085 
4012 5750 4750 
4013 4585 3582 
4014 5960 4965 
4015 2274 1274 
4016 8610 7604 
4017 8783 7787 
4018 4600 3591 
4019 6245 5255 
4020 8018 7009 
4021 8772 7764 
4022 1364 357 
4023 6403 5407 
4024 5325 4334 
4025 7406 6408 
4026 8646 7644 
4027 6605 5598 
4028 7954 6955 
4029 4113 3107 
4030 5010 4002 
4031 3829 2827 
4032 9370 8373 
4033 2551 1543 
4034 8226 7224 
4035 1378 376 
4036 10513 9520 
4037 9258 8258 
4038 1008 7 
4039 4513 3503 
4040 5228 4220 
4041 6810 5820 
4042 8867 7877 
4043 4019 3028 
4044 5662 4658 
4045 2436 1431 
4046 4864 3871 
4047 7764 6759 
4048 9109 8102 
4049 3715 2719 
4050 7584 6574 
4051 1827 833 
4052 10037 9044 
4053 2788 1786 
4054 4197 3188 
4055 1962 963 
4056 5133 4132 
4057 5297 4295 
4058 9415 8413 
4059 5977 4972 
4060 1842 839 
4061 3197 2192 
4062 4795 3793 
4063 9478 8482 
4064 4361 3353 
4065 8401 7401 
4066 9420 8430 
4067 4629 3621 
4068 5092 4095 
4069 2642 1648 
4070 6992 5983 
4071 8210 7216 
4072 4404 3400 
4073 7661 6653 
4074 4131 3129 
4075 6821 5817 
4076 4220 3214 
4077 1164 161 
4078 4158 3162 
4079 2309 1311 
4080 3595 2596 
4081 6157 5160 
4082 4386 3387 
4083 5925 4921 
4084 3208 2214 
4085 2714 1705 
4086 10229 9229 
4087 5952 4954 
4088 6219 5214 
4089 4930 3922 
4090 5768 4765 
4091 6688 5697 
4092 6648 5643 
4093 6184 5182 
4094 2963 1969 
4095 4584 3586 
4096 10091 9081 
4097 5744 4752 
4098 6329 5321 
4099 3956 2960 
4100 1263 270 
4101 5606 4599 
4102 7568 6577 
4103 9511 8501 
4104 4250 3256 
4105 7496 6490 
4106 5335 4331 
4107 5107 4117 
4108 5601 4609 
4109 2021 1019 
4110 7748 6744 
4111 2795 1793 
4112 5052 4061 
4113 4897 3894 
4114 3597 2605 
4115 10694 9695 
4116 4455 3449 
4117 3976 2976 
4118 9309 8319 
4119 7526 6516 
4120 9095 8091 
4121 5820 4826 
4122 5373 4378 
4123 8092 7100 
4124 7253 6246 
4125 10865 9868 
4126 4875 3875 
4127 2075 1070 
4128 3539 2548 
4129 10151 9148 
4130 10636 9627 
4131 7089 6090 
4132 8592 7596 
4133 5697 4695 
4134 6125 5116 
4135 6459 5452 
4136 3159 2155 
4137 10707 9716 
4138 1388 379 
4139 2394 1400 
4140 6730 5724 
4141 8325 7318 
4142 6745 5750 
4143 6370 5373 
4144 5951 4946 
4145 5489 4488 
4146 5524 4518 
4147 1804 805 
4148 3002 1994 
4149 7438 6448 
4150 3884 2891 
4151 4010 3008 
4152 7260 6252 
4153 6353 5358 
4154 7808 6804 
4155 1475 478 
4156 9956 8953 
4157 7611 6620 
4158 9731 8726 
4159 2256 1252 
4160 9394 8395 
4161 7449 6445 
4162 8180 7186 
4163 2544 1539 
4164 3800 2793 
4165 8863 7855 
4166 4994 3985 
4167 4028 3030 
4168 9439 8434 
4169 4852 3851 
4170 10666 9673 
4171 4901 3905 
4172 10474 9471 
4173 6989 5985 
4174 5053 4055 
4175 3342 2341 
4176 5937 4931 
4177 4215 3215 
4178 3733 2739 
4179 5379 4376 
4180 7879 6876 
4181 5776 4777 
4182 10474 9473 
4183 7870 6879 
4184 8896 7905 
4185 8136 7135 
4186 5603 4604 
4187 1286 278 
4188 3112 2115 
4189 10910 9915 
4190 2448 1451 
4191 1054 52 
4192 4006 3006 
4193 1492 482 
4194 6091 5086 
4195 8541 7546 
4196 6431 5430 
4197 6815 5808 
4198 7935 6928 
4199 8204 7202 
4200 2309 1308 
4201 6750 5742 
4202 4121 3124 
4203 10105 9105 
4204 1945 937 
4205 7249 6254 
4206 6631 5624 
4207 3408 2407 
4208 6826 5823 
4209 3012 2010 
4210 1517 519 
4211 2415 1419 
4212 7207 6205 
4213 8180 7178 
4214 9266 8272 
4215 10789 9793 
4216 7876 6873 
4217 2334 1341 
4218 2883 1874 
4219 2609 1606 
4220 5024 4021 
4221 7210 6204 
4222 1977 978 
4223 4522 3520 
4224 7678 6684 
4225 7144 6140 
4226 3407 2416 
4227 4734 3744 
4228 4572 3571 
4229 2633 1642 
4230 5157 4152 
4231 9110 8113 
4232 1808 811 
4233 9800 8798 
4234 6367 5372 
4235 7840 6840 
4236 5320 4315 
4237 10388 9386 
4238 3787 2796 
4239 7653 6643 
4240 1207 199 
4241 9806 8810 
4242 10586 9584 
4243 4955 3948 
4244 10173 9166 
4245 5959 4964 
4246 2910 1913 
4247 5847 4837 
4248 4461 3461 
4249 4106 3111 
4250 10103 9094 
4251 5995 4987 
4252 9167 8174 
4253 6370 5373 
4254 3128 2138 
4255 7108 6101 
4256 7867 6870 
4257 2550 1546 
4258 10214 9224 
4259 10030 9028 
4260 10401 9392 
4261 8202 7212 
4262 2058 1050 
4263 10707 9698 
4264 3294 2284 
4265 10246 9243 
4266 7920 6914 
4267 8712 7717 
4268 6454 5460 
4269 3030 2024 
4270 8222 7217 
4271 5660 4666 
4272 10075 9067 
4273 3445 2447 
4274 4676 3678 
4275 10329 9324 
4276 7206 6206 
4277 4534 3526 
4278 1502 492 
4279 2656 1660 
4280 1826 820 
4281 1615 606 
4282 3541 2535 
4283 1303 296 
4284 4820 3824 
4285 8719 7727 
4286 8547 7540 
4287 10692 9702 
4288 3134 2139 
4289 10317 9309 
4290 5498 4502 
4291 6062 5063 
4292 7654 6652 
4293 6119 5111 
4294 1529 533 
4295 5678 4678 
4296 4679 3682 
4297 6992 5988 
4298 10847 9846 
4299 9910 8905 
4300 8939 7941 
4301 2263 1254 
4302 1894 888 
4303 9391 8396 
4304 3335 2330 
4305 7689 6696 
4306 9422 8419 
4307 10139 9146 
4308 4786 3790 
4309 1648 641 
4310 6784 5784 
4311 1511 502 
4312 3111 2104 
4313 6805 5809 
4314 7336 6341 
4315 5288 4283 
4316 1352 361 
4317 5587 4577 
4318 2302 1296 
4319 6543 5537 
4320 3645 2652 
4321 8841 7845 
4322 6205 5209 
4323 9812 8809 
4324 7369 6376 
4325 1596 602 
4326 8226 7226 
4327 5111 4109 
4328 11004 9994 
4329 5244 4249 
4330 6472 5464 
4331 9820 8819 
4332 5598 4590 
4333 7122 6132 
4334 9929 8928 
4335 6659 5657 
4336 8327 7333 
4337 3407 2406 
4338 5765 4764 
4339 2761 1767 
4340 6471 5469 
4341 6690 5685 
4342 8178 7182 
4343 3676 2674 
4344 4244 3246 
4345 2648 1649 
4346 5698 4706 
4347 4499 3493 
4348 7973 6969 
4349 3457 2452 
4350 8301 7309 
4351 7900 6903 
4352 7914 6921 
4353 8146 7137 
4354 2495 1490 
4355 7784 6777 
4356 2558 1555 
4357 6413 5414 
4358 4375 3385 
4359 7092 6087 
4360 3370 2375 
4361 7301 6300 
4362 2832 1831 
4363 8446 7444 
4364 4610 3614 
4365 2055 1059 
4366 9788 8795 
4367 3925 2928 
4368 8495 7500 
4369 7063 6073 
4370 10748 9756 
4371 7661 6659 
4372 4043 3053 
4373 9012 8002 
4374 5076 4078 
4375 1195 192 
4376 10250 9241 
4377 8446 7454 
4378 10428 9420 
4379 2870 1861 
4380 1606 609 
4381 6513 5511 
4382 10290 9292 
4383 5613 4615 
4384 5082 4081 
4385 5584 4594 
4386 4870 3872 
4387 3214 2216 
4388 1059 62 
4389 8853 7851 
4390 1451 449 
4391 7177 6179 
4392 6326 5335 
4393 3311 2315 
4394 3253 2260 
4395 5734 4731 
4396 10264 9270 
4397 2689 1699 
4398 7624 6630 
4399 10013 9009 
4400 1940 942 
4401 5738 4736 
4402 4701 3697 
4403 1509 509 
4404 8617 7611 
4405 3399 2407 
4406 6505 5511 
4407 3538 2546 
4408 4212 3207 
4409 7958 6951 
4410 6644 5635 
4411 5517 4508 
4412 2128 1137 
4413 3518 2523 
4414 5515 4525 
4415 6243 5250 
4416 8896 7893 
4417 7280 6279 
4418 4964 3956 
4419 1242 246 
4420 7711 6713 
4421 9403 8408 
4422 6841 5843 
4423 10711 9713 
4424 10451 9451 
4425 2186 1191 
4426 9347 8350 
4427 5504 4506 
4428 2561 1558 
4429 10362 9364 
4430 1189 196 
4431 10591 9598 
4432 9081 8091 
4433 2782 1788 
4434 2771 1772 
4435 1712 710 
4436 9835 8826 
4437 7668 6676 
4438 8887 7897 
4439 10905 9910 
4440 6431 5432 
4441 2910 1901 
4442 2234 1240 
4443 5451 4457 
4444 9412 8408 
4445 3873 2864 
4446 8593 7583 
4447 9418 8408 
4448 8199 7189 
4449 2896 1889 
4450 10779 9789 
4451 10580 9570 
4452 7105 6115 
4453 6356 5358 
4454 1804 814 
4455 7870 6867 
4456 2336 1331 
4457 5973 4975 
4458 4942 3942 
4459 5689 4687 
4460 2425 1421 
4461 5172 4165 
4462 7088 6098 
4463 3783 2773 
4464 1376 373 
4465 1980 988 
4466 9464 8460 
4467 2528 1518 
4468 10708 9704 
4469 4475 3466 
4470 2100 1094 
4471 9218 8220 
4472 2572 1566 
4473 2929 1920 
4474 10026 9035 
4475 9262 8254 
4476 9280 8279 
4477 9960 8966 
4478 6792 5795 
4479 6836 5832 
4480 10937 9936 
4481 10568 9568 
4482 3038 2029 
4483 7725 6733 
4484 10263 9261 
4485 4015 3005 
4486 6533 5540 
4487 5895 4887 
4488 5486 4494 
4489 9813 8804 
4490 10042 9036 
4491 4013 3018 
4492 7862 6859 
4493 1286 279 
4494 7317 6307 
4495 4511 3510 
4496 1606 602 
4497 5098 4097 
4498 6569 5570 
4499 10237 9236 
4500 4155 3158 
4501 4151 3145 
4502 6242 5244 
4503 6031 5030 
4504 9877 8886 
4505 9984 8991 
4506 5273 4283 
4507 3617 2616 
4508 5245 4238 
4509 1501 492 
4510 4971 3976 
4511 9733 8739 
4512 5568 4567 
4513 3716 2707 
4514 1193 193 
4515 2419 1414 
4516 1083 86 
4517 10227 9220 
4518 6944 5954 
4519 1404 413 
4520 7562 6572 
4521 1801 805 
4522 10219 9215 
4523 3755 2764 
4524 4607 3602 
4525 4748 3753 
4526 4678 3685 
4527 10239 9234 
4528 8010 7002 
4529 3128 2123 
4530 8539 7534 
4531 3096 2089 
4532 8608 7603 
4533 4075 3073 
4534 1435 427 
4535 1041 49 
4536 3683 2675 
4537 4702 3707 
4538 4175 3178 
4539 4767 3770 
4540 8125 7116 
4541 10551 9554 
4542 1765 767 
4543 7876 6872 
4544 8632 7625 
4545 5823 4827 
4546 1660 652 
4547 5397 4398 
4548 10287 9295 
4549 7349 6340 
4550 9928 8923 
4551 2762 1766 
4552 3952 2959 
4553 6612 5619 
4554 5100 4096 
4555 3028 2021 
4556 8509 7504 
4557 6824 5820 
4558 4854 3849 
4559 6205 5209 
4560 1031 23 
4561 10362 9369 
4562 6852 5855 
4563 8237 7228 
4564 10005 9008 
4565 3256 2257 
4566 4569 3573 
4567 7474 6480 
4568 8946 7955 
4569 4353 3363 
4570 4157 3157 
4571 5038 4034 
4572 3075 2066 
4573 6776 5770 
4574 7953 6952 
4575 5007 4009 
4576 9800 8807 
4577 7313 6312 
4578 9356 8348 
4579 7458 6453 
4580 10089 9096 
4581 7874 6876 
4582 4592 3597 
4583 4091 3090 
4584 4118 3125 
4585 7118 6126 
4586 3219 2222 
4587 6834 5828 
4588 8999 7990 
4589 1766 767 
4590 7184 6174 
4591 9260 8267 
4592 7412 6414 
4593 2920 1916 
4594 4400 3398 
4595 2494 1486 
4596 3908 2908 
4597 5227 4218 
4598 1739 743 
4599 7075 6081 
4600 2333 1335 
4601 9268 8264 
4602 8783 7790 
4603 5866 4864 
4604 10269 9279 
4605 9710 8705 
4606 7444 6450 
4607 4417 3427 
4608 4135 3137 
4609 8468 7465 
4610 3966 2962 
4611 5472 4474 
4612 8899 7905 
4613 5487 4477 
4614 3873 2872 
4615 7586 6576 
4616 4270 3262 
4617 1675 677 
4618 2339 1338 
4619 1956 954 
4620 3275 2275 
4621 2079 1076 
4622 9425 8422 
4623 3272 2263 
4624 6046 5042 
4625 4484 3492 
4626 6255 5251 
4627 1209 207 
4628 7390 6393 
4629 4465 3467 
4630 1474 468 
4631 6981 5973 
4632 4635 3630 
4633 7107 6106 
4634 1669 677 
4635 4391 3382 
4636 5554 4548 
4637 10363 9354 
4638 7328 6334 
4639 6243 5241 
4640 10598 9590 
4641 5373 4367 
4642 6167 5165 
4643 7785 6782 
4644 9793 8793 
4645 10575 9575 
4646 1345 350 
4647 7676 6674 
4648 7321 6315 
4649 8459 7465 
4650 1517 516 
4651 7998 6999 
4652 4329 3336 
4653 8119 7112 
4654 3273 2270 
4655 1806 797 
4656 1086 81 
4657 7724 6720 
4658 7725 6725 
4659 10822 9822 
4660 5651 4644 
4661 8495 7493 
4662 6140 5146 
4663 1948 939 
4664 4539 3529 
4665 8404 7400 
4666 9508 8506 
4667 10929 9938 
4668 6465 5457 
4669 1763 755 
4670 2539 1531 
4671 2803 1801 
4672 7038 6039 
4673 8399 7402 
4674 2908 1902 
4675 3853 2849 
4676 2428 1424 
4677 4121 3113 
4678 1783 781 
4679 10541 9541 
4680 4746 3740 
4681 1881 874 
4682 1496 491 
4683 9543 8538 
4684 4243 3252 
4685 10508 9502 
4686 10766 9769 
4687 3728 2735 
4688 4247 3244 
4689 6275 5281 
4690 3265 2269 
4691 5860 4860 
4692 4000 2992 
4693 9721 8712 
4694 5306 4314 
4695 1296 292 
4696 3039 2040 
4697 7279 6275 
4698 7783 6780 
4699 6652 5652 
4700 1107 117 
4701 2286 1293 
4702 1318 314 
4703 1502 499 
4704 7991 6995 
4705 5351 4345 
4706 7228 6229 
4707 1425 418 
4708 8735 7735 
4709 10431 9428 
4710 9846 8853 
4711 3740 2731 
4712 2830 1825 
4713 9607 8615 
4714 10368 9376 
4715 9052 8052 
4716 9403 8408 
4717 8942 7940 
4718 3456 2452 
4719 4105 3099 
4720 4263 3266 
4721 9866 8870 
4722 8187 7178 
4723 7001 5992 
4724 9917 8923 
4725 3749 2739 
4726 6166 5171 
4727 4752 3760 
4728 2618 1626 
4729 3193 2187 
4730 3003 1996 
4731 7269 6269 
4732 8899 7889 
4733 3547 2551 
4734 2652 1643 
4735 6598 5593 
4736 6786 5788 
4737 2666 1660 
4738 10957 9953 
4739 9007 8002 
4740 2227 1230 
4741 1038 40 
4742 2456 1463 
4743 4755 3764 
4744 2618 1625 
4745 9023 8017 
4746 2166 1171 
4747 2645 1653 
4748 6602 5604 
4749 2739 1739 
4750 6152 5154 
4751 6826 5825 
4752 9186 8196 
4753 7244 6240 
4754 9334 8333 
4755 6221 5219 
4756 10480 9478 
4757 1408 407 
4758 9606 8614 
4759 1184 174 
4760 8880 7888 
4761 4491 3487 
4762 9251 8249 
4763 7927 6925 
4764 5529 4533 
4765 10031 9026 
4766 1725 717 
4767 5591 4585 
4768 7825 6831 
4769 2182 1173 
4770 4413 3411 
4771 10241 9232 
4772 9952 8949 
4773 7477 6468 
4774 6624 5619 
4775 3454 2448 
4776 9997 8996 
4777 5990 4984 
4778 2533 1539 
4779 4832 3836 
4780 2781 1784 
4781 1461 466 
4782 9708 8705 
4783 5716 4722 
4784 3123 2114 
4785 2031 1039 
4786 10484 9494 
4787 8493 7501 
4788 5276 4272 
4789 8862 7859 
4790 9758 8755 
4791 4421 3423 
4792 1515 522 
4793 7366 6368 
4794 2241 1236 
4795 5318 4308 
4796 3859 2864 
4797 4206 3214 
4798 9151 8145 
4799 10181 9171 
4800 5221 4223 
4801 7841 6834 
4802 9990 8986 
4803 4543 3534 
4804 4541 3531 
4805 4135 3145 
4806 3532 2536 
4807 7813 6814 
4808 10066 9060 
4809 1349 347 
4810 4557 3553 
4811 10625 9625 
4812 8369 7379 
4813 7323 6314 
4814 5627 4626 
4815 10807 9806 
4816 6604 5595 
4817 4976 3970 
4818 9445 8452 
4819 10655 9654 
4820 1116 122 
4821 5852 4856 
4822 7314 6313 
4823 7488 6482 
4824 9716 8711 
4825 9488 8493 
4826 4984 3981 
4827 5075 4065 
4828 5315 4323 
4829 8152 7146 
4830 4680 3671 
4831 9856 8856 
4832 5885 4890 
4833 2452 1459 
4834 9257 8247 
4835 4243 3241 
4836 10706 9713 
4837 9415 8406 
4838 2828 1831 
4839 7329 6319 
4840 10824 9815 
4841 3414 2411 
4842 1692 701 
4843 10264 9262 
4844 10759 9749 
4845 9328 8323 
4846 6181 5189 
4847 2025 1029 
4848 8910 7904 
4849 2408 1402 
4850 5149 4152 
4851 3864 2861 
4852 3233 2243 
4853 3227 2230 
4854 7312 6313 
4855 8426 7432 
4856 8436 7431 
4857 3465 2471 
4858 8132 7123 
4859 5785 4788 
4860 7861 6861 
4861 7607 6599 
4862 6272 5278 
4863 9318 8312 
4864 2708 1712 
4865 3492 2490 
4866 6392 5402 
4867 9809 8804 
4868 5558 4566 
4869 6586 5580 
4870 3022 2032 
4871 6952 5954 
4872 6722 5725 
4873 8828 7831 
4874 3694 2694 
4875 4114 3113 
4876 8415 7408 
4877 6761 5756 
4878 5387 4393 
4879 2853 1846 
4880 1226 224 
4881 1168 166 
4882 1120 129 
4883 8051 7042 
4884 9933 8941 
4885 2072 1069 
4886 8771 7762 
4887 7265 6257 
4888 3914 2908 
4889 4072 3070 
4890 9368 8359 
4891 1899 895 
4892 2988 1984 
4893 10857 9861 
4894 7640 6631 
4895 2878 1874 
4896 4099 3091 
4897 3430 2436 
4898 4552 3554 
4899 1426 429 
4900 7766 6763 
4901 7739 6747 
4902 8536 7538 
4903 8628 7624 
4904 10502 9511 
4905 8882 7872 
4906 3998 3004 
4907 9182 8186 
4908 1686 689 
4909 5974 4966 
4910 8159 7150 
4911 9412 8417 
4912 2444 1436 
4913 6282 5288 
4914 10002 8992 
4915 7960 6951 
4916 2796 1797 
4917 5701 4700 
4918 3362 2357 
4919 4503 3500 
4920 8090 7092 
4921 10810 9809 
4922 8267 7257 
4923 9423 8432 
4924 2753 1753 
4925 9365 8355 
4926 5364 4354 
4927 3726 2727 
4928 4288 3297 
4929 2878 1876 
4930 10044 9040 
4931 9761 8756 
4932 1391 400 
4933 4757 3762 
4934 3711 2718 
4935 7086 6081 
4936 5843 4853 
4937 9276 8278 
4938 10191 9201 
4939 10326 9331 
4940 3403 2395 
4941 5598 4592 
4942 9439 8438 
4943 9639 8648 
4944 9579 8580 
4945 5846 4845 
4946 4101 3093 
4947 3013 2009 
4948 1423 430 
4949 10689 9699 
4950 5105 4098 
4951 4475 3482 
4952 8652 7648 
4953 7953 6945 
4954 3862 2872 
4955 10783 9783 
4956 6775 5771 
4957 9998 8994 
4958 11000 9998 
4959 10213 9223 
4960 3925 2922 
4961 5427 4424 
4962 1459 452 
4963 5689 4682 
4964 8018 7028 
4965 9439 8434 
4966 7101 6100 
4967 4066 3068 
4968 3716 2711 
4969 3896 2888 
4970 4260 3251 
4971 8687 7697 
4972 10344 9340 
4973 3495 2491 
4974 1648 655 
4975 3260 2265 
4976 1925 935 
4977 8633 7640 
4978 4536 3536 
4979 3472 2475 
4980 4565 3558 
4981 7058 6051 
4982 4469 3464 
4983 8482 7483 
4984 5262 4255 
4985 4285 3294 
4986 7742 6741 
4987 4070 3061 
4988 9253 8244 
4989 1279 273 
4990 9206 8204 
4991 8642 7649 
4992 7588 6591 
4993 8083 7089 
4994 8510 7501 
4995 9201 8207 
4996 4064 3064 
4997 1774 779 
4998 2819 1827 
4999 6896 5898 
5000 5912 4908 
