npieces: 500
capacity: 119937211
1 838937 739476 
2 149788 50104 
3 803022 703814 
4 155565 56551 
5 977325 876928 
6 370025 269462 
7 888161 788897 
8 468107 367816 
9 377861 277289 
10 379651 280118 
11 306966 207752 
12 909053 808487 
13 1083056 983360 
14 971831 871400 
15 240505 140153 
16 409396 309801 
17 671324 572193 
18 328249 227444 
19 568103 468669 
20 239258 138826 
21 175872 75025 
22 652516 553436 
23 148092 48168 
24 255826 155107 
25 781566 682369 
26 973705 874460 
27 1084901 984342 
28 512644 412068 
29 622235 521610 
30 608575 509099 
31 223735 124334 
32 788433 688024 
33 549248 449136 
34 102619 2041 
35 679077 578656 
36 292307 191781 
37 288771 189024 
38 745597 646193 
39 933630 834088 
40 913076 813067 
41 735849 635443 
42 170071 69750 
43 184251 85194 
44 431357 331170 
45 777516 676523 
46 310557 209895 
47 599937 499414 
48 179024 78238 
49 738349 638195 
50 1085192 984348 
51 769063 669347 
52 752017 652748 
53 911550 810657 
54 648011 547112 
55 753107 652565 
56 877239 777428 
57 230673 130933 
58 259184 158359 
59 114973 15576 
60 161264 60342 
61 1030309 929881 
62 723884 623791 
63 532883 432356 
64 1078576 979471 
65 193951 93280 
66 681495 582256 
67 826094 725177 
68 969554 869843 
69 242454 142536 
70 460509 359574 
71 324811 225506 
72 154772 55122 
73 457805 358202 
74 1094502 995347 
75 862795 762164 
76 364164 263861 
77 1063914 964679 
78 913302 813207 
79 700506 600653 
80 244133 144127 
81 1040078 940714 
82 878059 777354 
83 912357 812439 
84 982829 882190 
85 99988 650 
86 895960 795982 
87 481882 381252 
88 138026 39000 
89 153169 53622 
90 101548 2047 
91 908426 808657 
92 555900 456689 
93 627135 527273 
94 304836 204788 
95 812674 712196 
96 318386 218561 
97 170178 70469 
98 248007 147581 
99 106464 5744 
100 664109 564432 
101 134460 33561 
102 271774 171876 
103 645286 544686 
104 768524 667900 
105 1059702 959197 
106 484448 385070 
107 669270 568611 
108 634707 535103 
109 961305 860787 
110 320806 221337 
111 1013022 913983 
112 1059848 959659 
113 1091309 992293 
114 1011409 910813 
115 251672 151673 
116 304244 204399 
117 712033 612715 
118 1083826 983789 
119 210517 110997 
120 1009081 909713 
121 483592 384292 
122 602787 501877 
123 371633 271648 
124 1031157 931507 
125 1001607 902553 
126 1016959 917467 
127 669166 569840 
128 418156 318288 
129 897375 796671 
130 1021372 920511 
131 443239 342246 
132 577878 477757 
133 843701 743219 
134 846658 747260 
135 420701 321005 
136 238785 138858 
137 293381 194045 
138 574206 474471 
139 333402 234170 
140 718380 618912 
141 995835 896207 
142 460949 360781 
143 313741 214411 
144 747911 647811 
145 1063342 962437 
146 979508 878518 
147 488121 389098 
148 891191 790415 
149 261324 162085 
150 198837 98470 
151 217749 118249 
152 806896 705949 
153 648040 548062 
154 500485 400600 
155 102147 1702 
156 551350 452188 
157 154652 55242 
158 117586 16771 
159 238551 137798 
160 167736 66905 
161 271528 171117 
162 1083727 983575 
163 297391 196794 
164 601857 501562 
165 203973 104117 
166 289270 188734 
167 123411 23999 
168 697800 598076 
169 198622 98490 
170 881336 780381 
171 106915 6551 
172 713153 613690 
173 675443 575805 
174 494896 395602 
175 147419 48339 
176 793611 692711 
177 1067515 967914 
178 184588 84405 
179 1014943 914826 
180 712951 612560 
181 192064 91735 
182 762399 662745 
183 964197 863200 
184 162219 62364 
185 358800 258501 
186 221865 122185 
187 647755 548034 
188 626024 526477 
189 612131 511644 
190 187603 88141 
191 434142 333350 
192 997483 897471 
193 628486 527536 
194 211125 111908 
195 1022391 923341 
196 920060 820134 
197 138951 39616 
198 709302 609546 
199 673610 573763 
200 133356 32721 
201 678142 577331 
202 314716 214897 
203 773809 673563 
204 488408 388267 
205 222497 122203 
206 779008 678345 
207 497119 398004 
208 986436 886454 
209 268183 168563 
210 337740 237945 
211 469148 368632 
212 487629 388240 
213 836023 736099 
214 1098679 999141 
215 1098420 997594 
216 906721 807279 
217 801733 702072 
218 196446 95784 
219 646392 545813 
220 109457 9446 
221 445086 344494 
222 144253 44889 
223 219012 118513 
224 145093 44640 
225 1039348 939944 
226 544007 444040 
227 1057805 957503 
228 679842 580449 
229 804011 704819 
230 125470 26431 
231 109386 9689 
232 341479 241610 
233 350771 249801 
234 268891 168386 
235 843381 743461 
236 600739 500756 
237 257183 156361 
238 540356 441041 
239 538693 438865 
240 345700 244945 
241 735120 635905 
242 399648 300323 
243 1075008 974357 
244 429414 329263 
245 609434 508518 
246 303175 202411 
247 958522 857910 
248 195367 94518 
249 144353 44440 
250 115884 16020 
251 886070 786367 
252 718628 617863 
253 581082 481761 
254 644940 545542 
255 1082779 983751 
256 770738 670493 
257 851533 752180 
258 705842 605344 
259 141282 40815 
260 983828 884173 
261 950369 851311 
262 642265 542013 
263 809753 709987 
264 406916 307847 
265 716208 616795 
266 497215 398002 
267 406771 306902 
268 120433 21012 
269 799547 700009 
270 907601 808075 
271 430504 331400 
272 248060 147479 
273 905564 805236 
274 400840 301523 
275 976991 876033 
276 960570 860174 
277 706140 606787 
278 762238 662730 
279 478547 378517 
280 670294 569680 
281 554368 454853 
282 525596 425134 
283 1095741 994783 
284 677216 577103 
285 535694 435412 
286 349671 249397 
287 984553 884359 
288 862716 763157 
289 823988 723637 
290 770620 669711 
291 187127 86974 
292 718853 617864 
293 326065 226324 
294 595677 496230 
295 999864 900351 
296 878079 778855 
297 362379 262538 
298 469816 368862 
299 1090838 991822 
300 323689 224012 
301 246980 147096 
302 525326 425239 
303 434315 334778 
304 192536 92521 
305 669081 569707 
306 998423 897512 
307 477363 377627 
308 208630 109389 
309 1074917 975128 
310 429979 328995 
311 780400 679510 
312 893085 792862 
313 422543 321566 
314 331767 231446 
315 290446 190998 
316 977508 877342 
317 517179 417449 
318 623859 524741 
319 245084 145874 
320 489391 389993 
321 432899 333322 
322 993043 894003 
323 667134 566156 
324 737427 637746 
325 262578 162945 
326 105239 5015 
327 133545 33550 
328 530303 429899 
329 413392 312694 
330 500150 400745 
331 568979 469100 
332 802742 703195 
333 107979 8057 
334 733527 632660 
335 406909 307782 
336 711779 611815 
337 1057422 957895 
338 544635 445507 
339 441655 341124 
340 469216 369356 
341 753331 653445 
342 1040578 941142 
343 854003 754394 
344 665466 564992 
345 537204 436292 
346 682197 582379 
347 890078 790980 
348 728735 629590 
349 844493 745085 
350 546233 446231 
351 111937 11464 
352 1084620 985208 
353 701433 602004 
354 652317 552364 
355 377501 276600 
356 573222 472557 
357 370362 270167 
358 404843 304499 
359 720877 621679 
360 286049 185938 
361 379169 279742 
362 334760 234737 
363 380417 280081 
364 839729 740258 
365 657710 557674 
366 419095 319331 
367 181479 80653 
368 703493 604464 
369 134956 35111 
370 952126 852035 
371 849949 749852 
372 462305 362218 
373 712260 611948 
374 135119 35266 
375 997697 897856 
376 774612 674133 
377 698195 598615 
378 610772 510286 
379 711255 611528 
380 295065 194517 
381 930059 829427 
382 311775 212235 
383 421161 321864 
384 412246 312163 
385 337043 236211 
386 1027979 928859 
387 538450 438051 
388 801174 701078 
389 864065 764918 
390 1098468 998808 
391 941205 841219 
392 694958 594269 
393 428090 328323 
394 1022430 921750 
395 569386 469596 
396 809364 709377 
397 551189 451980 
398 1036906 935972 
399 798074 697838 
400 805565 705445 
401 356600 257388 
402 489764 390025 
403 498209 397442 
404 992611 892743 
405 425322 325866 
406 534639 434120 
407 685955 586218 
408 1096500 996350 
409 610398 509558 
410 262040 161758 
411 362409 262339 
412 184978 84091 
413 840826 740713 
414 500808 400385 
415 486402 386355 
416 1044413 943754 
417 225954 126791 
418 896386 795488 
419 240554 139756 
420 464887 364112 
421 972169 871229 
422 278745 178791 
423 206421 107113 
424 136371 37260 
425 994795 895140 
426 264150 163705 
427 902410 802478 
428 289621 188824 
429 120665 19838 
430 609924 509622 
431 663409 564363 
432 847386 747046 
433 763477 663670 
434 387863 288693 
435 260379 160279 
436 505059 404869 
437 387269 286498 
438 126040 26760 
439 715003 614326 
440 986575 885723 
441 151766 52418 
442 317890 217980 
443 1024951 925332 
444 1096056 995754 
445 1038321 938815 
446 291486 192152 
447 890248 790057 
448 647309 548301 
449 335090 234735 
450 344369 244763 
451 308775 208437 
452 798454 698297 
453 543885 443149 
454 576467 477055 
455 518807 419650 
456 1045989 946814 
457 247283 147075 
458 1043750 943866 
459 657214 556647 
460 239048 139718 
461 754777 654369 
462 596116 496442 
463 1014673 914049 
464 1001849 901906 
465 588235 487972 
466 425739 325158 
467 1011731 911930 
468 1024812 925506 
469 967073 866802 
470 101517 865 
471 882323 783236 
472 666542 566091 
473 126002 26266 
474 351146 251400 
475 587640 488540 
476 1071753 972223 
477 262749 162071 
478 437016 337520 
479 720850 621193 
480 695064 595403 
481 1029259 929675 
482 493095 393195 
483 595736 496219 
484 775105 675442 
485 721737 622085 
486 962135 863105 
487 814068 713070 
488 407606 307988 
489 442422 342909 
490 225271 126201 
491 1032444 932391 
492 826465 726763 
493 527188 428117 
494 507891 407311 
495 764123 665011 
496 535893 435338 
497 192638 93399 
498 223494 123453 
499 153689 53772 
500 397736 297502 
