npieces: 5000
capacity: 257554161
1 617 100090 
2 997 100091 
3 627 100016 
4 788 100036 
5 141 100094 
6 459 100037 
7 766 100026 
8 989 100072 
9 918 100083 
10 755 100063 
11 101 100079 
12 404 100087 
13 157 100075 
14 445 100058 
15 798 100059 
16 254 100004 
17 22 100022 
18 473 100002 
19 930 100071 
20 423 100078 
21 902 100006 
22 257 100047 
23 765 100020 
24 272 100092 
25 902 100093 
26 449 100011 
27 67 100088 
28 697 100032 
29 239 100074 
30 32 100049 
31 731 100069 
32 717 100024 
33 421 100060 
34 838 100047 
35 309 100020 
36 434 100001 
37 325 100013 
38 158 100091 
39 213 100007 
40 984 100092 
41 56 100060 
42 19 100038 
43 711 100054 
44 295 100023 
45 208 100043 
46 844 100071 
47 451 100009 
48 91 100093 
49 752 100069 
50 337 100070 
51 632 100003 
52 593 100071 
53 302 100087 
54 653 100033 
55 954 100072 
56 145 100046 
57 370 100043 
58 324 100096 
59 61 100048 
60 827 100047 
61 470 100016 
62 284 100078 
63 969 100082 
64 684 100034 
65 309 100087 
66 285 100009 
67 614 100013 
68 496 100014 
69 533 100081 
70 163 100014 
71 703 100037 
72 15 100007 
73 999 100025 
74 784 100050 
75 241 100063 
76 690 100006 
77 924 100070 
78 212 100065 
79 754 100064 
80 164 100036 
81 727 100043 
82 271 100014 
83 812 100098 
84 323 100034 
85 727 100073 
86 171 100081 
87 297 100054 
88 589 100075 
89 499 100076 
90 428 100087 
91 622 100046 
92 246 100058 
93 814 100038 
94 233 100037 
95 9 100028 
96 430 100031 
97 922 100057 
98 626 100048 
99 325 100061 
100 109 100041 
101 502 100033 
102 521 100086 
103 43 100091 
104 649 100050 
105 282 100099 
106 139 100071 
107 472 100058 
108 100 100005 
109 728 100062 
110 798 100073 
111 972 100090 
112 192 100086 
113 866 100070 
114 138 100012 
115 558 100002 
116 652 100097 
117 936 100007 
118 330 100085 
119 834 100006 
120 494 100055 
121 401 100010 
122 42 100023 
123 349 100022 
124 616 100067 
125 854 100040 
126 96 100017 
127 989 100093 
128 125 100022 
129 956 100020 
130 868 100029 
131 339 100059 
132 922 100015 
133 48 100024 
134 57 100027 
135 530 100098 
136 47 100060 
137 722 100021 
138 324 100094 
139 575 100031 
140 101 100090 
141 852 100026 
142 642 100029 
143 856 100042 
144 328 100088 
145 458 100012 
146 187 100067 
147 631 100069 
148 708 100043 
149 98 100069 
150 83 100071 
151 990 100025 
152 946 100067 
153 803 100088 
154 605 100012 
155 931 100017 
156 945 100092 
157 279 100006 
158 416 100061 
159 163 100096 
160 198 100069 
161 722 100027 
162 996 100070 
163 127 100014 
164 415 100073 
165 66 100033 
166 555 100069 
167 380 100039 
168 993 100096 
169 23 100090 
170 450 100081 
171 852 100063 
172 63 100050 
173 626 100010 
174 55 100034 
175 312 100031 
176 876 100056 
177 351 100051 
178 162 100014 
179 559 100050 
180 253 100021 
181 884 100023 
182 926 100002 
183 877 100017 
184 953 100037 
185 474 100029 
186 14 100042 
187 119 100085 
188 594 100068 
189 913 100096 
190 530 100047 
191 963 100009 
192 236 100032 
193 85 100078 
194 953 100056 
195 354 100088 
196 19 100078 
197 613 100065 
198 983 100064 
199 608 100039 
200 654 100040 
201 888 100068 
202 598 100042 
203 592 100048 
204 728 100046 
205 192 100090 
206 478 100033 
207 321 100055 
208 811 100028 
209 112 100010 
210 990 100055 
211 421 100077 
212 781 100061 
213 368 100045 
214 402 100005 
215 567 100060 
216 836 100035 
217 133 100083 
218 109 100065 
219 322 100064 
220 195 100019 
221 659 100034 
222 942 100003 
223 854 100004 
224 421 100057 
225 381 100045 
226 429 100080 
227 700 100096 
228 798 100094 
229 784 100097 
230 444 100077 
231 230 100092 
232 551 100087 
233 102 100002 
234 767 100020 
235 290 100068 
236 473 100053 
237 974 100087 
238 134 100037 
239 142 100094 
240 862 100055 
241 694 100005 
242 720 100081 
243 122 100086 
244 892 100064 
245 939 100056 
246 336 100066 
247 811 100024 
248 771 100079 
249 757 100009 
250 793 100090 
251 348 100068 
252 836 100002 
253 950 100036 
254 75 100003 
255 396 100093 
256 362 100097 
257 289 100088 
258 957 100080 
259 60 100023 
260 506 100017 
261 508 100061 
262 282 100022 
263 80 100040 
264 436 100026 
265 520 100097 
266 95 100035 
267 139 100042 
268 121 100039 
269 574 100075 
270 8 100037 
271 53 100066 
272 852 100033 
273 121 100048 
274 440 100041 
275 758 100078 
276 867 100047 
277 328 100018 
278 623 100029 
279 602 100003 
280 709 100063 
281 90 100008 
282 643 100023 
283 876 100083 
284 452 100043 
285 273 100071 
286 826 100084 
287 740 100008 
288 306 100037 
289 874 100059 
290 180 100098 
291 491 100043 
292 141 100091 
293 305 100042 
294 211 100037 
295 476 100010 
296 788 100095 
297 271 100059 
298 35 100047 
299 259 100073 
300 561 100035 
301 757 100068 
302 84 100011 
303 671 100048 
304 774 100082 
305 976 100024 
306 925 100085 
307 952 100007 
308 266 100037 
309 453 100049 
310 936 100056 
311 307 100020 
312 451 100034 
313 995 100074 
314 611 100058 
315 27 100080 
316 835 100008 
317 94 100057 
318 674 100095 
319 463 100010 
320 550 100075 
321 279 100078 
322 472 100097 
323 233 100073 
324 367 100008 
325 958 100051 
326 532 100033 
327 163 100070 
328 520 100047 
329 571 100061 
330 646 100072 
331 417 100079 
332 496 100036 
333 774 100060 
334 737 100046 
335 579 100065 
336 844 100030 
337 564 100019 
338 200 100011 
339 105 100074 
340 625 100062 
341 562 100035 
342 523 100056 
343 759 100083 
344 925 100088 
345 793 100005 
346 752 100025 
347 305 100083 
348 963 100023 
349 850 100060 
350 524 100090 
351 589 100033 
352 421 100029 
353 1 100034 
354 137 100097 
355 885 100018 
356 362 100041 
357 452 100051 
358 744 100042 
359 156 100044 
360 647 100087 
361 507 100044 
362 998 100030 
363 142 100059 
364 591 100091 
365 927 100041 
366 504 100075 
367 466 100063 
368 749 100081 
369 628 100015 
370 304 100033 
371 905 100040 
372 823 100014 
373 505 100026 
374 607 100086 
375 917 100056 
376 898 100041 
377 972 100023 
378 403 100010 
379 45 100068 
380 362 100058 
381 760 100003 
382 936 100071 
383 597 100043 
384 512 100090 
385 648 100070 
386 344 100014 
387 200 100085 
388 995 100080 
389 59 100048 
390 45 100012 
391 616 100048 
392 114 100086 
393 624 100011 
394 635 100078 
395 857 100098 
396 230 100093 
397 65 100002 
398 705 100024 
399 579 100048 
400 938 100028 
401 281 100002 
402 270 100049 
403 47 100092 
404 420 100057 
405 503 100021 
406 957 100084 
407 23 100096 
408 83 100037 
409 107 100014 
410 139 100036 
411 832 100056 
412 672 100024 
413 934 100042 
414 142 100081 
415 920 100087 
416 543 100006 
417 148 100009 
418 253 100073 
419 841 100062 
420 861 100087 
421 450 100041 
422 708 100007 
423 702 100070 
424 345 100019 
425 529 100053 
426 814 100074 
427 227 100014 
428 357 100075 
429 219 100075 
430 219 100026 
431 40 100023 
432 579 100081 
433 547 100094 
434 826 100038 
435 220 100026 
436 146 100079 
437 199 100088 
438 53 100048 
439 603 100053 
440 616 100036 
441 103 100073 
442 777 100043 
443 121 100017 
444 247 100089 
445 356 100057 
446 157 100036 
447 126 100081 
448 362 100065 
449 572 100081 
450 536 100068 
451 242 100004 
452 982 100057 
453 370 100094 
454 708 100039 
455 383 100035 
456 243 100000 
457 360 100024 
458 79 100060 
459 708 100081 
460 299 100043 
461 326 100024 
462 455 100046 
463 470 100044 
464 487 100018 
465 169 100014 
466 547 100048 
467 759 100050 
468 295 100060 
469 247 100028 
470 942 100057 
471 633 100028 
472 336 100067 
473 287 100072 
474 749 100060 
475 481 100009 
476 68 100045 
477 236 100052 
478 509 100096 
479 886 100041 
480 392 100044 
481 632 100053 
482 160 100057 
483 184 100046 
484 663 100090 
485 162 100056 
486 974 100089 
487 467 100014 
488 865 100032 
489 506 100039 
490 734 100027 
491 476 100005 
492 728 100087 
493 450 100054 
494 540 100067 
495 136 100055 
496 151 100030 
497 36 100090 
498 922 100023 
499 401 100088 
500 859 100061 
501 184 100063 
502 473 100059 
503 74 100046 
504 148 100077 
505 12 100071 
506 38 100001 
507 392 100002 
508 938 100000 
509 748 100060 
510 992 100061 
511 745 100087 
512 753 100021 
513 569 100085 
514 197 100042 
515 950 100057 
516 23 100090 
517 675 100009 
518 490 100059 
519 826 100002 
520 299 100076 
521 258 100070 
522 242 100031 
523 857 100028 
524 773 100038 
525 510 100023 
526 411 100033 
527 340 100092 
528 187 100001 
529 700 100011 
530 494 100067 
531 58 100048 
532 343 100060 
533 201 100086 
534 326 100030 
535 910 100086 
536 771 100057 
537 94 100018 
538 325 100060 
539 957 100090 
540 567 100067 
541 156 100075 
542 451 100080 
543 854 100007 
544 887 100054 
545 175 100002 
546 137 100033 
547 370 100070 
548 967 100057 
549 613 100067 
550 127 100039 
551 363 100069 
552 456 100078 
553 758 100074 
554 116 100040 
555 270 100065 
556 394 100064 
557 739 100037 
558 292 100068 
559 203 100012 
560 594 100083 
561 32 100095 
562 48 100092 
563 153 100063 
564 419 100023 
565 595 100062 
566 828 100030 
567 212 100092 
568 574 100033 
569 476 100089 
570 450 100087 
571 585 100036 
572 588 100084 
573 549 100043 
574 777 100007 
575 862 100030 
576 792 100061 
577 914 100054 
578 698 100021 
579 684 100026 
580 655 100007 
581 503 100096 
582 166 100008 
583 302 100054 
584 481 100059 
585 710 100057 
586 955 100066 
587 881 100088 
588 23 100089 
589 936 100026 
590 494 100096 
591 476 100013 
592 628 100088 
593 921 100031 
594 872 100055 
595 519 100079 
596 918 100009 
597 902 100010 
598 403 100036 
599 949 100068 
600 557 100048 
601 847 100097 
602 84 100012 
603 523 100012 
604 416 100033 
605 23 100051 
606 808 100092 
607 937 100014 
608 236 100076 
609 657 100023 
610 784 100098 
611 533 100023 
612 238 100041 
613 690 100034 
614 951 100082 
615 389 100037 
616 69 100068 
617 868 100041 
618 696 100041 
619 131 100053 
620 115 100021 
621 750 100064 
622 130 100081 
623 440 100093 
624 883 100096 
625 750 100064 
626 118 100090 
627 259 100026 
628 962 100062 
629 577 100077 
630 213 100078 
631 817 100062 
632 7 100034 
633 887 100025 
634 964 100086 
635 13 100078 
636 900 100073 
637 298 100047 
638 497 100022 
639 70 100005 
640 764 100058 
641 389 100011 
642 476 100064 
643 989 100079 
644 805 100089 
645 718 100040 
646 641 100061 
647 350 100066 
648 349 100048 
649 669 100084 
650 939 100022 
651 164 100036 
652 207 100048 
653 405 100082 
654 736 100015 
655 654 100043 
656 389 100028 
657 568 100061 
658 945 100011 
659 119 100071 
660 124 100098 
661 365 100045 
662 240 100046 
663 743 100094 
664 901 100076 
665 891 100000 
666 441 100081 
667 644 100083 
668 192 100091 
669 669 100067 
670 699 100021 
671 630 100086 
672 784 100063 
673 765 100012 
674 694 100075 
675 316 100065 
676 347 100065 
677 850 100094 
678 989 100025 
679 569 100046 
680 617 100058 
681 92 100040 
682 611 100095 
683 467 100097 
684 754 100087 
685 860 100048 
686 863 100099 
687 920 100023 
688 170 100015 
689 447 100021 
690 705 100021 
691 520 100017 
692 743 100025 
693 337 100086 
694 532 100094 
695 376 100061 
696 438 100048 
697 308 100056 
698 836 100017 
699 747 100025 
700 627 100017 
701 504 100063 
702 455 100073 
703 488 100017 
704 695 100091 
705 290 100037 
706 478 100068 
707 881 100041 
708 882 100020 
709 335 100012 
710 266 100014 
711 375 100099 
712 560 100076 
713 519 100092 
714 825 100098 
715 537 100097 
716 13 100004 
717 12 100018 
718 416 100095 
719 963 100049 
720 524 100004 
721 122 100074 
722 560 100044 
723 465 100046 
724 256 100052 
725 199 100078 
726 338 100084 
727 819 100085 
728 27 100063 
729 537 100080 
730 221 100074 
731 512 100030 
732 886 100039 
733 724 100063 
734 957 100046 
735 693 100014 
736 507 100074 
737 108 100098 
738 771 100033 
739 444 100059 
740 831 100077 
741 284 100074 
742 217 100013 
743 184 100027 
744 59 100089 
745 767 100040 
746 716 100010 
747 341 100067 
748 592 100093 
749 269 100085 
750 122 100029 
751 522 100029 
752 744 100009 
753 178 100059 
754 835 100008 
755 984 100074 
756 338 100073 
757 796 100050 
758 762 100055 
759 353 100052 
760 884 100026 
761 236 100044 
762 595 100053 
763 556 100080 
764 768 100039 
765 713 100083 
766 948 100096 
767 237 100005 
768 137 100097 
769 946 100067 
770 822 100072 
771 135 100075 
772 29 100019 
773 578 100069 
774 810 100036 
775 723 100037 
776 474 100014 
777 723 100016 
778 125 100047 
779 808 100070 
780 562 100069 
781 94 100047 
782 510 100080 
783 147 100023 
784 473 100025 
785 215 100097 
786 469 100045 
787 325 100071 
788 59 100018 
789 955 100023 
790 316 100043 
791 826 100033 
792 489 100060 
793 938 100040 
794 439 100012 
795 926 100025 
796 106 100050 
797 735 100092 
798 333 100008 
799 735 100086 
800 155 100062 
801 29 100036 
802 846 100092 
803 320 100085 
804 626 100083 
805 217 100087 
806 364 100053 
807 298 100040 
808 196 100025 
809 956 100033 
810 260 100017 
811 114 100040 
812 948 100020 
813 296 100098 
814 684 100048 
815 223 100015 
816 413 100016 
817 504 100042 
818 540 100008 
819 178 100046 
820 140 100053 
821 458 100019 
822 623 100085 
823 422 100040 
824 473 100089 
825 302 100081 
826 417 100089 
827 135 100032 
828 956 100009 
829 909 100060 
830 231 100020 
831 77 100062 
832 313 100043 
833 660 100046 
834 660 100085 
835 463 100006 
836 862 100082 
837 992 100002 
838 128 100091 
839 426 100002 
840 538 100095 
841 882 100085 
842 200 100000 
843 698 100012 
844 550 100070 
845 394 100008 
846 531 100073 
847 133 100042 
848 445 100054 
849 38 100039 
850 241 100043 
851 621 100004 
852 756 100056 
853 297 100036 
854 220 100099 
855 59 100081 
856 196 100033 
857 789 100001 
858 160 100086 
859 286 100017 
860 925 100078 
861 860 100005 
862 876 100010 
863 36 100015 
864 403 100015 
865 904 100071 
866 55 100099 
867 302 100080 
868 563 100080 
869 72 100033 
870 582 100078 
871 397 100010 
872 219 100045 
873 380 100074 
874 146 100072 
875 25 100090 
876 903 100023 
877 493 100091 
878 732 100071 
879 918 100038 
880 760 100028 
881 952 100001 
882 883 100080 
883 990 100083 
884 149 100046 
885 354 100033 
886 602 100074 
887 396 100040 
888 51 100068 
889 738 100094 
890 93 100049 
891 341 100028 
892 6 100039 
893 571 100054 
894 489 100076 
895 638 100023 
896 320 100078 
897 585 100025 
898 665 100042 
899 746 100049 
900 670 100074 
901 441 100096 
902 189 100090 
903 675 100045 
904 488 100061 
905 899 100078 
906 634 100066 
907 422 100007 
908 40 100035 
909 769 100022 
910 735 100090 
911 562 100049 
912 615 100008 
913 751 100019 
914 339 100077 
915 246 100097 
916 308 100027 
917 650 100066 
918 146 100023 
919 47 100001 
920 326 100050 
921 979 100087 
922 631 100081 
923 417 100097 
924 319 100035 
925 395 100067 
926 601 100052 
927 947 100061 
928 41 100036 
929 254 100027 
930 159 100030 
931 830 100012 
932 570 100055 
933 770 100051 
934 118 100003 
935 276 100037 
936 561 100025 
937 303 100099 
938 15 100072 
939 722 100061 
940 920 100035 
941 462 100061 
942 939 100015 
943 416 100042 
944 530 100080 
945 315 100040 
946 929 100044 
947 309 100005 
948 115 100052 
949 212 100067 
950 924 100093 
951 765 100008 
952 277 100095 
953 25 100043 
954 647 100054 
955 125 100053 
956 119 100078 
957 140 100032 
958 210 100065 
959 307 100033 
960 565 100069 
961 664 100020 
962 236 100068 
963 24 100033 
964 853 100010 
965 572 100022 
966 632 100069 
967 55 100055 
968 141 100000 
969 983 100020 
970 498 100060 
971 221 100097 
972 312 100029 
973 594 100000 
974 849 100088 
975 425 100089 
976 624 100090 
977 539 100046 
978 36 100004 
979 658 100011 
980 498 100031 
981 958 100048 
982 263 100044 
983 486 100018 
984 463 100028 
985 812 100080 
986 437 100085 
987 151 100090 
988 367 100080 
989 661 100053 
990 812 100023 
991 605 100059 
992 69 100045 
993 503 100070 
994 102 100014 
995 769 100092 
996 112 100065 
997 246 100021 
998 228 100044 
999 909 100088 
1000 277 100086 
1001 348 100017 
1002 803 100021 
1003 198 100036 
1004 104 100095 
1005 144 100080 
1006 80 100059 
1007 964 100070 
1008 234 100044 
1009 168 100097 
1010 469 100097 
1011 846 100027 
1012 97 100029 
1013 513 100045 
1014 220 100096 
1015 977 100074 
1016 757 100091 
1017 411 100082 
1018 712 100032 
1019 64 100062 
1020 614 100037 
1021 15 100023 
1022 801 100063 
1023 98 100027 
1024 969 100032 
1025 802 100009 
1026 878 100042 
1027 616 100085 
1028 826 100055 
1029 521 100097 
1030 202 100045 
1031 181 100055 
1032 649 100087 
1033 53 100038 
1034 25 100059 
1035 998 100009 
1036 7 100056 
1037 526 100087 
1038 689 100067 
1039 946 100021 
1040 71 100033 
1041 721 100087 
1042 492 100015 
1043 513 100090 
1044 839 100047 
1045 444 100011 
1046 778 100017 
1047 118 100039 
1048 390 100062 
1049 950 100087 
1050 337 100049 
1051 967 100020 
1052 693 100022 
1053 226 100044 
1054 14 100035 
1055 385 100053 
1056 952 100063 
1057 386 100003 
1058 851 100086 
1059 934 100072 
1060 388 100085 
1061 157 100072 
1062 609 100091 
1063 744 100064 
1064 304 100032 
1065 611 100055 
1066 468 100098 
1067 21 100076 
1068 342 100096 
1069 645 100011 
1070 4 100016 
1071 483 100059 
1072 832 100061 
1073 280 100073 
1074 880 100027 
1075 130 100094 
1076 189 100036 
1077 192 100080 
1078 794 100051 
1079 967 100051 
1080 899 100000 
1081 207 100044 
1082 847 100042 
1083 941 100092 
1084 132 100045 
1085 21 100018 
1086 262 100045 
1087 707 100058 
1088 459 100085 
1089 214 100029 
1090 814 100068 
1091 171 100098 
1092 462 100049 
1093 673 100080 
1094 10 100033 
1095 878 100059 
1096 475 100019 
1097 502 100061 
1098 982 100062 
1099 442 100029 
1100 972 100027 
1101 205 100014 
1102 480 100038 
1103 814 100006 
1104 661 100037 
1105 106 100051 
1106 666 100047 
1107 842 100044 
1108 602 100068 
1109 725 100030 
1110 964 100034 
1111 618 100077 
1112 940 100073 
1113 588 100018 
1114 772 100009 
1115 465 100090 
1116 666 100036 
1117 961 100092 
1118 695 100015 
1119 912 100008 
1120 298 100097 
1121 8 100016 
1122 847 100067 
1123 382 100057 
1124 127 100040 
1125 230 100071 
1126 308 100097 
1127 230 100032 
1128 193 100026 
1129 309 100030 
1130 965 100059 
1131 918 100036 
1132 802 100065 
1133 933 100006 
1134 654 100037 
1135 500 100096 
1136 693 100083 
1137 554 100054 
1138 609 100077 
1139 681 100053 
1140 135 100067 
1141 402 100080 
1142 351 100043 
1143 743 100034 
1144 56 100033 
1145 957 100011 
1146 509 100073 
1147 684 100006 
1148 480 100022 
1149 109 100074 
1150 858 100095 
1151 871 100017 
1152 356 100073 
1153 245 100090 
1154 365 100080 
1155 80 100055 
1156 880 100059 
1157 772 100075 
1158 208 100062 
1159 465 100063 
1160 116 100059 
1161 953 100016 
1162 585 100070 
1163 425 100077 
1164 704 100070 
1165 13 100002 
1166 174 100085 
1167 765 100076 
1168 697 100004 
1169 454 100009 
1170 638 100004 
1171 286 100072 
1172 780 100049 
1173 752 100074 
1174 476 100040 
1175 576 100028 
1176 784 100036 
1177 795 100053 
1178 589 100042 
1179 710 100056 
1180 542 100027 
1181 338 100008 
1182 886 100044 
1183 161 100052 
1184 522 100032 
1185 192 100093 
1186 489 100013 
1187 880 100087 
1188 432 100096 
1189 82 100035 
1190 46 100025 
1191 399 100048 
1192 369 100048 
1193 297 100030 
1194 556 100065 
1195 954 100000 
1196 726 100059 
1197 895 100010 
1198 687 100035 
1199 328 100018 
1200 681 100065 
1201 255 100008 
1202 681 100011 
1203 594 100073 
1204 8 100042 
1205 214 100052 
1206 315 100043 
1207 322 100052 
1208 75 100063 
1209 438 100003 
1210 18 100072 
1211 599 100053 
1212 371 100031 
1213 120 100062 
1214 380 100022 
1215 117 100069 
1216 683 100070 
1217 311 100012 
1218 914 100059 
1219 823 100073 
1220 1000 100061 
1221 865 100088 
1222 310 100028 
1223 935 100016 
1224 19 100072 
1225 262 100044 
1226 524 100030 
1227 121 100090 
1228 547 100010 
1229 841 100066 
1230 178 100089 
1231 166 100066 
1232 524 100037 
1233 532 100035 
1234 985 100012 
1235 380 100092 
1236 820 100038 
1237 38 100010 
1238 619 100099 
1239 328 100099 
1240 339 100032 
1241 230 100045 
1242 365 100091 
1243 350 100063 
1244 256 100046 
1245 654 100072 
1246 836 100001 
1247 932 100092 
1248 176 100020 
1249 354 100059 
1250 49 100031 
1251 253 100065 
1252 576 100001 
1253 568 100028 
1254 943 100084 
1255 506 100085 
1256 215 100023 
1257 664 100022 
1258 433 100040 
1259 576 100049 
1260 271 100005 
1261 507 100003 
1262 494 100093 
1263 758 100016 
1264 299 100099 
1265 302 100026 
1266 479 100026 
1267 125 100085 
1268 816 100046 
1269 141 100049 
1270 389 100020 
1271 608 100071 
1272 333 100097 
1273 122 100083 
1274 285 100000 
1275 595 100060 
1276 381 100056 
1277 189 100066 
1278 229 100069 
1279 590 100069 
1280 553 100056 
1281 418 100038 
1282 174 100051 
1283 553 100059 
1284 688 100088 
1285 880 100064 
1286 801 100074 
1287 943 100097 
1288 896 100061 
1289 39 100036 
1290 980 100015 
1291 949 100043 
1292 540 100007 
1293 431 100007 
1294 564 100030 
1295 193 100084 
1296 430 100017 
1297 116 100057 
1298 450 100042 
1299 437 100060 
1300 123 100020 
1301 950 100055 
1302 720 100098 
1303 539 100034 
1304 796 100029 
1305 650 100009 
1306 75 100017 
1307 16 100011 
1308 625 100049 
1309 324 100081 
1310 680 100035 
1311 435 100040 
1312 557 100024 
1313 799 100037 
1314 344 100005 
1315 260 100076 
1316 847 100022 
1317 193 100061 
1318 430 100009 
1319 799 100059 
1320 220 100059 
1321 954 100062 
1322 797 100027 
1323 32 100047 
1324 312 100028 
1325 426 100012 
1326 580 100080 
1327 479 100074 
1328 892 100011 
1329 87 100036 
1330 603 100066 
1331 627 100098 
1332 590 100074 
1333 727 100074 
1334 45 100053 
1335 920 100099 
1336 342 100084 
1337 176 100011 
1338 78 100000 
1339 723 100096 
1340 276 100050 
1341 453 100047 
1342 620 100085 
1343 282 100002 
1344 13 100066 
1345 873 100081 
1346 968 100024 
1347 918 100046 
1348 189 100052 
1349 218 100057 
1350 580 100044 
1351 634 100043 
1352 220 100067 
1353 233 100093 
1354 547 100076 
1355 499 100077 
1356 451 100040 
1357 199 100076 
1358 149 100051 
1359 175 100051 
1360 789 100003 
1361 863 100016 
1362 154 100012 
1363 776 100005 
1364 888 100051 
1365 528 100024 
1366 804 100074 
1367 488 100090 
1368 379 100022 
1369 218 100034 
1370 359 100019 
1371 388 100031 
1372 840 100026 
1373 645 100050 
1374 819 100081 
1375 515 100001 
1376 89 100044 
1377 479 100044 
1378 350 100000 
1379 422 100071 
1380 691 100036 
1381 572 100046 
1382 275 100017 
1383 215 100009 
1384 528 100091 
1385 165 100087 
1386 119 100070 
1387 363 100057 
1388 630 100003 
1389 860 100009 
1390 712 100063 
1391 474 100046 
1392 787 100034 
1393 828 100051 
1394 7 100082 
1395 723 100075 
1396 586 100007 
1397 67 100083 
1398 324 100099 
1399 43 100071 
1400 837 100091 
1401 280 100045 
1402 990 100004 
1403 804 100004 
1404 331 100024 
1405 159 100029 
1406 722 100034 
1407 319 100043 
1408 896 100025 
1409 626 100024 
1410 737 100089 
1411 701 100025 
1412 337 100048 
1413 271 100067 
1414 156 100095 
1415 279 100073 
1416 903 100041 
1417 14 100022 
1418 953 100022 
1419 771 100023 
1420 441 100061 
1421 530 100070 
1422 109 100037 
1423 416 100058 
1424 156 100065 
1425 253 100055 
1426 377 100066 
1427 310 100003 
1428 964 100002 
1429 485 100034 
1430 854 100022 
1431 600 100067 
1432 138 100023 
1433 307 100031 
1434 547 100098 
1435 891 100075 
1436 909 100082 
1437 905 100068 
1438 772 100020 
1439 302 100091 
1440 931 100073 
1441 753 100092 
1442 282 100072 
1443 418 100042 
1444 215 100066 
1445 786 100052 
1446 255 100030 
1447 906 100016 
1448 377 100071 
1449 812 100017 
1450 112 100062 
1451 633 100076 
1452 419 100091 
1453 216 100063 
1454 115 100023 
1455 792 100025 
1456 384 100018 
1457 674 100067 
1458 848 100007 
1459 246 100020 
1460 725 100012 
1461 457 100081 
1462 970 100053 
1463 288 100028 
1464 922 100098 
1465 331 100038 
1466 517 100013 
1467 673 100033 
1468 351 100075 
1469 75 100063 
1470 159 100003 
1471 848 100049 
1472 257 100032 
1473 149 100076 
1474 320 100011 
1475 350 100057 
1476 396 100040 
1477 422 100049 
1478 683 100075 
1479 455 100016 
1480 960 100004 
1481 470 100048 
1482 677 100012 
1483 998 100090 
1484 389 100023 
1485 295 100076 
1486 299 100011 
1487 779 100010 
1488 105 100071 
1489 461 100087 
1490 470 100077 
1491 774 100048 
1492 934 100046 
1493 21 100060 
1494 839 100006 
1495 674 100076 
1496 438 100053 
1497 864 100085 
1498 324 100022 
1499 869 100076 
1500 505 100095 
1501 791 100094 
1502 963 100047 
1503 324 100057 
1504 715 100022 
1505 150 100096 
1506 508 100096 
1507 505 100050 
1508 321 100021 
1509 138 100099 
1510 769 100028 
1511 470 100087 
1512 602 100052 
1513 325 100011 
1514 103 100015 
1515 809 100059 
1516 15 100071 
1517 567 100090 
1518 972 100019 
1519 832 100081 
1520 116 100055 
1521 772 100019 
1522 928 100012 
1523 820 100047 
1524 143 100078 
1525 210 100032 
1526 398 100072 
1527 191 100089 
1528 678 100086 
1529 201 100092 
1530 618 100091 
1531 695 100098 
1532 235 100039 
1533 547 100070 
1534 442 100028 
1535 555 100027 
1536 929 100008 
1537 27 100068 
1538 574 100021 
1539 266 100017 
1540 797 100097 
1541 455 100016 
1542 977 100067 
1543 33 100039 
1544 191 100015 
1545 960 100054 
1546 328 100039 
1547 691 100074 
1548 856 100022 
1549 207 100039 
1550 927 100005 
1551 328 100091 
1552 492 100082 
1553 599 100031 
1554 881 100064 
1555 16 100039 
1556 967 100046 
1557 471 100027 
1558 735 100083 
1559 879 100025 
1560 409 100027 
1561 807 100007 
1562 61 100086 
1563 225 100086 
1564 460 100045 
1565 39 100061 
1566 985 100078 
1567 204 100067 
1568 42 100068 
1569 365 100020 
1570 573 100064 
1571 154 100047 
1572 561 100040 
1573 509 100009 
1574 218 100070 
1575 542 100030 
1576 824 100078 
1577 224 100065 
1578 5 100028 
1579 348 100042 
1580 505 100088 
1581 704 100053 
1582 860 100056 
1583 339 100026 
1584 479 100072 
1585 959 100027 
1586 599 100069 
1587 444 100001 
1588 631 100004 
1589 709 100003 
1590 257 100072 
1591 689 100031 
1592 136 100023 
1593 89 100015 
1594 797 100041 
1595 65 100028 
1596 813 100018 
1597 196 100093 
1598 587 100058 
1599 368 100010 
1600 607 100032 
1601 771 100012 
1602 282 100084 
1603 681 100006 
1604 749 100082 
1605 19 100031 
1606 837 100071 
1607 302 100067 
1608 437 100027 
1609 581 100037 
1610 849 100034 
1611 115 100097 
1612 466 100081 
1613 577 100094 
1614 578 100080 
1615 152 100099 
1616 430 100041 
1617 292 100076 
1618 475 100060 
1619 470 100098 
1620 14 100098 
1621 180 100019 
1622 436 100053 
1623 166 100091 
1624 195 100090 
1625 848 100086 
1626 771 100082 
1627 895 100048 
1628 261 100047 
1629 658 100033 
1630 270 100027 
1631 839 100034 
1632 31 100035 
1633 78 100081 
1634 165 100065 
1635 638 100000 
1636 280 100024 
1637 874 100017 
1638 562 100009 
1639 368 100074 
1640 550 100076 
1641 358 100068 
1642 282 100045 
1643 481 100079 
1644 114 100085 
1645 195 100020 
1646 306 100037 
1647 816 100043 
1648 232 100017 
1649 590 100056 
1650 140 100019 
1651 670 100000 
1652 133 100091 
1653 763 100018 
1654 506 100008 
1655 758 100061 
1656 945 100012 
1657 987 100014 
1658 663 100020 
1659 324 100078 
1660 237 100035 
1661 744 100060 
1662 83 100052 
1663 224 100037 
1664 52 100077 
1665 582 100094 
1666 941 100059 
1667 538 100032 
1668 915 100092 
1669 978 100071 
1670 960 100008 
1671 661 100072 
1672 666 100015 
1673 220 100060 
1674 304 100034 
1675 869 100030 
1676 106 100048 
1677 670 100090 
1678 420 100084 
1679 595 100017 
1680 302 100053 
1681 620 100073 
1682 499 100068 
1683 493 100049 
1684 252 100063 
1685 739 100078 
1686 785 100087 
1687 24 100097 
1688 339 100017 
1689 788 100038 
1690 89 100055 
1691 192 100070 
1692 492 100002 
1693 167 100092 
1694 705 100003 
1695 628 100082 
1696 59 100094 
1697 658 100050 
1698 139 100038 
1699 260 100081 
1700 405 100028 
1701 954 100065 
1702 456 100000 
1703 692 100059 
1704 9 100046 
1705 830 100048 
1706 972 100019 
1707 689 100003 
1708 457 100047 
1709 497 100060 
1710 519 100091 
1711 224 100021 
1712 248 100055 
1713 878 100062 
1714 672 100086 
1715 947 100096 
1716 242 100023 
1717 771 100014 
1718 89 100028 
1719 885 100052 
1720 697 100066 
1721 736 100001 
1722 656 100095 
1723 307 100005 
1724 940 100000 
1725 711 100021 
1726 913 100015 
1727 354 100033 
1728 935 100002 
1729 995 100027 
1730 22 100019 
1731 781 100093 
1732 375 100055 
1733 819 100067 
1734 17 100086 
1735 446 100084 
1736 229 100072 
1737 614 100007 
1738 790 100038 
1739 178 100071 
1740 776 100084 
1741 869 100018 
1742 988 100012 
1743 600 100039 
1744 741 100033 
1745 286 100091 
1746 906 100085 
1747 199 100045 
1748 576 100017 
1749 213 100007 
1750 940 100030 
1751 893 100088 
1752 690 100089 
1753 330 100009 
1754 340 100028 
1755 628 100061 
1756 738 100029 
1757 823 100009 
1758 715 100036 
1759 412 100086 
1760 662 100089 
1761 569 100004 
1762 783 100088 
1763 589 100031 
1764 1 100001 
1765 620 100053 
1766 756 100072 
1767 987 100096 
1768 364 100045 
1769 889 100076 
1770 14 100030 
1771 43 100064 
1772 575 100037 
1773 602 100096 
1774 2 100077 
1775 506 100071 
1776 950 100002 
1777 666 100092 
1778 938 100089 
1779 387 100012 
1780 46 100018 
1781 22 100083 
1782 495 100093 
1783 711 100003 
1784 238 100008 
1785 80 100098 
1786 367 100067 
1787 715 100056 
1788 369 100021 
1789 472 100005 
1790 230 100099 
1791 279 100025 
1792 928 100039 
1793 755 100065 
1794 238 100055 
1795 236 100096 
1796 362 100098 
1797 470 100064 
1798 625 100016 
1799 867 100034 
1800 838 100089 
1801 106 100076 
1802 811 100035 
1803 418 100064 
1804 677 100089 
1805 623 100031 
1806 802 100032 
1807 831 100001 
1808 938 100098 
1809 266 100021 
1810 80 100054 
1811 740 100045 
1812 99 100023 
1813 785 100067 
1814 941 100021 
1815 859 100008 
1816 135 100094 
1817 787 100078 
1818 759 100054 
1819 202 100097 
1820 375 100053 
1821 562 100074 
1822 467 100042 
1823 350 100086 
1824 623 100089 
1825 778 100075 
1826 194 100051 
1827 336 100042 
1828 355 100074 
1829 361 100046 
1830 951 100084 
1831 93 100010 
1832 140 100077 
1833 799 100068 
1834 854 100001 
1835 679 100006 
1836 243 100088 
1837 261 100005 
1838 580 100056 
1839 823 100009 
1840 866 100065 
1841 119 100086 
1842 163 100057 
1843 164 100013 
1844 920 100007 
1845 508 100084 
1846 188 100038 
1847 315 100083 
1848 707 100010 
1849 426 100078 
1850 452 100075 
1851 359 100036 
1852 781 100083 
1853 316 100026 
1854 617 100067 
1855 871 100078 
1856 905 100086 
1857 406 100088 
1858 324 100004 
1859 188 100082 
1860 460 100065 
1861 892 100021 
1862 959 100074 
1863 881 100067 
1864 934 100059 
1865 56 100040 
1866 894 100056 
1867 995 100042 
1868 112 100010 
1869 667 100036 
1870 631 100037 
1871 17 100008 
1872 678 100043 
1873 977 100072 
1874 395 100040 
1875 539 100042 
1876 996 100042 
1877 871 100037 
1878 789 100060 
1879 837 100080 
1880 563 100006 
1881 542 100007 
1882 559 100088 
1883 986 100001 
1884 306 100049 
1885 167 100019 
1886 306 100028 
1887 858 100075 
1888 174 100017 
1889 166 100002 
1890 948 100014 
1891 998 100029 
1892 532 100048 
1893 336 100068 
1894 777 100045 
1895 41 100000 
1896 380 100085 
1897 895 100089 
1898 828 100000 
1899 494 100084 
1900 302 100091 
1901 930 100079 
1902 12 100099 
1903 134 100081 
1904 717 100028 
1905 199 100037 
1906 130 100041 
1907 937 100086 
1908 24 100080 
1909 684 100038 
1910 167 100088 
1911 337 100099 
1912 430 100078 
1913 607 100027 
1914 712 100067 
1915 324 100080 
1916 847 100033 
1917 962 100076 
1918 467 100015 
1919 457 100067 
1920 79 100040 
1921 162 100007 
1922 897 100001 
1923 623 100014 
1924 396 100029 
1925 949 100059 
1926 132 100017 
1927 195 100074 
1928 13 100053 
1929 250 100090 
1930 208 100046 
1931 696 100084 
1932 226 100015 
1933 970 100050 
1934 219 100015 
1935 774 100051 
1936 240 100041 
1937 274 100075 
1938 598 100042 
1939 877 100084 
1940 948 100053 
1941 472 100007 
1942 3 100013 
1943 441 100024 
1944 837 100084 
1945 348 100092 
1946 207 100051 
1947 653 100021 
1948 924 100029 
1949 326 100005 
1950 663 100063 
1951 137 100021 
1952 492 100042 
1953 580 100041 
1954 364 100013 
1955 31 100065 
1956 812 100086 
1957 26 100062 
1958 185 100074 
1959 695 100078 
1960 185 100093 
1961 233 100098 
1962 777 100024 
1963 912 100051 
1964 967 100079 
1965 882 100057 
1966 19 100003 
1967 784 100088 
1968 615 100052 
1969 714 100081 
1970 800 100033 
1971 536 100060 
1972 447 100069 
1973 766 100080 
1974 345 100070 
1975 970 100024 
1976 367 100037 
1977 878 100093 
1978 411 100012 
1979 324 100045 
1980 40 100032 
1981 451 100086 
1982 244 100076 
1983 237 100057 
1984 157 100091 
1985 562 100027 
1986 884 100047 
1987 453 100041 
1988 891 100098 
1989 464 100013 
1990 455 100045 
1991 22 100021 
1992 530 100060 
1993 597 100043 
1994 696 100068 
1995 151 100007 
1996 259 100093 
1997 899 100044 
1998 605 100013 
1999 189 100047 
2000 545 100079 
2001 214 100087 
2002 767 100045 
2003 769 100006 
2004 690 100000 
2005 44 100033 
2006 408 100029 
2007 631 100097 
2008 461 100098 
2009 492 100070 
2010 140 100039 
2011 355 100062 
2012 196 100030 
2013 632 100027 
2014 82 100042 
2015 163 100039 
2016 137 100024 
2017 948 100005 
2018 827 100069 
2019 433 100045 
2020 890 100053 
2021 102 100036 
2022 719 100020 
2023 576 100097 
2024 166 100086 
2025 110 100004 
2026 716 100089 
2027 580 100078 
2028 806 100075 
2029 965 100047 
2030 248 100003 
2031 380 100064 
2032 207 100097 
2033 671 100005 
2034 980 100026 
2035 793 100046 
2036 405 100095 
2037 603 100062 
2038 217 100025 
2039 486 100069 
2040 959 100029 
2041 383 100083 
2042 188 100066 
2043 519 100070 
2044 831 100080 
2045 70 100021 
2046 563 100093 
2047 924 100075 
2048 880 100063 
2049 276 100035 
2050 438 100025 
2051 101 100030 
2052 800 100099 
2053 869 100039 
2054 817 100065 
2055 788 100072 
2056 693 100087 
2057 251 100090 
2058 230 100079 
2059 776 100082 
2060 282 100084 
2061 871 100059 
2062 37 100051 
2063 814 100008 
2064 593 100046 
2065 813 100087 
2066 342 100048 
2067 848 100004 
2068 103 100036 
2069 386 100040 
2070 987 100014 
2071 944 100055 
2072 964 100080 
2073 207 100008 
2074 632 100091 
2075 771 100048 
2076 810 100004 
2077 749 100070 
2078 189 100046 
2079 807 100026 
2080 252 100094 
2081 335 100017 
2082 864 100086 
2083 39 100077 
2084 318 100044 
2085 781 100067 
2086 780 100066 
2087 204 100065 
2088 929 100004 
2089 413 100023 
2090 510 100066 
2091 547 100085 
2092 109 100028 
2093 306 100066 
2094 300 100096 
2095 731 100053 
2096 174 100074 
2097 743 100097 
2098 942 100076 
2099 533 100045 
2100 681 100045 
2101 618 100009 
2102 479 100032 
2103 172 100071 
2104 269 100002 
2105 915 100070 
2106 787 100080 
2107 508 100015 
2108 837 100012 
2109 300 100032 
2110 752 100079 
2111 677 100038 
2112 419 100095 
2113 408 100012 
2114 663 100015 
2115 87 100043 
2116 612 100064 
2117 725 100063 
2118 353 100057 
2119 653 100064 
2120 311 100083 
2121 364 100000 
2122 43 100090 
2123 356 100018 
2124 399 100075 
2125 166 100090 
2126 756 100034 
2127 82 100064 
2128 14 100073 
2129 750 100036 
2130 740 100028 
2131 705 100063 
2132 762 100001 
2133 515 100071 
2134 965 100080 
2135 315 100037 
2136 394 100011 
2137 964 100019 
2138 627 100055 
2139 173 100062 
2140 23 100058 
2141 764 100006 
2142 61 100058 
2143 182 100029 
2144 709 100096 
2145 293 100074 
2146 355 100014 
2147 334 100050 
2148 57 100039 
2149 878 100050 
2150 999 100053 
2151 569 100081 
2152 930 100034 
2153 327 100062 
2154 838 100031 
2155 788 100061 
2156 857 100041 
2157 426 100046 
2158 286 100090 
2159 372 100034 
2160 19 100084 
2161 673 100098 
2162 152 100026 
2163 692 100044 
2164 475 100024 
2165 36 100009 
2166 700 100060 
2167 269 100005 
2168 482 100087 
2169 914 100093 
2170 25 100023 
2171 100 100078 
2172 17 100040 
2173 276 100007 
2174 932 100030 
2175 577 100085 
2176 619 100084 
2177 367 100021 
2178 173 100051 
2179 556 100064 
2180 238 100078 
2181 368 100022 
2182 8 100090 
2183 40 100088 
2184 288 100039 
2185 383 100067 
2186 343 100022 
2187 978 100035 
2188 891 100031 
2189 982 100054 
2190 498 100018 
2191 57 100098 
2192 867 100021 
2193 833 100069 
2194 25 100041 
2195 13 100034 
2196 676 100070 
2197 70 100091 
2198 421 100022 
2199 777 100091 
2200 518 100002 
2201 52 100006 
2202 244 100044 
2203 122 100064 
2204 155 100089 
2205 949 100041 
2206 148 100078 
2207 463 100028 
2208 253 100031 
2209 381 100080 
2210 965 100028 
2211 161 100060 
2212 210 100032 
2213 218 100050 
2214 209 100040 
2215 834 100057 
2216 914 100092 
2217 852 100041 
2218 517 100037 
2219 255 100050 
2220 988 100083 
2221 292 100082 
2222 967 100023 
2223 560 100048 
2224 974 100050 
2225 982 100004 
2226 879 100056 
2227 12 100027 
2228 548 100087 
2229 472 100077 
2230 640 100037 
2231 440 100023 
2232 398 100053 
2233 283 100052 
2234 405 100086 
2235 358 100080 
2236 412 100085 
2237 495 100084 
2238 926 100040 
2239 672 100045 
2240 802 100029 
2241 160 100026 
2242 179 100042 
2243 916 100070 
2244 566 100004 
2245 77 100038 
2246 965 100079 
2247 982 100065 
2248 7 100076 
2249 277 100023 
2250 633 100034 
2251 507 100087 
2252 710 100047 
2253 146 100078 
2254 982 100074 
2255 202 100068 
2256 422 100073 
2257 999 100003 
2258 227 100045 
2259 163 100058 
2260 244 100088 
2261 964 100039 
2262 964 100068 
2263 577 100054 
2264 617 100046 
2265 166 100062 
2266 804 100009 
2267 993 100027 
2268 29 100028 
2269 169 100034 
2270 642 100040 
2271 883 100012 
2272 699 100090 
2273 816 100061 
2274 350 100026 
2275 774 100086 
2276 930 100024 
2277 744 100059 
2278 58 100068 
2279 389 100055 
2280 464 100071 
2281 395 100085 
2282 819 100072 
2283 941 100019 
2284 182 100005 
2285 728 100086 
2286 958 100042 
2287 390 100078 
2288 384 100056 
2289 725 100014 
2290 525 100060 
2291 520 100012 
2292 68 100079 
2293 399 100097 
2294 570 100065 
2295 765 100079 
2296 576 100031 
2297 38 100076 
2298 200 100054 
2299 779 100084 
2300 693 100022 
2301 924 100080 
2302 583 100020 
2303 744 100017 
2304 496 100063 
2305 212 100081 
2306 446 100034 
2307 14 100068 
2308 549 100039 
2309 20 100047 
2310 208 100005 
2311 886 100070 
2312 348 100025 
2313 829 100019 
2314 386 100075 
2315 278 100053 
2316 622 100071 
2317 215 100059 
2318 64 100050 
2319 21 100086 
2320 423 100022 
2321 776 100085 
2322 21 100071 
2323 148 100043 
2324 291 100058 
2325 844 100072 
2326 49 100060 
2327 172 100021 
2328 330 100094 
2329 875 100079 
2330 906 100047 
2331 507 100054 
2332 877 100076 
2333 231 100075 
2334 798 100065 
2335 553 100053 
2336 24 100098 
2337 525 100016 
2338 589 100004 
2339 597 100076 
2340 560 100010 
2341 521 100092 
2342 89 100024 
2343 258 100096 
2344 445 100022 
2345 292 100074 
2346 846 100027 
2347 630 100089 
2348 654 100092 
2349 767 100091 
2350 108 100040 
2351 143 100017 
2352 905 100047 
2353 903 100089 
2354 586 100099 
2355 158 100016 
2356 402 100071 
2357 257 100082 
2358 298 100035 
2359 973 100090 
2360 480 100017 
2361 180 100005 
2362 10 100018 
2363 874 100027 
2364 309 100064 
2365 707 100065 
2366 559 100052 
2367 308 100002 
2368 100 100093 
2369 714 100083 
2370 921 100075 
2371 426 100011 
2372 755 100035 
2373 830 100012 
2374 955 100028 
2375 233 100060 
2376 312 100031 
2377 752 100052 
2378 65 100004 
2379 572 100091 
2380 358 100060 
2381 192 100064 
2382 225 100039 
2383 939 100089 
2384 119 100003 
2385 987 100048 
2386 685 100073 
2387 199 100044 
2388 912 100084 
2389 502 100029 
2390 949 100003 
2391 457 100025 
2392 98 100003 
2393 378 100091 
2394 287 100073 
2395 424 100006 
2396 428 100096 
2397 408 100004 
2398 201 100091 
2399 105 100030 
2400 916 100095 
2401 316 100059 
2402 98 100067 
2403 991 100011 
2404 77 100067 
2405 900 100085 
2406 950 100057 
2407 626 100050 
2408 200 100098 
2409 512 100095 
2410 449 100006 
2411 961 100059 
2412 61 100099 
2413 169 100049 
2414 112 100096 
2415 810 100056 
2416 56 100007 
2417 867 100044 
2418 381 100075 
2419 22 100049 
2420 966 100012 
2421 157 100020 
2422 434 100041 
2423 320 100035 
2424 31 100052 
2425 285 100006 
2426 490 100038 
2427 52 100096 
2428 979 100007 
2429 630 100003 
2430 116 100060 
2431 130 100071 
2432 863 100048 
2433 91 100082 
2434 745 100076 
2435 689 100078 
2436 807 100055 
2437 139 100026 
2438 859 100047 
2439 454 100098 
2440 979 100025 
2441 797 100093 
2442 334 100006 
2443 957 100033 
2444 508 100054 
2445 331 100030 
2446 777 100037 
2447 884 100072 
2448 165 100045 
2449 512 100007 
2450 779 100047 
2451 556 100085 
2452 28 100011 
2453 635 100023 
2454 480 100091 
2455 945 100018 
2456 712 100021 
2457 564 100081 
2458 546 100020 
2459 663 100039 
2460 402 100048 
2461 732 100010 
2462 546 100022 
2463 221 100011 
2464 862 100084 
2465 230 100078 
2466 6 100035 
2467 947 100043 
2468 289 100046 
2469 522 100007 
2470 178 100034 
2471 13 100061 
2472 642 100039 
2473 710 100096 
2474 594 100050 
2475 127 100037 
2476 586 100091 
2477 69 100079 
2478 891 100019 
2479 328 100051 
2480 606 100051 
2481 26 100007 
2482 615 100040 
2483 889 100071 
2484 17 100098 
2485 939 100074 
2486 407 100035 
2487 821 100019 
2488 988 100012 
2489 24 100016 
2490 968 100007 
2491 552 100048 
2492 840 100061 
2493 762 100001 
2494 265 100077 
2495 874 100045 
2496 192 100051 
2497 646 100022 
2498 233 100026 
2499 475 100058 
2500 234 100099 
2501 506 100056 
2502 99 100022 
2503 758 100085 
2504 300 100080 
2505 700 100055 
2506 842 100096 
2507 56 100056 
2508 912 100072 
2509 440 100012 
2510 183 100063 
2511 223 100060 
2512 770 100000 
2513 344 100067 
2514 464 100050 
2515 165 100039 
2516 118 100055 
2517 195 100045 
2518 856 100060 
2519 699 100039 
2520 756 100075 
2521 360 100031 
2522 172 100068 
2523 240 100064 
2524 62 100034 
2525 106 100024 
2526 497 100053 
2527 858 100081 
2528 406 100017 
2529 595 100086 
2530 417 100019 
2531 858 100007 
2532 978 100060 
2533 74 100053 
2534 405 100020 
2535 914 100068 
2536 506 100064 
2537 639 100094 
2538 985 100087 
2539 103 100012 
2540 438 100027 
2541 740 100029 
2542 204 100080 
2543 808 100055 
2544 770 100063 
2545 659 100019 
2546 807 100057 
2547 503 100085 
2548 499 100075 
2549 932 100037 
2550 147 100054 
2551 189 100052 
2552 560 100052 
2553 517 100098 
2554 117 100017 
2555 679 100098 
2556 940 100049 
2557 282 100016 
2558 372 100047 
2559 925 100075 
2560 336 100027 
2561 84 100094 
2562 239 100060 
2563 935 100062 
2564 611 100052 
2565 67 100055 
2566 280 100034 
2567 824 100033 
2568 835 100087 
2569 111 100089 
2570 133 100099 
2571 245 100007 
2572 859 100054 
2573 344 100095 
2574 843 100074 
2575 236 100093 
2576 485 100082 
2577 699 100063 
2578 467 100013 
2579 903 100001 
2580 831 100051 
2581 149 100068 
2582 832 100009 
2583 328 100096 
2584 456 100017 
2585 255 100021 
2586 452 100048 
2587 556 100033 
2588 953 100027 
2589 66 100027 
2590 64 100077 
2591 898 100012 
2592 181 100083 
2593 786 100026 
2594 786 100031 
2595 211 100015 
2596 403 100023 
2597 53 100052 
2598 86 100026 
2599 33 100083 
2600 385 100061 
2601 611 100061 
2602 439 100056 
2603 122 100032 
2604 696 100060 
2605 349 100016 
2606 324 100005 
2607 531 100092 
2608 764 100044 
2609 919 100084 
2610 502 100070 
2611 454 100052 
2612 891 100030 
2613 711 100036 
2614 694 100081 
2615 63 100022 
2616 787 100041 
2617 741 100040 
2618 273 100019 
2619 32 100035 
2620 733 100037 
2621 171 100007 
2622 429 100052 
2623 970 100014 
2624 342 100027 
2625 157 100099 
2626 427 100019 
2627 174 100015 
2628 410 100018 
2629 239 100046 
2630 876 100091 
2631 925 100040 
2632 65 100099 
2633 475 100080 
2634 374 100098 
2635 533 100079 
2636 581 100093 
2637 642 100086 
2638 246 100017 
2639 516 100034 
2640 407 100070 
2641 664 100080 
2642 109 100097 
2643 60 100072 
2644 310 100040 
2645 242 100043 
2646 957 100067 
2647 752 100094 
2648 169 100004 
2649 592 100088 
2650 147 100060 
2651 923 100023 
2652 98 100021 
2653 837 100002 
2654 268 100053 
2655 613 100091 
2656 219 100045 
2657 636 100011 
2658 593 100096 
2659 767 100020 
2660 434 100091 
2661 466 100012 
2662 469 100033 
2663 515 100075 
2664 686 100023 
2665 144 100035 
2666 147 100069 
2667 367 100080 
2668 809 100061 
2669 368 100088 
2670 2 100062 
2671 712 100085 
2672 837 100086 
2673 237 100069 
2674 347 100068 
2675 769 100075 
2676 945 100068 
2677 101 100079 
2678 871 100001 
2679 595 100028 
2680 796 100046 
2681 288 100063 
2682 403 100042 
2683 796 100058 
2684 526 100029 
2685 335 100030 
2686 133 100071 
2687 994 100041 
2688 739 100027 
2689 479 100036 
2690 590 100014 
2691 239 100068 
2692 793 100008 
2693 238 100098 
2694 79 100008 
2695 268 100073 
2696 70 100023 
2697 914 100059 
2698 214 100010 
2699 383 100091 
2700 101 100029 
2701 767 100070 
2702 752 100060 
2703 31 100019 
2704 615 100025 
2705 423 100037 
2706 270 100065 
2707 28 100076 
2708 804 100057 
2709 401 100063 
2710 498 100097 
2711 841 100009 
2712 537 100091 
2713 388 100019 
2714 568 100041 
2715 444 100094 
2716 201 100016 
2717 738 100038 
2718 119 100070 
2719 362 100054 
2720 575 100088 
2721 488 100089 
2722 551 100065 
2723 493 100046 
2724 703 100043 
2725 594 100076 
2726 563 100096 
2727 472 100036 
2728 666 100090 
2729 433 100075 
2730 406 100023 
2731 502 100005 
2732 32 100071 
2733 574 100068 
2734 199 100008 
2735 848 100031 
2736 877 100072 
2737 142 100010 
2738 62 100043 
2739 486 100071 
2740 942 100012 
2741 693 100007 
2742 310 100021 
2743 978 100055 
2744 835 100083 
2745 773 100011 
2746 483 100053 
2747 858 100040 
2748 724 100002 
2749 598 100050 
2750 147 100094 
2751 397 100097 
2752 142 100061 
2753 829 100006 
2754 375 100094 
2755 650 100038 
2756 749 100038 
2757 375 100006 
2758 232 100009 
2759 822 100081 
2760 433 100004 
2761 572 100099 
2762 620 100090 
2763 412 100012 
2764 971 100089 
2765 686 100058 
2766 504 100048 
2767 172 100069 
2768 374 100046 
2769 849 100095 
2770 61 100046 
2771 126 100040 
2772 160 100018 
2773 738 100044 
2774 213 100067 
2775 358 100012 
2776 272 100027 
2777 34 100059 
2778 732 100070 
2779 359 100033 
2780 31 100003 
2781 890 100019 
2782 281 100007 
2783 714 100050 
2784 697 100044 
2785 662 100031 
2786 444 100083 
2787 742 100068 
2788 507 100084 
2789 748 100068 
2790 863 100076 
2791 974 100013 
2792 332 100085 
2793 748 100055 
2794 175 100014 
2795 496 100038 
2796 630 100085 
2797 271 100056 
2798 938 100010 
2799 242 100029 
2800 147 100015 
2801 905 100064 
2802 57 100010 
2803 189 100099 
2804 130 100084 
2805 496 100048 
2806 716 100090 
2807 28 100094 
2808 233 100002 
2809 188 100063 
2810 114 100025 
2811 859 100019 
2812 226 100099 
2813 167 100031 
2814 128 100033 
2815 338 100005 
2816 400 100062 
2817 661 100020 
2818 495 100054 
2819 984 100024 
2820 656 100057 
2821 170 100003 
2822 744 100095 
2823 306 100043 
2824 387 100013 
2825 320 100011 
2826 32 100007 
2827 859 100086 
2828 176 100069 
2829 16 100095 
2830 510 100009 
2831 579 100015 
2832 628 100003 
2833 614 100065 
2834 442 100095 
2835 187 100024 
2836 563 100016 
2837 71 100096 
2838 974 100066 
2839 125 100051 
2840 709 100031 
2841 3 100055 
2842 198 100088 
2843 517 100016 
2844 676 100007 
2845 29 100092 
2846 41 100005 
2847 84 100031 
2848 402 100044 
2849 456 100049 
2850 575 100006 
2851 593 100083 
2852 485 100069 
2853 625 100057 
2854 210 100084 
2855 584 100039 
2856 237 100004 
2857 793 100067 
2858 511 100057 
2859 373 100083 
2860 18 100092 
2861 826 100089 
2862 796 100057 
2863 295 100056 
2864 840 100086 
2865 7 100051 
2866 97 100066 
2867 295 100088 
2868 868 100000 
2869 342 100065 
2870 889 100052 
2871 176 100078 
2872 781 100016 
2873 70 100080 
2874 488 100045 
2875 366 100063 
2876 318 100017 
2877 395 100048 
2878 340 100041 
2879 561 100098 
2880 328 100004 
2881 167 100098 
2882 861 100055 
2883 49 100091 
2884 714 100089 
2885 112 100012 
2886 814 100058 
2887 313 100025 
2888 899 100099 
2889 279 100012 
2890 796 100096 
2891 581 100063 
2892 979 100082 
2893 780 100052 
2894 147 100086 
2895 77 100034 
2896 735 100076 
2897 356 100048 
2898 950 100005 
2899 546 100097 
2900 436 100003 
2901 917 100066 
2902 678 100062 
2903 670 100071 
2904 601 100088 
2905 14 100068 
2906 279 100062 
2907 606 100000 
2908 631 100031 
2909 858 100005 
2910 984 100071 
2911 969 100068 
2912 482 100000 
2913 547 100084 
2914 257 100001 
2915 327 100038 
2916 582 100007 
2917 768 100095 
2918 276 100057 
2919 876 100097 
2920 972 100012 
2921 225 100032 
2922 126 100088 
2923 924 100034 
2924 612 100011 
2925 303 100031 
2926 52 100080 
2927 326 100091 
2928 867 100021 
2929 191 100066 
2930 688 100010 
2931 636 100061 
2932 476 100009 
2933 349 100014 
2934 44 100061 
2935 238 100002 
2936 640 100055 
2937 795 100005 
2938 764 100085 
2939 52 100003 
2940 768 100040 
2941 777 100078 
2942 325 100025 
2943 683 100091 
2944 263 100035 
2945 924 100018 
2946 442 100032 
2947 932 100094 
2948 794 100028 
2949 65 100089 
2950 347 100045 
2951 2 100011 
2952 633 100057 
2953 760 100005 
2954 421 100030 
2955 170 100026 
2956 605 100092 
2957 59 100090 
2958 351 100083 
2959 906 100021 
2960 434 100042 
2961 278 100095 
2962 256 100083 
2963 108 100006 
2964 532 100026 
2965 262 100039 
2966 676 100018 
2967 50 100051 
2968 907 100038 
2969 684 100065 
2970 710 100045 
2971 849 100037 
2972 1000 100032 
2973 457 100071 
2974 309 100097 
2975 176 100029 
2976 144 100045 
2977 465 100011 
2978 425 100076 
2979 63 100061 
2980 782 100033 
2981 922 100072 
2982 772 100018 
2983 786 100059 
2984 666 100017 
2985 244 100082 
2986 410 100044 
2987 758 100000 
2988 566 100083 
2989 647 100081 
2990 179 100004 
2991 216 100002 
2992 652 100045 
2993 170 100081 
2994 334 100054 
2995 282 100014 
2996 731 100078 
2997 984 100037 
2998 838 100008 
2999 112 100055 
3000 74 100043 
3001 98 100066 
3002 38 100066 
3003 740 100008 
3004 377 100039 
3005 418 100064 
3006 638 100058 
3007 423 100017 
3008 908 100022 
3009 59 100065 
3010 285 100018 
3011 121 100098 
3012 529 100073 
3013 972 100040 
3014 678 100072 
3015 277 100038 
3016 630 100036 
3017 732 100099 
3018 317 100028 
3019 704 100061 
3020 902 100054 
3021 860 100048 
3022 65 100041 
3023 657 100065 
3024 867 100024 
3025 658 100055 
3026 953 100050 
3027 800 100012 
3028 834 100033 
3029 610 100042 
3030 41 100059 
3031 840 100020 
3032 700 100067 
3033 340 100027 
3034 28 100049 
3035 422 100054 
3036 641 100073 
3037 691 100009 
3038 504 100033 
3039 57 100063 
3040 508 100026 
3041 642 100095 
3042 551 100036 
3043 994 100033 
3044 307 100064 
3045 494 100027 
3046 770 100039 
3047 83 100006 
3048 774 100022 
3049 112 100084 
3050 814 100065 
3051 474 100087 
3052 725 100011 
3053 962 100075 
3054 344 100024 
3055 284 100006 
3056 388 100066 
3057 791 100085 
3058 562 100035 
3059 540 100041 
3060 657 100084 
3061 405 100067 
3062 574 100071 
3063 243 100040 
3064 1 100047 
3065 372 100036 
3066 663 100012 
3067 527 100013 
3068 768 100002 
3069 381 100003 
3070 989 100044 
3071 190 100095 
3072 776 100038 
3073 957 100041 
3074 951 100044 
3075 441 100070 
3076 270 100062 
3077 265 100054 
3078 840 100036 
3079 20 100017 
3080 562 100015 
3081 930 100001 
3082 996 100079 
3083 114 100084 
3084 373 100048 
3085 416 100007 
3086 81 100052 
3087 450 100074 
3088 138 100015 
3089 208 100027 
3090 409 100061 
3091 287 100015 
3092 295 100094 
3093 392 100045 
3094 884 100032 
3095 313 100086 
3096 547 100042 
3097 23 100098 
3098 128 100097 
3099 798 100083 
3100 655 100054 
3101 320 100048 
3102 611 100028 
3103 93 100022 
3104 103 100088 
3105 117 100036 
3106 724 100049 
3107 559 100018 
3108 768 100075 
3109 909 100082 
3110 135 100014 
3111 303 100058 
3112 929 100011 
3113 512 100026 
3114 400 100006 
3115 544 100075 
3116 19 100044 
3117 47 100082 
3118 900 100065 
3119 875 100059 
3120 715 100063 
3121 335 100050 
3122 837 100033 
3123 472 100011 
3124 373 100050 
3125 284 100038 
3126 988 100030 
3127 977 100002 
3128 496 100008 
3129 184 100019 
3130 567 100078 
3131 716 100087 
3132 534 100026 
3133 859 100058 
3134 442 100034 
3135 903 100014 
3136 34 100046 
3137 369 100014 
3138 959 100066 
3139 988 100087 
3140 769 100019 
3141 977 100021 
3142 288 100036 
3143 20 100057 
3144 524 100003 
3145 858 100068 
3146 505 100046 
3147 574 100080 
3148 378 100083 
3149 295 100030 
3150 192 100011 
3151 222 100007 
3152 808 100030 
3153 481 100064 
3154 143 100025 
3155 664 100070 
3156 738 100042 
3157 433 100012 
3158 382 100077 
3159 372 100016 
3160 768 100001 
3161 597 100032 
3162 51 100045 
3163 329 100037 
3164 836 100056 
3165 350 100035 
3166 299 100020 
3167 124 100085 
3168 360 100015 
3169 946 100073 
3170 616 100057 
3171 791 100083 
3172 299 100099 
3173 70 100013 
3174 26 100008 
3175 741 100046 
3176 786 100085 
3177 298 100073 
3178 928 100063 
3179 657 100091 
3180 600 100077 
3181 679 100066 
3182 830 100090 
3183 588 100076 
3184 384 100080 
3185 977 100071 
3186 694 100031 
3187 486 100046 
3188 239 100089 
3189 806 100070 
3190 217 100046 
3191 674 100012 
3192 869 100081 
3193 222 100010 
3194 573 100049 
3195 108 100025 
3196 82 100010 
3197 467 100005 
3198 270 100036 
3199 395 100049 
3200 299 100099 
3201 712 100011 
3202 334 100022 
3203 305 100076 
3204 732 100093 
3205 444 100021 
3206 815 100077 
3207 216 100093 
3208 476 100067 
3209 902 100063 
3210 45 100030 
3211 740 100064 
3212 982 100067 
3213 455 100074 
3214 30 100094 
3215 957 100040 
3216 684 100038 
3217 333 100070 
3218 555 100006 
3219 987 100081 
3220 948 100079 
3221 948 100052 
3222 742 100079 
3223 138 100014 
3224 877 100092 
3225 156 100008 
3226 836 100098 
3227 14 100028 
3228 568 100027 
3229 800 100027 
3230 786 100085 
3231 285 100084 
3232 56 100070 
3233 19 100042 
3234 98 100099 
3235 785 100032 
3236 60 100007 
3237 362 100085 
3238 684 100036 
3239 517 100043 
3240 818 100004 
3241 558 100021 
3242 767 100033 
3243 189 100084 
3244 99 100023 
3245 849 100026 
3246 295 100076 
3247 864 100010 
3248 884 100062 
3249 549 100024 
3250 246 100033 
3251 271 100094 
3252 704 100036 
3253 130 100086 
3254 357 100002 
3255 405 100035 
3256 280 100034 
3257 815 100002 
3258 73 100072 
3259 822 100060 
3260 429 100087 
3261 710 100089 
3262 976 100083 
3263 826 100001 
3264 834 100016 
3265 290 100081 
3266 755 100045 
3267 377 100090 
3268 12 100040 
3269 65 100033 
3270 220 100043 
3271 565 100018 
3272 499 100032 
3273 379 100003 
3274 935 100046 
3275 517 100017 
3276 392 100011 
3277 67 100034 
3278 218 100066 
3279 270 100010 
3280 967 100050 
3281 867 100003 
3282 134 100098 
3283 506 100065 
3284 868 100041 
3285 601 100072 
3286 173 100046 
3287 122 100037 
3288 15 100068 
3289 87 100012 
3290 956 100011 
3291 605 100007 
3292 914 100022 
3293 452 100052 
3294 856 100002 
3295 833 100040 
3296 567 100081 
3297 701 100020 
3298 266 100061 
3299 990 100078 
3300 436 100052 
3301 112 100066 
3302 45 100063 
3303 680 100040 
3304 752 100075 
3305 77 100097 
3306 620 100020 
3307 787 100057 
3308 717 100070 
3309 229 100002 
3310 134 100066 
3311 510 100080 
3312 454 100089 
3313 541 100018 
3314 964 100029 
3315 971 100006 
3316 744 100000 
3317 449 100002 
3318 247 100039 
3319 426 100058 
3320 66 100020 
3321 283 100022 
3322 996 100052 
3323 643 100099 
3324 102 100017 
3325 91 100066 
3326 617 100046 
3327 323 100013 
3328 695 100034 
3329 237 100039 
3330 991 100085 
3331 451 100073 
3332 3 100015 
3333 712 100038 
3334 688 100005 
3335 341 100051 
3336 177 100009 
3337 659 100059 
3338 639 100071 
3339 456 100006 
3340 161 100059 
3341 448 100051 
3342 452 100095 
3343 937 100076 
3344 152 100019 
3345 11 100034 
3346 831 100088 
3347 594 100029 
3348 747 100007 
3349 378 100077 
3350 258 100061 
3351 925 100037 
3352 568 100012 
3353 819 100060 
3354 578 100025 
3355 375 100078 
3356 466 100042 
3357 562 100001 
3358 532 100072 
3359 191 100077 
3360 900 100037 
3361 602 100022 
3362 113 100003 
3363 494 100025 
3364 770 100053 
3365 649 100071 
3366 4 100032 
3367 270 100069 
3368 181 100042 
3369 630 100057 
3370 440 100055 
3371 660 100090 
3372 717 100056 
3373 284 100035 
3374 540 100045 
3375 695 100043 
3376 414 100072 
3377 262 100089 
3378 537 100048 
3379 824 100023 
3380 62 100037 
3381 395 100039 
3382 680 100004 
3383 819 100069 
3384 698 100035 
3385 697 100050 
3386 829 100080 
3387 138 100095 
3388 822 100026 
3389 410 100067 
3390 473 100046 
3391 566 100050 
3392 876 100088 
3393 340 100074 
3394 161 100066 
3395 31 100099 
3396 241 100066 
3397 434 100059 
3398 402 100087 
3399 656 100021 
3400 149 100047 
3401 158 100015 
3402 734 100072 
3403 230 100020 
3404 273 100080 
3405 945 100004 
3406 821 100064 
3407 536 100047 
3408 64 100012 
3409 462 100084 
3410 383 100058 
3411 637 100054 
3412 280 100073 
3413 468 100022 
3414 222 100053 
3415 2 100020 
3416 248 100097 
3417 243 100081 
3418 887 100007 
3419 348 100038 
3420 545 100074 
3421 619 100086 
3422 343 100030 
3423 16 100058 
3424 951 100018 
3425 682 100017 
3426 495 100018 
3427 143 100084 
3428 919 100095 
3429 708 100064 
3430 497 100068 
3431 365 100031 
3432 296 100022 
3433 154 100094 
3434 506 100014 
3435 807 100072 
3436 220 100068 
3437 622 100049 
3438 488 100088 
3439 418 100022 
3440 125 100092 
3441 147 100064 
3442 4 100088 
3443 345 100080 
3444 882 100045 
3445 390 100017 
3446 831 100074 
3447 661 100038 
3448 929 100038 
3449 233 100011 
3450 237 100036 
3451 652 100023 
3452 460 100097 
3453 933 100037 
3454 366 100071 
3455 668 100027 
3456 446 100002 
3457 85 100093 
3458 410 100099 
3459 702 100095 
3460 141 100018 
3461 567 100081 
3462 514 100030 
3463 397 100088 
3464 959 100005 
3465 507 100061 
3466 228 100058 
3467 270 100087 
3468 103 100014 
3469 220 100074 
3470 125 100042 
3471 264 100071 
3472 166 100066 
3473 444 100040 
3474 334 100020 
3475 963 100016 
3476 108 100009 
3477 201 100020 
3478 305 100013 
3479 306 100045 
3480 886 100050 
3481 404 100078 
3482 458 100034 
3483 995 100039 
3484 935 100075 
3485 103 100092 
3486 48 100057 
3487 595 100007 
3488 649 100038 
3489 956 100021 
3490 99 100042 
3491 540 100063 
3492 746 100001 
3493 490 100014 
3494 765 100094 
3495 912 100082 
3496 386 100099 
3497 449 100035 
3498 339 100026 
3499 197 100067 
3500 457 100075 
3501 106 100075 
3502 595 100044 
3503 856 100037 
3504 667 100080 
3505 265 100047 
3506 965 100021 
3507 604 100010 
3508 501 100063 
3509 525 100003 
3510 820 100065 
3511 378 100030 
3512 823 100058 
3513 340 100077 
3514 732 100017 
3515 888 100060 
3516 481 100004 
3517 89 100047 
3518 987 100036 
3519 108 100085 
3520 408 100082 
3521 720 100028 
3522 225 100001 
3523 712 100014 
3524 496 100063 
3525 494 100083 
3526 874 100062 
3527 461 100070 
3528 792 100060 
3529 555 100046 
3530 584 100056 
3531 297 100001 
3532 395 100044 
3533 73 100036 
3534 491 100040 
3535 587 100042 
3536 187 100012 
3537 172 100095 
3538 947 100011 
3539 19 100010 
3540 662 100072 
3541 281 100078 
3542 377 100097 
3543 869 100022 
3544 635 100016 
3545 921 100032 
3546 820 100042 
3547 4 100024 
3548 83 100072 
3549 837 100026 
3550 255 100096 
3551 320 100085 
3552 690 100092 
3553 609 100092 
3554 117 100026 
3555 970 100032 
3556 564 100091 
3557 770 100096 
3558 376 100051 
3559 597 100089 
3560 682 100008 
3561 586 100045 
3562 723 100039 
3563 405 100098 
3564 157 100020 
3565 560 100085 
3566 492 100080 
3567 184 100026 
3568 151 100020 
3569 331 100039 
3570 606 100006 
3571 465 100000 
3572 671 100093 
3573 790 100030 
3574 440 100095 
3575 506 100048 
3576 67 100018 
3577 386 100019 
3578 345 100083 
3579 31 100009 
3580 28 100051 
3581 888 100090 
3582 502 100005 
3583 263 100063 
3584 183 100097 
3585 662 100037 
3586 463 100059 
3587 612 100015 
3588 377 100048 
3589 943 100002 
3590 583 100098 
3591 279 100078 
3592 376 100083 
3593 421 100089 
3594 987 100015 
3595 199 100013 
3596 222 100054 
3597 793 100063 
3598 399 100030 
3599 817 100051 
3600 839 100075 
3601 206 100060 
3602 582 100066 
3603 718 100036 
3604 607 100072 
3605 955 100017 
3606 617 100054 
3607 385 100067 
3608 814 100075 
3609 143 100046 
3610 588 100050 
3611 624 100049 
3612 301 100037 
3613 101 100017 
3614 94 100067 
3615 625 100020 
3616 793 100026 
3617 640 100049 
3618 622 100094 
3619 532 100008 
3620 981 100055 
3621 605 100035 
3622 193 100005 
3623 548 100029 
3624 505 100029 
3625 317 100028 
3626 672 100084 
3627 199 100074 
3628 743 100056 
3629 178 100004 
3630 204 100017 
3631 163 100026 
3632 754 100029 
3633 750 100072 
3634 68 100059 
3635 465 100023 
3636 855 100003 
3637 601 100077 
3638 771 100007 
3639 36 100089 
3640 709 100086 
3641 122 100062 
3642 596 100037 
3643 144 100079 
3644 238 100019 
3645 322 100033 
3646 639 100043 
3647 693 100082 
3648 414 100029 
3649 902 100001 
3650 259 100090 
3651 786 100040 
3652 168 100069 
3653 859 100033 
3654 732 100018 
3655 812 100081 
3656 422 100031 
3657 18 100015 
3658 68 100026 
3659 374 100033 
3660 423 100005 
3661 619 100030 
3662 354 100061 
3663 585 100088 
3664 88 100062 
3665 211 100008 
3666 368 100034 
3667 203 100015 
3668 390 100097 
3669 424 100056 
3670 527 100084 
3671 689 100061 
3672 1000 100097 
3673 753 100053 
3674 267 100070 
3675 487 100067 
3676 503 100092 
3677 40 100020 
3678 474 100080 
3679 915 100083 
3680 846 100044 
3681 89 100054 
3682 126 100059 
3683 823 100025 
3684 452 100050 
3685 738 100067 
3686 696 100012 
3687 102 100097 
3688 110 100019 
3689 835 100023 
3690 165 100089 
3691 364 100062 
3692 832 100038 
3693 333 100008 
3694 354 100018 
3695 72 100095 
3696 915 100095 
3697 148 100069 
3698 17 100061 
3699 396 100022 
3700 317 100010 
3701 855 100036 
3702 852 100071 
3703 648 100099 
3704 6 100004 
3705 740 100029 
3706 166 100080 
3707 292 100053 
3708 566 100099 
3709 478 100072 
3710 247 100045 
3711 668 100017 
3712 802 100002 
3713 825 100034 
3714 462 100057 
3715 979 100085 
3716 822 100055 
3717 106 100029 
3718 710 100075 
3719 75 100086 
3720 474 100087 
3721 993 100071 
3722 171 100082 
3723 857 100081 
3724 455 100033 
3725 744 100014 
3726 500 100065 
3727 891 100085 
3728 473 100094 
3729 715 100078 
3730 464 100034 
3731 899 100074 
3732 332 100050 
3733 543 100032 
3734 499 100046 
3735 795 100028 
3736 224 100025 
3737 277 100008 
3738 440 100071 
3739 600 100045 
3740 750 100030 
3741 69 100020 
3742 525 100044 
3743 400 100010 
3744 994 100095 
3745 277 100027 
3746 660 100040 
3747 126 100015 
3748 961 100035 
3749 10 100087 
3750 654 100035 
3751 147 100049 
3752 130 100014 
3753 475 100066 
3754 344 100043 
3755 340 100022 
3756 727 100063 
3757 827 100024 
3758 951 100024 
3759 296 100041 
3760 186 100069 
3761 605 100099 
3762 365 100028 
3763 592 100073 
3764 674 100017 
3765 983 100004 
3766 651 100055 
3767 535 100070 
3768 213 100085 
3769 281 100004 
3770 215 100027 
3771 178 100028 
3772 693 100080 
3773 485 100076 
3774 669 100032 
3775 463 100077 
3776 261 100075 
3777 94 100028 
3778 839 100085 
3779 639 100035 
3780 3 100005 
3781 115 100049 
3782 183 100061 
3783 21 100023 
3784 405 100004 
3785 546 100066 
3786 25 100098 
3787 302 100046 
3788 126 100077 
3789 127 100094 
3790 292 100029 
3791 872 100083 
3792 184 100003 
3793 108 100076 
3794 439 100027 
3795 981 100018 
3796 176 100095 
3797 880 100032 
3798 894 100081 
3799 375 100067 
3800 470 100013 
3801 443 100052 
3802 275 100096 
3803 819 100044 
3804 756 100021 
3805 229 100029 
3806 503 100093 
3807 432 100082 
3808 836 100099 
3809 676 100097 
3810 337 100070 
3811 631 100033 
3812 981 100063 
3813 468 100095 
3814 90 100059 
3815 298 100062 
3816 68 100049 
3817 126 100034 
3818 601 100010 
3819 806 100072 
3820 212 100006 
3821 516 100032 
3822 242 100062 
3823 203 100051 
3824 376 100059 
3825 528 100021 
3826 239 100015 
3827 408 100078 
3828 334 100061 
3829 658 100045 
3830 90 100088 
3831 745 100089 
3832 787 100099 
3833 689 100024 
3834 998 100027 
3835 675 100027 
3836 19 100042 
3837 438 100053 
3838 66 100036 
3839 876 100025 
3840 55 100085 
3841 286 100002 
3842 807 100021 
3843 37 100085 
3844 822 100036 
3845 110 100065 
3846 703 100015 
3847 825 100008 
3848 855 100081 
3849 783 100082 
3850 62 100019 
3851 517 100019 
3852 555 100029 
3853 849 100055 
3854 874 100005 
3855 792 100069 
3856 213 100011 
3857 817 100078 
3858 237 100024 
3859 370 100007 
3860 531 100046 
3861 533 100065 
3862 711 100072 
3863 46 100030 
3864 116 100017 
3865 292 100061 
3866 550 100022 
3867 489 100000 
3868 617 100041 
3869 352 100037 
3870 463 100091 
3871 682 100007 
3872 629 100050 
3873 909 100043 
3874 484 100065 
3875 378 100083 
3876 559 100072 
3877 721 100012 
3878 309 100099 
3879 483 100028 
3880 205 100064 
3881 988 100051 
3882 841 100097 
3883 155 100021 
3884 697 100060 
3885 847 100021 
3886 852 100001 
3887 671 100062 
3888 637 100058 
3889 710 100091 
3890 656 100095 
3891 906 100026 
3892 640 100085 
3893 608 100026 
3894 6 100025 
3895 5 100001 
3896 880 100010 
3897 219 100081 
3898 595 100063 
3899 110 100039 
3900 454 100092 
3901 994 100030 
3902 382 100044 
3903 819 100010 
3904 999 100031 
3905 776 100065 
3906 102 100002 
3907 965 100020 
3908 800 100064 
3909 700 100015 
3910 789 100045 
3911 416 100030 
3912 783 100019 
3913 525 100071 
3914 145 100084 
3915 695 100077 
3916 206 100022 
3917 869 100036 
3918 936 100074 
3919 978 100092 
3920 553 100085 
3921 296 100033 
3922 145 100006 
3923 849 100080 
3924 716 100096 
3925 123 100043 
3926 799 100011 
3927 247 100090 
3928 479 100034 
3929 175 100085 
3930 374 100076 
3931 377 100044 
3932 420 100061 
3933 61 100071 
3934 230 100045 
3935 727 100084 
3936 373 100047 
3937 161 100006 
3938 93 100084 
3939 840 100046 
3940 168 100018 
3941 344 100013 
3942 863 100020 
3943 879 100014 
3944 980 100036 
3945 332 100084 
3946 559 100060 
3947 890 100099 
3948 115 100076 
3949 380 100039 
3950 636 100024 
3951 439 100093 
3952 720 100046 
3953 974 100006 
3954 135 100011 
3955 982 100079 
3956 424 100002 
3957 319 100035 
3958 481 100059 
3959 716 100041 
3960 426 100017 
3961 903 100030 
3962 527 100083 
3963 92 100083 
3964 273 100002 
3965 480 100024 
3966 720 100024 
3967 253 100095 
3968 902 100010 
3969 613 100004 
3970 338 100015 
3971 857 100035 
3972 896 100096 
3973 397 100044 
3974 194 100088 
3975 409 100020 
3976 261 100093 
3977 670 100008 
3978 75 100098 
3979 51 100043 
3980 144 100060 
3981 436 100038 
3982 195 100064 
3983 238 100044 
3984 691 100006 
3985 145 100004 
3986 523 100084 
3987 762 100089 
3988 260 100075 
3989 564 100096 
3990 637 100060 
3991 475 100027 
3992 617 100087 
3993 573 100067 
3994 758 100099 
3995 500 100032 
3996 333 100042 
3997 828 100037 
3998 475 100076 
3999 278 100041 
4000 955 100092 
4001 287 100042 
4002 717 100051 
4003 96 100006 
4004 143 100016 
4005 698 100043 
4006 519 100001 
4007 790 100000 
4008 546 100021 
4009 502 100097 
4010 700 100072 
4011 395 100026 
4012 20 100099 
4013 140 100085 
4014 115 100092 
4015 920 100068 
4016 122 100014 
4017 697 100022 
4018 373 100043 
4019 5 100097 
4020 447 100007 
4021 394 100025 
4022 507 100085 
4023 69 100058 
4024 52 100097 
4025 198 100036 
4026 74 100052 
4027 500 100044 
4028 897 100053 
4029 9 100038 
4030 552 100041 
4031 65 100077 
4032 411 100017 
4033 461 100044 
4034 446 100021 
4035 126 100019 
4036 414 100020 
4037 616 100019 
4038 573 100028 
4039 45 100087 
4040 322 100056 
4041 242 100086 
4042 371 100036 
4043 650 100030 
4044 768 100066 
4045 845 100020 
4046 261 100058 
4047 669 100035 
4048 348 100033 
4049 517 100040 
4050 364 100063 
4051 839 100071 
4052 42 100067 
4053 464 100023 
4054 546 100012 
4055 273 100043 
4056 818 100025 
4057 501 100033 
4058 979 100011 
4059 410 100069 
4060 749 100019 
4061 494 100079 
4062 223 100075 
4063 120 100003 
4064 759 100013 
4065 871 100058 
4066 564 100007 
4067 179 100074 
4068 293 100087 
4069 222 100014 
4070 637 100091 
4071 230 100052 
4072 558 100034 
4073 435 100059 
4074 439 100045 
4075 223 100045 
4076 372 100064 
4077 79 100075 
4078 680 100005 
4079 149 100093 
4080 466 100015 
4081 806 100082 
4082 617 100076 
4083 751 100059 
4084 244 100089 
4085 63 100012 
4086 307 100016 
4087 392 100099 
4088 804 100085 
4089 800 100074 
4090 595 100074 
4091 71 100097 
4092 753 100072 
4093 180 100004 
4094 207 100006 
4095 304 100067 
4096 863 100021 
4097 470 100000 
4098 927 100051 
4099 998 100079 
4100 444 100089 
4101 789 100069 
4102 455 100004 
4103 659 100034 
4104 694 100015 
4105 504 100080 
4106 945 100063 
4107 339 100002 
4108 719 100017 
4109 89 100051 
4110 710 100064 
4111 311 100028 
4112 731 100012 
4113 468 100056 
4114 19 100059 
4115 477 100021 
4116 439 100015 
4117 238 100037 
4118 469 100065 
4119 298 100053 
4120 745 100096 
4121 160 100095 
4122 264 100023 
4123 722 100095 
4124 836 100045 
4125 858 100074 
4126 337 100027 
4127 636 100078 
4128 994 100071 
4129 282 100082 
4130 985 100088 
4131 840 100070 
4132 226 100082 
4133 253 100053 
4134 786 100033 
4135 810 100043 
4136 25 100003 
4137 250 100086 
4138 745 100074 
4139 30 100041 
4140 794 100076 
4141 428 100086 
4142 28 100017 
4143 651 100085 
4144 464 100004 
4145 894 100086 
4146 580 100058 
4147 875 100050 
4148 272 100004 
4149 838 100031 
4150 953 100095 
4151 382 100025 
4152 410 100069 
4153 348 100036 
4154 554 100044 
4155 868 100031 
4156 759 100020 
4157 490 100048 
4158 20 100012 
4159 114 100074 
4160 369 100069 
4161 931 100024 
4162 536 100037 
4163 793 100064 
4164 55 100071 
4165 125 100096 
4166 263 100076 
4167 28 100094 
4168 112 100034 
4169 369 100087 
4170 255 100098 
4171 39 100014 
4172 613 100084 
4173 727 100062 
4174 997 100023 
4175 899 100001 
4176 625 100091 
4177 125 100045 
4178 169 100006 
4179 278 100028 
4180 170 100003 
4181 463 100025 
4182 831 100079 
4183 125 100051 
4184 583 100002 
4185 101 100010 
4186 42 100051 
4187 812 100045 
4188 625 100019 
4189 201 100041 
4190 377 100011 
4191 746 100073 
4192 652 100090 
4193 432 100055 
4194 388 100072 
4195 600 100095 
4196 956 100086 
4197 430 100008 
4198 62 100028 
4199 16 100091 
4200 450 100093 
4201 124 100045 
4202 754 100027 
4203 751 100077 
4204 15 100058 
4205 460 100006 
4206 422 100003 
4207 445 100046 
4208 301 100013 
4209 920 100091 
4210 461 100020 
4211 257 100077 
4212 699 100074 
4213 624 100091 
4214 446 100063 
4215 927 100043 
4216 15 100034 
4217 131 100075 
4218 136 100079 
4219 572 100029 
4220 123 100077 
4221 90 100031 
4222 472 100079 
4223 262 100066 
4224 370 100006 
4225 730 100058 
4226 590 100069 
4227 158 100045 
4228 745 100025 
4229 904 100072 
4230 934 100093 
4231 247 100046 
4232 649 100063 
4233 100 100086 
4234 842 100026 
4235 566 100030 
4236 593 100023 
4237 536 100006 
4238 186 100083 
4239 745 100086 
4240 645 100047 
4241 336 100034 
4242 790 100035 
4243 34 100040 
4244 796 100097 
4245 930 100089 
4246 615 100085 
4247 907 100037 
4248 587 100026 
4249 637 100073 
4250 332 100036 
4251 881 100039 
4252 212 100093 
4253 635 100037 
4254 680 100084 
4255 843 100080 
4256 244 100045 
4257 480 100084 
4258 910 100062 
4259 218 100009 
4260 702 100046 
4261 698 100000 
4262 112 100035 
4263 392 100028 
4264 626 100008 
4265 641 100008 
4266 736 100037 
4267 243 100065 
4268 306 100032 
4269 894 100042 
4270 719 100064 
4271 448 100092 
4272 889 100007 
4273 973 100001 
4274 268 100034 
4275 178 100053 
4276 308 100070 
4277 68 100019 
4278 922 100068 
4279 450 100034 
4280 730 100036 
4281 252 100019 
4282 917 100070 
4283 118 100092 
4284 190 100041 
4285 789 100007 
4286 746 100026 
4287 428 100057 
4288 73 100035 
4289 707 100035 
4290 948 100008 
4291 653 100043 
4292 634 100095 
4293 701 100040 
4294 995 100002 
4295 908 100055 
4296 968 100071 
4297 426 100082 
4298 844 100058 
4299 567 100099 
4300 827 100011 
4301 268 100090 
4302 214 100047 
4303 210 100036 
4304 216 100075 
4305 782 100024 
4306 529 100015 
4307 496 100000 
4308 804 100034 
4309 463 100005 
4310 686 100064 
4311 828 100004 
4312 174 100078 
4313 135 100021 
4314 347 100097 
4315 649 100054 
4316 903 100045 
4317 511 100062 
4318 622 100021 
4319 615 100044 
4320 650 100004 
4321 3 100046 
4322 735 100084 
4323 983 100007 
4324 22 100019 
4325 120 100069 
4326 752 100055 
4327 531 100025 
4328 888 100071 
4329 847 100060 
4330 478 100076 
4331 809 100042 
4332 388 100062 
4333 306 100014 
4334 630 100007 
4335 239 100074 
4336 899 100014 
4337 380 100079 
4338 194 100034 
4339 901 100069 
4340 235 100054 
4341 83 100067 
4342 84 100081 
4343 384 100073 
4344 428 100010 
4345 631 100055 
4346 184 100046 
4347 171 100067 
4348 583 100011 
4349 274 100068 
4350 403 100037 
4351 85 100038 
4352 7 100088 
4353 767 100037 
4354 376 100057 
4355 575 100045 
4356 609 100058 
4357 684 100017 
4358 71 100016 
4359 445 100085 
4360 821 100009 
4361 594 100014 
4362 365 100011 
4363 162 100092 
4364 948 100036 
4365 761 100047 
4366 617 100003 
4367 398 100010 
4368 938 100080 
4369 735 100050 
4370 266 100045 
4371 425 100068 
4372 219 100012 
4373 624 100074 
4374 700 100095 
4375 870 100048 
4376 767 100030 
4377 892 100089 
4378 882 100055 
4379 235 100002 
4380 351 100024 
4381 533 100054 
4382 290 100050 
4383 37 100001 
4384 615 100016 
4385 584 100085 
4386 118 100062 
4387 590 100098 
4388 316 100052 
4389 937 100081 
4390 639 100079 
4391 897 100074 
4392 149 100014 
4393 665 100080 
4394 834 100023 
4395 785 100048 
4396 220 100097 
4397 185 100063 
4398 452 100089 
4399 167 100061 
4400 724 100013 
4401 6 100045 
4402 119 100073 
4403 259 100021 
4404 873 100018 
4405 141 100008 
4406 765 100058 
4407 160 100017 
4408 885 100093 
4409 413 100096 
4410 609 100046 
4411 762 100071 
4412 55 100021 
4413 353 100053 
4414 755 100021 
4415 80 100038 
4416 811 100031 
4417 581 100036 
4418 170 100061 
4419 4 100000 
4420 119 100049 
4421 726 100042 
4422 17 100075 
4423 599 100034 
4424 81 100070 
4425 429 100055 
4426 796 100096 
4427 64 100066 
4428 252 100085 
4429 594 100076 
4430 90 100081 
4431 980 100045 
4432 913 100017 
4433 410 100033 
4434 250 100091 
4435 708 100049 
4436 632 100027 
4437 410 100075 
4438 535 100030 
4439 108 100060 
4440 646 100011 
4441 779 100002 
4442 214 100093 
4443 39 100002 
4444 62 100092 
4445 758 100052 
4446 861 100056 
4447 550 100038 
4448 299 100000 
4449 335 100064 
4450 299 100077 
4451 80 100029 
4452 673 100030 
4453 620 100031 
4454 940 100012 
4455 113 100064 
4456 801 100026 
4457 701 100017 
4458 460 100066 
4459 125 100002 
4460 443 100000 
4461 691 100097 
4462 976 100001 
4463 299 100016 
4464 507 100076 
4465 474 100080 
4466 802 100045 
4467 588 100091 
4468 254 100023 
4469 384 100046 
4470 4 100012 
4471 738 100069 
4472 980 100068 
4473 726 100073 
4474 865 100026 
4475 820 100023 
4476 277 100039 
4477 476 100099 
4478 777 100025 
4479 518 100068 
4480 326 100033 
4481 406 100003 
4482 475 100086 
4483 571 100023 
4484 371 100005 
4485 163 100036 
4486 482 100014 
4487 69 100009 
4488 756 100001 
4489 90 100008 
4490 138 100062 
4491 920 100096 
4492 489 100038 
4493 949 100098 
4494 569 100066 
4495 780 100033 
4496 952 100023 
4497 431 100072 
4498 600 100069 
4499 706 100018 
4500 108 100014 
4501 375 100057 
4502 858 100054 
4503 284 100040 
4504 740 100088 
4505 709 100087 
4506 193 100072 
4507 30 100014 
4508 588 100057 
4509 410 100086 
4510 158 100095 
4511 993 100087 
4512 253 100037 
4513 305 100075 
4514 231 100081 
4515 716 100008 
4516 604 100008 
4517 930 100037 
4518 8 100033 
4519 491 100099 
4520 802 100078 
4521 547 100075 
4522 781 100026 
4523 274 100081 
4524 280 100048 
4525 711 100099 
4526 275 100065 
4527 288 100020 
4528 48 100012 
4529 761 100072 
4530 388 100090 
4531 199 100020 
4532 9 100036 
4533 391 100012 
4534 961 100018 
4535 191 100013 
4536 785 100064 
4537 793 100094 
4538 352 100079 
4539 104 100016 
4540 634 100054 
4541 376 100081 
4542 837 100010 
4543 46 100081 
4544 199 100076 
4545 25 100007 
4546 954 100028 
4547 508 100087 
4548 829 100062 
4549 498 100042 
4550 281 100069 
4551 732 100051 
4552 965 100027 
4553 833 100018 
4554 318 100084 
4555 491 100003 
4556 718 100000 
4557 210 100004 
4558 847 100016 
4559 767 100049 
4560 821 100017 
4561 887 100008 
4562 741 100052 
4563 426 100000 
4564 326 100081 
4565 383 100055 
4566 491 100051 
4567 694 100037 
4568 417 100010 
4569 689 100021 
4570 147 100040 
4571 568 100059 
4572 616 100018 
4573 936 100084 
4574 734 100062 
4575 191 100041 
4576 789 100055 
4577 126 100079 
4578 898 100013 
4579 571 100092 
4580 6 100055 
4581 378 100047 
4582 939 100007 
4583 672 100090 
4584 291 100023 
4585 244 100069 
4586 308 100071 
4587 466 100044 
4588 332 100012 
4589 325 100069 
4590 500 100013 
4591 729 100044 
4592 948 100093 
4593 362 100072 
4594 780 100063 
4595 780 100034 
4596 50 100070 
4597 520 100062 
4598 293 100081 
4599 935 100039 
4600 821 100076 
4601 230 100092 
4602 460 100089 
4603 790 100093 
4604 829 100009 
4605 951 100031 
4606 312 100044 
4607 385 100016 
4608 327 100088 
4609 327 100067 
4610 112 100022 
4611 360 100047 
4612 951 100031 
4613 811 100089 
4614 366 100053 
4615 182 100067 
4616 548 100099 
4617 659 100064 
4618 512 100043 
4619 232 100026 
4620 89 100095 
4621 482 100011 
4622 836 100071 
4623 469 100025 
4624 224 100032 
4625 34 100020 
4626 313 100083 
4627 109 100091 
4628 23 100057 
4629 609 100030 
4630 90 100064 
4631 771 100010 
4632 388 100000 
4633 528 100076 
4634 907 100052 
4635 748 100097 
4636 466 100000 
4637 360 100027 
4638 780 100098 
4639 479 100080 
4640 12 100069 
4641 181 100063 
4642 579 100061 
4643 108 100053 
4644 191 100038 
4645 229 100090 
4646 356 100053 
4647 800 100014 
4648 257 100033 
4649 39 100083 
4650 666 100024 
4651 893 100059 
4652 718 100053 
4653 750 100040 
4654 724 100086 
4655 267 100088 
4656 47 100006 
4657 350 100096 
4658 315 100048 
4659 756 100069 
4660 178 100028 
4661 83 100089 
4662 768 100000 
4663 313 100012 
4664 87 100016 
4665 566 100023 
4666 192 100007 
4667 648 100079 
4668 567 100045 
4669 497 100079 
4670 257 100033 
4671 559 100006 
4672 645 100016 
4673 192 100004 
4674 612 100013 
4675 791 100064 
4676 790 100044 
4677 871 100084 
4678 499 100058 
4679 11 100091 
4680 154 100078 
4681 888 100063 
4682 169 100034 
4683 936 100058 
4684 50 100054 
4685 644 100010 
4686 703 100018 
4687 725 100030 
4688 762 100051 
4689 407 100021 
4690 899 100091 
4691 458 100090 
4692 246 100026 
4693 358 100025 
4694 56 100010 
4695 314 100020 
4696 502 100083 
4697 945 100030 
4698 482 100028 
4699 874 100059 
4700 643 100094 
4701 395 100042 
4702 856 100014 
4703 697 100055 
4704 665 100019 
4705 607 100048 
4706 227 100030 
4707 712 100006 
4708 437 100066 
4709 666 100030 
4710 323 100008 
4711 457 100054 
4712 807 100031 
4713 389 100010 
4714 150 100077 
4715 346 100031 
4716 222 100006 
4717 210 100016 
4718 146 100015 
4719 897 100097 
4720 328 100084 
4721 724 100077 
4722 376 100074 
4723 446 100056 
4724 169 100031 
4725 641 100065 
4726 289 100080 
4727 182 100063 
4728 24 100053 
4729 593 100070 
4730 290 100058 
4731 27 100049 
4732 159 100038 
4733 933 100050 
4734 25 100036 
4735 535 100074 
4736 978 100093 
4737 362 100041 
4738 951 100016 
4739 944 100029 
4740 740 100098 
4741 134 100015 
4742 861 100079 
4743 42 100083 
4744 143 100031 
4745 695 100078 
4746 273 100082 
4747 499 100011 
4748 138 100053 
4749 353 100018 
4750 728 100065 
4751 751 100091 
4752 74 100007 
4753 878 100022 
4754 291 100003 
4755 929 100073 
4756 36 100011 
4757 413 100069 
4758 612 100052 
4759 132 100095 
4760 830 100039 
4761 333 100018 
4762 23 100077 
4763 451 100013 
4764 275 100097 
4765 552 100014 
4766 803 100047 
4767 311 100058 
4768 925 100014 
4769 755 100022 
4770 433 100047 
4771 326 100091 
4772 491 100078 
4773 738 100058 
4774 665 100039 
4775 606 100070 
4776 946 100093 
4777 478 100062 
4778 865 100063 
4779 394 100072 
4780 494 100076 
4781 288 100076 
4782 471 100017 
4783 832 100091 
4784 656 100050 
4785 933 100059 
4786 420 100077 
4787 723 100036 
4788 270 100022 
4789 465 100045 
4790 217 100048 
4791 437 100053 
4792 192 100047 
4793 774 100002 
4794 746 100009 
4795 394 100064 
4796 910 100039 
4797 748 100030 
4798 991 100011 
4799 753 100089 
4800 533 100050 
4801 504 100006 
4802 72 100032 
4803 492 100095 
4804 81 100085 
4805 911 100012 
4806 438 100020 
4807 212 100036 
4808 618 100055 
4809 41 100058 
4810 367 100002 
4811 967 100096 
4812 473 100005 
4813 504 100034 
4814 680 100089 
4815 188 100077 
4816 577 100059 
4817 64 100020 
4818 866 100016 
4819 556 100069 
4820 384 100077 
4821 150 100021 
4822 71 100098 
4823 456 100010 
4824 925 100030 
4825 403 100022 
4826 147 100002 
4827 359 100052 
4828 609 100000 
4829 496 100022 
4830 173 100080 
4831 398 100054 
4832 656 100065 
4833 249 100063 
4834 101 100089 
4835 983 100093 
4836 999 100079 
4837 228 100006 
4838 989 100055 
4839 53 100079 
4840 733 100072 
4841 457 100070 
4842 579 100018 
4843 316 100041 
4844 187 100062 
4845 337 100032 
4846 523 100071 
4847 507 100089 
4848 974 100004 
4849 816 100009 
4850 942 100008 
4851 115 100044 
4852 401 100038 
4853 948 100074 
4854 335 100021 
4855 302 100004 
4856 877 100041 
4857 301 100062 
4858 177 100025 
4859 202 100091 
4860 371 100016 
4861 869 100007 
4862 820 100098 
4863 654 100062 
4864 750 100028 
4865 200 100085 
4866 744 100008 
4867 458 100002 
4868 420 100032 
4869 18 100080 
4870 982 100014 
4871 504 100069 
4872 683 100037 
4873 557 100050 
4874 228 100023 
4875 367 100053 
4876 902 100042 
4877 346 100031 
4878 487 100062 
4879 924 100071 
4880 366 100044 
4881 84 100062 
4882 495 100049 
4883 584 100041 
4884 675 100055 
4885 243 100082 
4886 504 100081 
4887 695 100017 
4888 906 100051 
4889 708 100086 
4890 901 100064 
4891 493 100064 
4892 158 100027 
4893 99 100011 
4894 437 100050 
4895 888 100099 
4896 145 100081 
4897 42 100030 
4898 768 100036 
4899 35 100024 
4900 65 100032 
4901 657 100091 
4902 360 100027 
4903 502 100077 
4904 765 100052 
4905 726 100034 
4906 450 100033 
4907 688 100007 
4908 55 100017 
4909 180 100077 
4910 972 100034 
4911 687 100096 
4912 858 100011 
4913 70 100063 
4914 854 100060 
4915 573 100037 
4916 243 100067 
4917 10 100031 
4918 819 100059 
4919 210 100028 
4920 538 100044 
4921 911 100078 
4922 551 100093 
4923 190 100082 
4924 431 100086 
4925 609 100072 
4926 136 100026 
4927 21 100058 
4928 687 100046 
4929 770 100019 
4930 822 100061 
4931 210 100000 
4932 838 100095 
4933 944 100074 
4934 980 100037 
4935 183 100087 
4936 587 100026 
4937 476 100047 
4938 479 100088 
4939 633 100079 
4940 849 100011 
4941 774 100068 
4942 148 100059 
4943 382 100046 
4944 714 100053 
4945 619 100085 
4946 979 100063 
4947 63 100002 
4948 124 100085 
4949 769 100035 
4950 416 100065 
4951 552 100069 
4952 366 100056 
4953 991 100063 
4954 846 100002 
4955 885 100060 
4956 545 100027 
4957 904 100077 
4958 364 100064 
4959 789 100076 
4960 248 100050 
4961 822 100013 
4962 218 100035 
4963 440 100047 
4964 690 100045 
4965 688 100068 
4966 210 100048 
4967 674 100063 
4968 389 100072 
4969 822 100023 
4970 649 100036 
4971 615 100081 
4972 202 100072 
4973 281 100087 
4974 901 100093 
4975 119 100063 
4976 197 100091 
4977 358 100079 
4978 694 100020 
4979 169 100062 
4980 788 100019 
4981 153 100080 
4982 318 100092 
4983 33 100000 
4984 941 100031 
4985 532 100015 
4986 691 100085 
4987 603 100051 
4988 162 100060 
4989 479 100030 
4990 546 100027 
4991 807 100084 
4992 677 100057 
4993 975 100062 
4994 331 100078 
4995 581 100084 
4996 790 100099 
4997 145 100023 
4998 681 100064 
4999 320 100021 
5000 514 100029 
