npieces: 5000
capacity: 282318245
1 617 100049 
2 258 100057 
3 660 100091 
4 705 100075 
5 822 100032 
6 951 100012 
7 263 100096 
8 97 100098 
9 639 100033 
10 848 100065 
11 93 100002 
12 521 100022 
13 974 100062 
14 58 100025 
15 910 100078 
16 682 100095 
17 447 100053 
18 46 100033 
19 435 100029 
20 796 100036 
21 743 100084 
22 957 100022 
23 582 100091 
24 212 100067 
25 910 100024 
26 422 100061 
27 732 100079 
28 149 100082 
29 311 100073 
30 189 100027 
31 723 100052 
32 273 100023 
33 133 100091 
34 979 100086 
35 766 100074 
36 391 100088 
37 254 100036 
38 218 100022 
39 230 100069 
40 628 100090 
41 793 100095 
42 895 100072 
43 504 100032 
44 931 100098 
45 97 100069 
46 688 100030 
47 395 100099 
48 47 100071 
49 497 100055 
50 310 100048 
51 168 100090 
52 382 100097 
53 63 100046 
54 802 100076 
55 602 100051 
56 965 100073 
57 611 100073 
58 264 100035 
59 126 100067 
60 864 100074 
61 414 100059 
62 368 100081 
63 529 100068 
64 216 100012 
65 381 100045 
66 154 100036 
67 734 100004 
68 980 100088 
69 174 100023 
70 663 100056 
71 695 100064 
72 43 100082 
73 344 100024 
74 877 100088 
75 81 100017 
76 262 100025 
77 684 100053 
78 697 100004 
79 210 100099 
80 608 100018 
81 407 100002 
82 267 100013 
83 68 100016 
84 183 100093 
85 271 100068 
86 319 100095 
87 409 100081 
88 914 100022 
89 692 100019 
90 353 100033 
91 534 100097 
92 610 100012 
93 286 100088 
94 493 100083 
95 746 100039 
96 427 100045 
97 203 100080 
98 238 100059 
99 102 100003 
100 802 100043 
101 31 100035 
102 606 100064 
103 732 100049 
104 670 100088 
105 291 100078 
106 16 100038 
107 273 100037 
108 888 100035 
109 432 100029 
110 275 100059 
111 796 100048 
112 349 100029 
113 827 100012 
114 775 100066 
115 95 100045 
116 960 100072 
117 609 100026 
118 831 100076 
119 427 100085 
120 826 100042 
121 849 100092 
122 278 100065 
123 749 100005 
124 388 100046 
125 255 100054 
126 196 100031 
127 509 100079 
128 865 100097 
129 492 100006 
130 409 100007 
131 515 100081 
132 159 100038 
133 592 100031 
134 902 100081 
135 842 100000 
136 372 100030 
137 915 100027 
138 280 100004 
139 967 100054 
140 898 100064 
141 789 100073 
142 646 100007 
143 321 100008 
144 445 100046 
145 715 100095 
146 184 100021 
147 344 100016 
148 265 100042 
149 778 100071 
150 144 100077 
151 815 100083 
152 966 100073 
153 451 100094 
154 738 100010 
155 651 100035 
156 190 100075 
157 48 100080 
158 381 100024 
159 75 100038 
160 107 100000 
161 763 100053 
162 872 100032 
163 256 100057 
164 75 100008 
165 115 100035 
166 608 100056 
167 804 100086 
168 637 100099 
169 679 100053 
170 271 100004 
171 428 100073 
172 115 100061 
173 354 100093 
174 715 100081 
175 864 100098 
176 816 100027 
177 296 100078 
178 527 100077 
179 864 100013 
180 633 100031 
181 229 100098 
182 202 100060 
183 422 100048 
184 926 100048 
185 554 100000 
186 939 100032 
187 184 100088 
188 711 100075 
189 937 100014 
190 799 100042 
191 820 100019 
192 176 100082 
193 78 100088 
194 94 100059 
195 387 100055 
196 583 100020 
197 957 100011 
198 371 100055 
199 192 100077 
200 339 100059 
201 752 100055 
202 146 100040 
203 664 100067 
204 852 100053 
205 488 100037 
206 458 100099 
207 234 100066 
208 703 100054 
209 161 100033 
210 779 100038 
211 366 100008 
212 633 100048 
213 216 100012 
214 702 100040 
215 999 100074 
216 201 100093 
217 166 100070 
218 921 100004 
219 243 100054 
220 272 100058 
221 867 100024 
222 722 100013 
223 503 100074 
224 401 100059 
225 677 100059 
226 929 100062 
227 45 100051 
228 995 100036 
229 873 100039 
230 272 100011 
231 231 100011 
232 52 100038 
233 382 100061 
234 692 100006 
235 539 100038 
236 941 100023 
237 535 100085 
238 43 100007 
239 806 100052 
240 802 100073 
241 991 100016 
242 685 100012 
243 35 100025 
244 289 100015 
245 612 100006 
246 324 100045 
247 739 100051 
248 551 100038 
249 846 100020 
250 254 100004 
251 828 100095 
252 944 100068 
253 70 100063 
254 935 100025 
255 37 100099 
256 830 100056 
257 386 100042 
258 786 100067 
259 173 100037 
260 14 100055 
261 797 100000 
262 983 100009 
263 312 100022 
264 232 100004 
265 537 100059 
266 179 100021 
267 204 100080 
268 717 100013 
269 14 100030 
270 989 100072 
271 333 100028 
272 609 100027 
273 833 100043 
274 28 100003 
275 543 100000 
276 304 100026 
277 680 100029 
278 412 100007 
279 962 100042 
280 458 100025 
281 330 100062 
282 768 100022 
283 109 100094 
284 1000 100074 
285 722 100041 
286 398 100059 
287 813 100003 
288 206 100027 
289 170 100014 
290 176 100001 
291 636 100009 
292 833 100074 
293 258 100032 
294 487 100048 
295 316 100032 
296 768 100033 
297 752 100093 
298 792 100089 
299 499 100024 
300 933 100058 
301 910 100098 
302 520 100054 
303 551 100031 
304 27 100028 
305 649 100042 
306 929 100028 
307 441 100025 
308 311 100035 
309 117 100067 
310 85 100034 
311 179 100039 
312 248 100016 
313 772 100049 
314 23 100012 
315 99 100023 
316 272 100026 
317 382 100016 
318 7 100025 
319 112 100028 
320 266 100038 
321 376 100065 
322 996 100060 
323 425 100092 
324 772 100079 
325 343 100001 
326 121 100055 
327 195 100000 
328 924 100058 
329 763 100068 
330 370 100078 
331 857 100010 
332 101 100070 
333 742 100003 
334 606 100017 
335 219 100031 
336 593 100000 
337 764 100094 
338 460 100041 
339 762 100041 
340 269 100096 
341 3 100090 
342 504 100079 
343 847 100014 
344 82 100062 
345 74 100087 
346 684 100036 
347 793 100058 
348 15 100042 
349 587 100095 
350 729 100077 
351 550 100040 
352 482 100028 
353 346 100052 
354 366 100052 
355 894 100001 
356 550 100051 
357 693 100070 
358 5 100084 
359 228 100046 
360 420 100061 
361 67 100006 
362 122 100053 
363 174 100010 
364 396 100013 
365 735 100044 
366 317 100021 
367 146 100094 
368 962 100092 
369 949 100081 
370 300 100020 
371 417 100039 
372 835 100028 
373 721 100021 
374 284 100032 
375 718 100051 
376 959 100087 
377 12 100006 
378 47 100097 
379 365 100023 
380 150 100029 
381 592 100086 
382 189 100022 
383 606 100085 
384 885 100057 
385 241 100096 
386 29 100077 
387 601 100003 
388 640 100079 
389 587 100047 
390 18 100046 
391 80 100075 
392 255 100052 
393 24 100097 
394 24 100068 
395 186 100036 
396 715 100088 
397 601 100029 
398 509 100022 
399 52 100019 
400 847 100090 
401 690 100085 
402 235 100067 
403 31 100046 
404 641 100019 
405 272 100040 
406 50 100031 
407 63 100026 
408 768 100040 
409 156 100000 
410 944 100095 
411 592 100034 
412 301 100034 
413 606 100041 
414 34 100060 
415 9 100041 
416 340 100093 
417 188 100040 
418 666 100043 
419 906 100052 
420 881 100025 
421 355 100088 
422 704 100073 
423 175 100073 
424 909 100038 
425 2 100064 
426 59 100085 
427 924 100029 
428 161 100049 
429 644 100058 
430 711 100037 
431 880 100021 
432 87 100052 
433 387 100069 
434 334 100076 
435 276 100048 
436 486 100033 
437 831 100039 
438 785 100010 
439 795 100059 
440 524 100091 
441 991 100027 
442 446 100090 
443 121 100068 
444 803 100019 
445 61 100080 
446 641 100007 
447 622 100003 
448 134 100096 
449 812 100028 
450 116 100087 
451 50 100015 
452 251 100035 
453 42 100053 
454 369 100042 
455 336 100053 
456 992 100059 
457 248 100047 
458 964 100034 
459 861 100035 
460 575 100010 
461 71 100055 
462 163 100057 
463 23 100062 
464 412 100097 
465 514 100053 
466 815 100054 
467 360 100036 
468 443 100027 
469 184 100098 
470 987 100043 
471 274 100015 
472 652 100073 
473 784 100014 
474 649 100038 
475 9 100075 
476 681 100060 
477 500 100091 
478 658 100079 
479 118 100071 
480 540 100058 
481 321 100056 
482 220 100043 
483 569 100036 
484 243 100060 
485 707 100050 
486 267 100099 
487 284 100032 
488 262 100007 
489 971 100042 
490 66 100013 
491 540 100092 
492 789 100077 
493 810 100044 
494 937 100041 
495 920 100038 
496 980 100012 
497 277 100057 
498 270 100057 
499 650 100022 
500 576 100087 
501 344 100069 
502 302 100021 
503 547 100089 
504 880 100043 
505 229 100081 
506 739 100020 
507 576 100033 
508 366 100055 
509 548 100054 
510 236 100080 
511 985 100045 
512 766 100031 
513 858 100052 
514 922 100005 
515 198 100047 
516 284 100056 
517 500 100060 
518 63 100070 
519 450 100001 
520 863 100070 
521 570 100005 
522 670 100069 
523 602 100006 
524 442 100044 
525 350 100050 
526 152 100067 
527 996 100095 
528 375 100027 
529 956 100017 
530 531 100097 
531 634 100051 
532 164 100071 
533 746 100021 
534 970 100056 
535 630 100028 
536 511 100052 
537 375 100037 
538 410 100006 
539 821 100025 
540 611 100053 
541 565 100050 
542 640 100062 
543 22 100090 
544 43 100092 
545 416 100012 
546 173 100067 
547 170 100097 
548 524 100075 
549 78 100001 
550 548 100053 
551 947 100068 
552 765 100080 
553 598 100080 
554 16 100074 
555 479 100075 
556 7 100090 
557 547 100087 
558 976 100034 
559 195 100042 
560 862 100085 
561 448 100053 
562 781 100099 
563 18 100093 
564 600 100066 
565 404 100096 
566 712 100053 
567 333 100046 
568 442 100076 
569 157 100060 
570 406 100070 
571 641 100071 
572 680 100035 
573 678 100065 
574 117 100086 
575 526 100068 
576 516 100028 
577 306 100009 
578 974 100051 
579 829 100032 
580 19 100030 
581 680 100039 
582 35 100098 
583 207 100017 
584 461 100038 
585 927 100004 
586 840 100084 
587 706 100042 
588 427 100007 
589 417 100005 
590 611 100098 
591 388 100036 
592 313 100099 
593 17 100046 
594 653 100077 
595 559 100082 
596 843 100055 
597 446 100040 
598 160 100082 
599 654 100062 
600 257 100019 
601 848 100079 
602 8 100014 
603 476 100091 
604 381 100067 
605 432 100025 
606 981 100055 
607 961 100021 
608 745 100090 
609 601 100045 
610 693 100040 
611 918 100066 
612 523 100075 
613 955 100017 
614 491 100040 
615 237 100072 
616 58 100026 
617 420 100031 
618 861 100080 
619 740 100087 
620 264 100063 
621 527 100043 
622 55 100051 
623 328 100075 
624 991 100039 
625 71 100038 
626 994 100029 
627 644 100032 
628 734 100012 
629 754 100080 
630 273 100013 
631 25 100097 
632 67 100069 
633 415 100031 
634 560 100008 
635 701 100093 
636 489 100099 
637 234 100021 
638 189 100056 
639 318 100020 
640 417 100060 
641 485 100046 
642 281 100019 
643 614 100077 
644 721 100044 
645 454 100046 
646 405 100039 
647 974 100073 
648 682 100070 
649 630 100011 
650 407 100064 
651 388 100015 
652 323 100011 
653 669 100045 
654 436 100066 
655 47 100013 
656 193 100070 
657 737 100091 
658 309 100026 
659 239 100049 
660 625 100033 
661 253 100024 
662 836 100024 
663 760 100033 
664 81 100070 
665 796 100007 
666 22 100003 
667 157 100077 
668 900 100058 
669 533 100025 
670 720 100023 
671 558 100080 
672 29 100065 
673 517 100074 
674 531 100074 
675 580 100099 
676 856 100095 
677 99 100008 
678 153 100095 
679 658 100020 
680 742 100013 
681 644 100071 
682 247 100074 
683 155 100004 
684 815 100029 
685 725 100047 
686 843 100017 
687 168 100061 
688 615 100073 
689 703 100056 
690 350 100035 
691 401 100076 
692 923 100044 
693 498 100068 
694 753 100069 
695 592 100087 
696 731 100002 
697 372 100095 
698 673 100087 
699 307 100039 
700 935 100060 
701 33 100033 
702 268 100091 
703 905 100043 
704 828 100022 
705 50 100011 
706 650 100030 
707 345 100055 
708 190 100038 
709 439 100023 
710 39 100017 
711 528 100078 
712 925 100011 
713 960 100035 
714 869 100044 
715 553 100087 
716 210 100051 
717 157 100065 
718 420 100054 
719 540 100043 
720 464 100087 
721 843 100001 
722 916 100086 
723 705 100077 
724 845 100034 
725 375 100072 
726 719 100043 
727 308 100004 
728 952 100086 
729 834 100043 
730 841 100069 
731 184 100004 
732 906 100029 
733 101 100013 
734 497 100084 
735 350 100056 
736 559 100033 
737 428 100092 
738 455 100016 
739 365 100057 
740 748 100092 
741 949 100021 
742 78 100051 
743 913 100037 
744 816 100084 
745 503 100083 
746 897 100052 
747 565 100081 
748 924 100083 
749 941 100011 
750 135 100023 
751 74 100019 
752 5 100068 
753 355 100066 
754 384 100070 
755 816 100004 
756 783 100024 
757 565 100093 
758 991 100082 
759 922 100082 
760 489 100085 
761 124 100031 
762 488 100015 
763 300 100007 
764 653 100041 
765 218 100066 
766 513 100059 
767 182 100028 
768 990 100003 
769 226 100061 
770 714 100066 
771 575 100025 
772 257 100041 
773 811 100095 
774 918 100035 
775 748 100055 
776 534 100032 
777 332 100083 
778 250 100061 
779 488 100013 
780 247 100051 
781 815 100098 
782 755 100090 
783 91 100009 
784 549 100008 
785 919 100015 
786 33 100080 
787 206 100017 
788 584 100016 
789 371 100077 
790 936 100062 
791 19 100063 
792 405 100026 
793 419 100011 
794 643 100011 
795 838 100091 
796 343 100065 
797 335 100006 
798 633 100006 
799 16 100085 
800 128 100057 
801 573 100083 
802 514 100074 
803 744 100016 
804 118 100025 
805 682 100090 
806 505 100099 
807 546 100083 
808 121 100063 
809 421 100079 
810 273 100075 
811 162 100099 
812 657 100006 
813 800 100032 
814 920 100030 
815 95 100002 
816 713 100015 
817 832 100004 
818 345 100078 
819 842 100065 
820 41 100008 
821 706 100026 
822 923 100011 
823 814 100078 
824 861 100043 
825 606 100051 
826 341 100015 
827 503 100078 
828 16 100075 
829 374 100043 
830 44 100071 
831 389 100060 
832 870 100081 
833 621 100012 
834 840 100063 
835 440 100056 
836 875 100008 
837 713 100076 
838 765 100037 
839 387 100029 
840 998 100030 
841 650 100056 
842 125 100074 
843 690 100091 
844 818 100040 
845 339 100003 
846 464 100011 
847 997 100036 
848 697 100057 
849 462 100070 
850 149 100022 
851 85 100082 
852 105 100047 
853 450 100062 
854 48 100089 
855 316 100051 
856 745 100063 
857 142 100000 
858 412 100005 
859 943 100031 
860 322 100077 
861 348 100032 
862 40 100032 
863 669 100070 
864 447 100077 
865 633 100002 
866 356 100073 
867 206 100055 
868 895 100055 
869 673 100031 
870 802 100000 
871 118 100021 
872 888 100035 
873 13 100092 
874 791 100083 
875 905 100073 
876 427 100017 
877 454 100038 
878 953 100033 
879 958 100009 
880 309 100066 
881 616 100071 
882 808 100098 
883 495 100002 
884 89 100033 
885 906 100023 
886 902 100029 
887 213 100034 
888 32 100070 
889 299 100004 
890 889 100048 
891 253 100099 
892 883 100034 
893 284 100041 
894 910 100043 
895 231 100070 
896 549 100064 
897 985 100035 
898 213 100040 
899 651 100060 
900 723 100060 
901 961 100070 
902 57 100024 
903 764 100087 
904 93 100052 
905 420 100001 
906 591 100080 
907 799 100049 
908 676 100058 
909 538 100025 
910 371 100069 
911 82 100064 
912 124 100059 
913 880 100049 
914 536 100080 
915 663 100068 
916 409 100094 
917 339 100096 
918 366 100030 
919 856 100084 
920 539 100076 
921 548 100053 
922 499 100020 
923 746 100064 
924 507 100030 
925 980 100022 
926 245 100039 
927 84 100019 
928 645 100010 
929 79 100053 
930 956 100073 
931 966 100086 
932 990 100069 
933 147 100057 
934 378 100053 
935 900 100000 
936 886 100040 
937 495 100070 
938 308 100055 
939 923 100043 
940 388 100053 
941 454 100088 
942 711 100081 
943 544 100077 
944 278 100066 
945 803 100095 
946 53 100083 
947 438 100028 
948 720 100058 
949 548 100037 
950 16 100083 
951 30 100007 
952 697 100054 
953 986 100070 
954 723 100013 
955 573 100099 
956 788 100069 
957 988 100051 
958 110 100004 
959 219 100099 
960 178 100071 
961 217 100067 
962 448 100006 
963 672 100011 
964 242 100073 
965 156 100068 
966 652 100060 
967 592 100022 
968 674 100095 
969 799 100014 
970 583 100026 
971 885 100076 
972 492 100028 
973 91 100091 
974 717 100099 
975 761 100028 
976 508 100025 
977 11 100037 
978 385 100095 
979 579 100026 
980 671 100065 
981 935 100034 
982 275 100094 
983 758 100081 
984 3 100034 
985 540 100079 
986 465 100023 
987 911 100005 
988 19 100099 
989 910 100072 
990 769 100002 
991 525 100013 
992 114 100083 
993 287 100065 
994 122 100037 
995 665 100070 
996 612 100040 
997 991 100072 
998 56 100063 
999 293 100083 
1000 210 100001 
1001 148 100043 
1002 271 100079 
1003 983 100039 
1004 388 100065 
1005 697 100030 
1006 541 100041 
1007 580 100001 
1008 118 100091 
1009 272 100079 
1010 386 100012 
1011 511 100058 
1012 973 100052 
1013 657 100056 
1014 56 100070 
1015 841 100064 
1016 505 100070 
1017 867 100072 
1018 988 100027 
1019 168 100077 
1020 91 100052 
1021 192 100069 
1022 621 100017 
1023 202 100030 
1024 14 100031 
1025 171 100051 
1026 914 100072 
1027 952 100080 
1028 535 100062 
1029 386 100011 
1030 510 100043 
1031 262 100097 
1032 229 100042 
1033 309 100045 
1034 901 100017 
1035 223 100043 
1036 595 100006 
1037 903 100066 
1038 478 100033 
1039 35 100088 
1040 140 100048 
1041 426 100065 
1042 368 100090 
1043 210 100048 
1044 36 100046 
1045 413 100029 
1046 143 100023 
1047 895 100094 
1048 667 100045 
1049 735 100097 
1050 173 100051 
1051 991 100074 
1052 522 100040 
1053 306 100035 
1054 627 100010 
1055 794 100092 
1056 5 100021 
1057 594 100065 
1058 335 100033 
1059 598 100003 
1060 945 100095 
1061 758 100067 
1062 45 100041 
1063 225 100066 
1064 837 100078 
1065 611 100066 
1066 857 100064 
1067 429 100066 
1068 298 100098 
1069 886 100097 
1070 800 100054 
1071 411 100057 
1072 533 100092 
1073 336 100048 
1074 748 100057 
1075 19 100028 
1076 41 100026 
1077 825 100015 
1078 895 100085 
1079 359 100022 
1080 552 100023 
1081 855 100015 
1082 460 100077 
1083 949 100018 
1084 473 100068 
1085 317 100008 
1086 306 100039 
1087 892 100004 
1088 672 100067 
1089 367 100052 
1090 698 100075 
1091 211 100052 
1092 810 100031 
1093 986 100022 
1094 902 100028 
1095 374 100073 
1096 968 100046 
1097 998 100087 
1098 122 100092 
1099 35 100031 
1100 521 100017 
1101 917 100005 
1102 797 100016 
1103 719 100045 
1104 410 100031 
1105 235 100018 
1106 606 100090 
1107 715 100091 
1108 519 100090 
1109 989 100021 
1110 160 100089 
1111 66 100084 
1112 48 100084 
1113 276 100044 
1114 632 100071 
1115 714 100072 
1116 719 100098 
1117 937 100030 
1118 524 100082 
1119 992 100063 
1120 966 100092 
1121 56 100062 
1122 251 100014 
1123 246 100084 
1124 459 100019 
1125 183 100086 
1126 609 100036 
1127 215 100010 
1128 358 100000 
1129 461 100069 
1130 881 100054 
1131 415 100026 
1132 679 100043 
1133 941 100061 
1134 947 100056 
1135 340 100034 
1136 226 100029 
1137 906 100009 
1138 749 100047 
1139 905 100084 
1140 652 100085 
1141 803 100042 
1142 452 100097 
1143 720 100064 
1144 229 100084 
1145 446 100050 
1146 754 100035 
1147 621 100077 
1148 77 100096 
1149 269 100096 
1150 590 100038 
1151 559 100064 
1152 864 100036 
1153 46 100093 
1154 633 100030 
1155 320 100014 
1156 932 100005 
1157 948 100082 
1158 197 100017 
1159 26 100093 
1160 368 100030 
1161 385 100095 
1162 30 100028 
1163 913 100007 
1164 805 100049 
1165 118 100096 
1166 138 100020 
1167 325 100078 
1168 662 100039 
1169 150 100087 
1170 98 100026 
1171 862 100098 
1172 153 100007 
1173 920 100052 
1174 441 100019 
1175 288 100038 
1176 860 100035 
1177 484 100019 
1178 905 100048 
1179 271 100051 
1180 907 100077 
1181 283 100042 
1182 355 100074 
1183 521 100002 
1184 750 100087 
1185 800 100012 
1186 133 100067 
1187 153 100050 
1188 245 100035 
1189 779 100062 
1190 979 100083 
1191 479 100067 
1192 534 100047 
1193 746 100060 
1194 768 100036 
1195 186 100047 
1196 458 100061 
1197 407 100033 
1198 555 100093 
1199 160 100008 
1200 749 100015 
1201 143 100094 
1202 629 100074 
1203 746 100039 
1204 917 100056 
1205 967 100066 
1206 959 100062 
1207 363 100071 
1208 72 100029 
1209 367 100017 
1210 758 100034 
1211 263 100099 
1212 712 100057 
1213 488 100072 
1214 481 100004 
1215 158 100015 
1216 952 100013 
1217 279 100071 
1218 319 100054 
1219 888 100071 
1220 157 100068 
1221 977 100062 
1222 770 100046 
1223 335 100050 
1224 919 100015 
1225 983 100074 
1226 528 100008 
1227 514 100004 
1228 479 100077 
1229 993 100077 
1230 774 100004 
1231 646 100020 
1232 633 100027 
1233 836 100013 
1234 933 100011 
1235 965 100030 
1236 369 100057 
1237 318 100061 
1238 208 100009 
1239 672 100013 
1240 503 100039 
1241 22 100043 
1242 433 100050 
1243 86 100046 
1244 413 100040 
1245 534 100018 
1246 880 100052 
1247 309 100058 
1248 301 100018 
1249 491 100058 
1250 118 100037 
1251 621 100096 
1252 613 100000 
1253 353 100030 
1254 139 100031 
1255 290 100056 
1256 788 100054 
1257 265 100032 
1258 629 100070 
1259 912 100056 
1260 484 100035 
1261 804 100069 
1262 531 100080 
1263 735 100018 
1264 352 100050 
1265 974 100020 
1266 283 100069 
1267 574 100067 
1268 884 100036 
1269 430 100059 
1270 41 100074 
1271 969 100046 
1272 498 100027 
1273 690 100053 
1274 545 100066 
1275 212 100059 
1276 233 100042 
1277 61 100097 
1278 242 100064 
1279 255 100064 
1280 437 100043 
1281 675 100045 
1282 330 100022 
1283 490 100078 
1284 388 100007 
1285 601 100079 
1286 974 100088 
1287 736 100068 
1288 77 100064 
1289 295 100038 
1290 609 100089 
1291 677 100090 
1292 624 100069 
1293 943 100017 
1294 641 100028 
1295 338 100074 
1296 946 100040 
1297 77 100095 
1298 367 100044 
1299 109 100043 
1300 312 100027 
1301 502 100029 
1302 653 100085 
1303 363 100049 
1304 264 100067 
1305 547 100052 
1306 351 100076 
1307 216 100057 
1308 741 100000 
1309 765 100079 
1310 804 100097 
1311 987 100095 
1312 250 100002 
1313 384 100044 
1314 533 100036 
1315 133 100054 
1316 243 100089 
1317 418 100023 
1318 738 100043 
1319 80 100037 
1320 1 100089 
1321 106 100057 
1322 177 100085 
1323 321 100010 
1324 20 100002 
1325 795 100014 
1326 536 100066 
1327 583 100045 
1328 360 100065 
1329 40 100087 
1330 880 100057 
1331 164 100024 
1332 274 100021 
1333 335 100044 
1334 330 100004 
1335 689 100050 
1336 706 100082 
1337 888 100034 
1338 99 100006 
1339 347 100018 
1340 857 100016 
1341 429 100042 
1342 657 100048 
1343 970 100084 
1344 58 100013 
1345 489 100099 
1346 5 100091 
1347 902 100065 
1348 562 100094 
1349 171 100008 
1350 568 100019 
1351 146 100029 
1352 297 100070 
1353 282 100007 
1354 432 100054 
1355 475 100052 
1356 48 100070 
1357 279 100091 
1358 418 100025 
1359 504 100001 
1360 666 100093 
1361 128 100094 
1362 87 100082 
1363 392 100008 
1364 869 100085 
1365 113 100099 
1366 313 100060 
1367 65 100093 
1368 704 100028 
1369 874 100004 
1370 516 100054 
1371 821 100009 
1372 420 100000 
1373 870 100009 
1374 335 100027 
1375 236 100008 
1376 765 100003 
1377 383 100059 
1378 922 100063 
1379 390 100073 
1380 272 100035 
1381 485 100025 
1382 408 100072 
1383 560 100096 
1384 300 100093 
1385 574 100042 
1386 396 100005 
1387 876 100068 
1388 539 100046 
1389 484 100012 
1390 261 100006 
1391 763 100084 
1392 143 100005 
1393 156 100022 
1394 531 100077 
1395 268 100021 
1396 383 100053 
1397 731 100098 
1398 81 100086 
1399 379 100010 
1400 121 100069 
1401 241 100091 
1402 579 100023 
1403 917 100018 
1404 135 100091 
1405 87 100059 
1406 703 100052 
1407 560 100002 
1408 332 100007 
1409 626 100038 
1410 349 100048 
1411 333 100064 
1412 902 100034 
1413 679 100018 
1414 929 100034 
1415 967 100048 
1416 531 100052 
1417 711 100012 
1418 941 100044 
1419 979 100018 
1420 245 100036 
1421 42 100008 
1422 793 100059 
1423 872 100045 
1424 384 100059 
1425 69 100077 
1426 533 100096 
1427 854 100097 
1428 577 100061 
1429 518 100005 
1430 35 100016 
1431 328 100093 
1432 910 100089 
1433 276 100034 
1434 471 100073 
1435 748 100050 
1436 850 100061 
1437 89 100014 
1438 912 100006 
1439 551 100057 
1440 343 100015 
1441 154 100082 
1442 662 100058 
1443 147 100037 
1444 491 100069 
1445 587 100023 
1446 788 100021 
1447 658 100006 
1448 670 100026 
1449 132 100079 
1450 213 100053 
1451 418 100074 
1452 568 100081 
1453 936 100050 
1454 736 100061 
1455 448 100028 
1456 845 100025 
1457 131 100045 
1458 965 100041 
1459 847 100055 
1460 522 100059 
1461 569 100096 
1462 903 100052 
1463 128 100011 
1464 591 100077 
1465 948 100045 
1466 289 100044 
1467 529 100047 
1468 972 100026 
1469 460 100066 
1470 219 100049 
1471 592 100063 
1472 357 100087 
1473 157 100090 
1474 717 100094 
1475 711 100036 
1476 8 100095 
1477 462 100088 
1478 72 100005 
1479 551 100099 
1480 484 100079 
1481 918 100046 
1482 777 100050 
1483 902 100089 
1484 490 100026 
1485 55 100087 
1486 191 100033 
1487 139 100001 
1488 69 100069 
1489 29 100073 
1490 274 100095 
1491 710 100051 
1492 707 100032 
1493 462 100091 
1494 4 100049 
1495 731 100006 
1496 587 100027 
1497 352 100096 
1498 417 100028 
1499 469 100059 
1500 390 100066 
1501 711 100029 
1502 120 100009 
1503 997 100039 
1504 303 100013 
1505 470 100002 
1506 689 100026 
1507 433 100005 
1508 845 100011 
1509 979 100053 
1510 790 100003 
1511 399 100025 
1512 630 100099 
1513 165 100045 
1514 820 100029 
1515 394 100077 
1516 188 100046 
1517 823 100064 
1518 65 100026 
1519 169 100040 
1520 529 100073 
1521 4 100061 
1522 141 100054 
1523 948 100033 
1524 459 100033 
1525 58 100022 
1526 723 100039 
1527 600 100072 
1528 178 100045 
1529 777 100019 
1530 758 100070 
1531 328 100024 
1532 951 100013 
1533 787 100004 
1534 934 100011 
1535 235 100026 
1536 653 100026 
1537 619 100058 
1538 474 100092 
1539 859 100048 
1540 706 100055 
1541 608 100094 
1542 30 100057 
1543 545 100042 
1544 348 100074 
1545 569 100060 
1546 412 100001 
1547 884 100008 
1548 29 100092 
1549 631 100033 
1550 684 100068 
1551 89 100049 
1552 560 100092 
1553 72 100025 
1554 621 100082 
1555 177 100013 
1556 820 100072 
1557 640 100002 
1558 355 100046 
1559 864 100036 
1560 606 100066 
1561 975 100070 
1562 937 100052 
1563 665 100080 
1564 912 100047 
1565 776 100056 
1566 118 100089 
1567 269 100066 
1568 638 100075 
1569 685 100003 
1570 706 100046 
1571 203 100017 
1572 574 100055 
1573 494 100016 
1574 679 100061 
1575 246 100001 
1576 493 100064 
1577 441 100012 
1578 642 100062 
1579 36 100013 
1580 470 100042 
1581 888 100039 
1582 985 100031 
1583 91 100024 
1584 83 100038 
1585 272 100014 
1586 980 100072 
1587 700 100000 
1588 731 100031 
1589 886 100065 
1590 405 100046 
1591 858 100009 
1592 957 100097 
1593 585 100093 
1594 2 100036 
1595 633 100066 
1596 241 100065 
1597 349 100091 
1598 375 100008 
1599 489 100016 
1600 955 100062 
1601 828 100071 
1602 623 100038 
1603 137 100097 
1604 185 100037 
1605 364 100078 
1606 410 100018 
1607 14 100002 
1608 650 100046 
1609 709 100075 
1610 357 100008 
1611 908 100044 
1612 526 100019 
1613 682 100009 
1614 663 100003 
1615 289 100034 
1616 66 100075 
1617 773 100090 
1618 303 100018 
1619 870 100048 
1620 203 100081 
1621 940 100097 
1622 553 100044 
1623 511 100001 
1624 95 100060 
1625 752 100017 
1626 208 100016 
1627 400 100054 
1628 241 100086 
1629 891 100023 
1630 147 100089 
1631 687 100093 
1632 804 100041 
1633 727 100019 
1634 617 100087 
1635 503 100046 
1636 708 100058 
1637 59 100011 
1638 630 100080 
1639 168 100013 
1640 98 100006 
1641 463 100035 
1642 710 100028 
1643 1 100021 
1644 382 100024 
1645 300 100063 
1646 887 100020 
1647 201 100014 
1648 309 100024 
1649 886 100083 
1650 921 100066 
1651 783 100015 
1652 970 100062 
1653 164 100069 
1654 126 100010 
1655 302 100032 
1656 614 100095 
1657 316 100092 
1658 844 100082 
1659 413 100076 
1660 385 100057 
1661 465 100071 
1662 247 100095 
1663 769 100020 
1664 64 100027 
1665 879 100036 
1666 874 100030 
1667 266 100086 
1668 855 100095 
1669 842 100029 
1670 181 100043 
1671 485 100042 
1672 398 100026 
1673 828 100022 
1674 837 100040 
1675 758 100012 
1676 558 100015 
1677 774 100028 
1678 568 100070 
1679 859 100031 
1680 251 100083 
1681 812 100039 
1682 80 100095 
1683 870 100080 
1684 73 100082 
1685 963 100033 
1686 301 100042 
1687 881 100024 
1688 344 100040 
1689 492 100020 
1690 429 100053 
1691 409 100085 
1692 705 100036 
1693 528 100039 
1694 366 100002 
1695 484 100092 
1696 568 100032 
1697 915 100045 
1698 143 100021 
1699 61 100056 
1700 922 100087 
1701 995 100003 
1702 812 100099 
1703 37 100089 
1704 422 100033 
1705 583 100010 
1706 577 100014 
1707 897 100090 
1708 526 100029 
1709 466 100075 
1710 548 100002 
1711 528 100091 
1712 764 100006 
1713 367 100096 
1714 300 100044 
1715 68 100079 
1716 807 100021 
1717 188 100037 
1718 990 100014 
1719 550 100098 
1720 781 100060 
1721 409 100052 
1722 236 100057 
1723 331 100007 
1724 504 100062 
1725 256 100063 
1726 46 100002 
1727 435 100003 
1728 339 100088 
1729 316 100090 
1730 859 100065 
1731 966 100060 
1732 132 100009 
1733 891 100054 
1734 174 100020 
1735 71 100043 
1736 929 100015 
1737 966 100006 
1738 515 100084 
1739 731 100053 
1740 813 100091 
1741 542 100057 
1742 96 100098 
1743 872 100033 
1744 841 100092 
1745 846 100013 
1746 823 100035 
1747 120 100004 
1748 365 100055 
1749 21 100037 
1750 272 100020 
1751 597 100091 
1752 182 100048 
1753 146 100048 
1754 793 100011 
1755 332 100024 
1756 223 100023 
1757 544 100091 
1758 7 100043 
1759 572 100032 
1760 802 100056 
1761 313 100075 
1762 436 100087 
1763 574 100078 
1764 262 100047 
1765 829 100012 
1766 649 100079 
1767 156 100094 
1768 312 100056 
1769 706 100082 
1770 690 100084 
1771 571 100059 
1772 35 100084 
1773 34 100067 
1774 631 100068 
1775 499 100065 
1776 266 100052 
1777 450 100070 
1778 727 100008 
1779 795 100007 
1780 18 100033 
1781 551 100037 
1782 52 100003 
1783 719 100014 
1784 995 100026 
1785 208 100008 
1786 283 100097 
1787 516 100002 
1788 381 100044 
1789 401 100020 
1790 139 100065 
1791 728 100044 
1792 141 100034 
1793 780 100004 
1794 859 100077 
1795 540 100070 
1796 639 100076 
1797 279 100018 
1798 869 100046 
1799 403 100024 
1800 699 100016 
1801 66 100046 
1802 55 100005 
1803 978 100062 
1804 530 100059 
1805 88 100013 
1806 279 100087 
1807 768 100072 
1808 367 100020 
1809 155 100071 
1810 724 100021 
1811 549 100076 
1812 232 100025 
1813 897 100038 
1814 369 100055 
1815 468 100046 
1816 243 100076 
1817 331 100000 
1818 43 100081 
1819 298 100095 
1820 860 100083 
1821 178 100096 
1822 455 100009 
1823 238 100001 
1824 683 100035 
1825 547 100061 
1826 807 100053 
1827 881 100004 
1828 408 100024 
1829 946 100073 
1830 788 100059 
1831 437 100040 
1832 633 100043 
1833 695 100038 
1834 714 100091 
1835 640 100068 
1836 967 100026 
1837 301 100092 
1838 825 100063 
1839 47 100044 
1840 327 100083 
1841 312 100069 
1842 639 100019 
1843 917 100011 
1844 668 100033 
1845 548 100095 
1846 936 100041 
1847 259 100037 
1848 431 100017 
1849 778 100061 
1850 561 100021 
1851 847 100006 
1852 17 100046 
1853 141 100073 
1854 270 100081 
1855 703 100048 
1856 733 100020 
1857 822 100027 
1858 769 100078 
1859 349 100053 
1860 649 100036 
1861 677 100099 
1862 308 100081 
1863 274 100030 
1864 835 100026 
1865 441 100035 
1866 202 100022 
1867 388 100060 
1868 53 100076 
1869 396 100031 
1870 452 100012 
1871 698 100094 
1872 651 100026 
1873 402 100094 
1874 376 100051 
1875 356 100081 
1876 537 100056 
1877 664 100087 
1878 457 100071 
1879 885 100006 
1880 47 100057 
1881 30 100009 
1882 260 100051 
1883 803 100015 
1884 911 100099 
1885 815 100050 
1886 918 100039 
1887 27 100038 
1888 131 100052 
1889 390 100068 
1890 992 100036 
1891 903 100043 
1892 113 100034 
1893 457 100078 
1894 829 100036 
1895 689 100078 
1896 168 100091 
1897 783 100011 
1898 848 100043 
1899 719 100070 
1900 610 100006 
1901 731 100053 
1902 457 100038 
1903 911 100067 
1904 706 100039 
1905 808 100004 
1906 334 100011 
1907 865 100073 
1908 957 100074 
1909 884 100052 
1910 860 100038 
1911 994 100021 
1912 754 100048 
1913 847 100066 
1914 381 100014 
1915 245 100058 
1916 772 100024 
1917 443 100038 
1918 400 100077 
1919 409 100038 
1920 316 100003 
1921 555 100046 
1922 774 100087 
1923 504 100068 
1924 577 100024 
1925 197 100037 
1926 464 100060 
1927 459 100096 
1928 873 100024 
1929 474 100032 
1930 340 100008 
1931 520 100079 
1932 215 100066 
1933 91 100040 
1934 223 100093 
1935 406 100090 
1936 365 100035 
1937 395 100086 
1938 386 100049 
1939 597 100014 
1940 649 100039 
1941 921 100041 
1942 623 100071 
1943 241 100087 
1944 905 100006 
1945 596 100090 
1946 123 100022 
1947 294 100032 
1948 456 100040 
1949 95 100035 
1950 691 100037 
1951 266 100000 
1952 9 100085 
1953 348 100067 
1954 528 100064 
1955 871 100063 
1956 344 100040 
1957 147 100096 
1958 293 100057 
1959 552 100065 
1960 358 100084 
1961 386 100033 
1962 149 100007 
1963 416 100013 
1964 811 100013 
1965 491 100015 
1966 408 100026 
1967 208 100087 
1968 907 100035 
1969 51 100079 
1970 284 100012 
1971 600 100018 
1972 364 100043 
1973 430 100066 
1974 949 100053 
1975 187 100034 
1976 668 100004 
1977 326 100087 
1978 167 100023 
1979 845 100003 
1980 804 100043 
1981 3 100013 
1982 208 100022 
1983 877 100023 
1984 689 100030 
1985 818 100029 
1986 313 100041 
1987 45 100056 
1988 831 100008 
1989 912 100091 
1990 515 100019 
1991 655 100035 
1992 606 100058 
1993 382 100078 
1994 572 100014 
1995 431 100074 
1996 295 100024 
1997 436 100039 
1998 793 100015 
1999 461 100018 
2000 62 100098 
2001 847 100017 
2002 51 100040 
2003 714 100008 
2004 343 100027 
2005 373 100031 
2006 852 100040 
2007 271 100036 
2008 306 100056 
2009 972 100000 
2010 585 100025 
2011 755 100037 
2012 152 100001 
2013 561 100070 
2014 183 100029 
2015 4 100054 
2016 917 100098 
2017 301 100043 
2018 15 100080 
2019 266 100007 
2020 190 100019 
2021 639 100051 
2022 236 100006 
2023 377 100044 
2024 498 100061 
2025 694 100031 
2026 145 100043 
2027 453 100012 
2028 883 100078 
2029 86 100058 
2030 893 100046 
2031 677 100027 
2032 268 100044 
2033 1000 100055 
2034 512 100093 
2035 82 100048 
2036 89 100017 
2037 579 100061 
2038 861 100012 
2039 590 100083 
2040 596 100036 
2041 960 100005 
2042 480 100089 
2043 288 100028 
2044 276 100062 
2045 711 100035 
2046 119 100040 
2047 244 100026 
2048 581 100082 
2049 532 100041 
2050 403 100055 
2051 821 100032 
2052 660 100021 
2053 910 100034 
2054 917 100047 
2055 709 100002 
2056 986 100042 
2057 916 100032 
2058 339 100029 
2059 665 100017 
2060 406 100098 
2061 152 100033 
2062 330 100026 
2063 135 100086 
2064 837 100057 
2065 669 100094 
2066 323 100055 
2067 168 100003 
2068 539 100023 
2069 475 100050 
2070 344 100061 
2071 288 100009 
2072 465 100094 
2073 935 100079 
2074 485 100081 
2075 587 100006 
2076 727 100091 
2077 477 100005 
2078 233 100080 
2079 240 100036 
2080 688 100084 
2081 560 100092 
2082 492 100024 
2083 343 100076 
2084 538 100022 
2085 750 100037 
2086 920 100049 
2087 756 100023 
2088 589 100022 
2089 550 100037 
2090 211 100000 
2091 299 100080 
2092 449 100006 
2093 243 100065 
2094 321 100075 
2095 547 100079 
2096 154 100033 
2097 280 100040 
2098 507 100046 
2099 206 100019 
2100 309 100044 
2101 467 100024 
2102 860 100071 
2103 269 100049 
2104 642 100044 
2105 492 100012 
2106 224 100095 
2107 893 100038 
2108 545 100078 
2109 644 100074 
2110 381 100078 
2111 446 100060 
2112 199 100054 
2113 808 100074 
2114 11 100038 
2115 480 100005 
2116 240 100055 
2117 350 100061 
2118 965 100059 
2119 910 100034 
2120 156 100033 
2121 828 100083 
2122 32 100092 
2123 132 100009 
2124 988 100086 
2125 822 100093 
2126 529 100065 
2127 691 100023 
2128 307 100004 
2129 846 100042 
2130 129 100099 
2131 626 100030 
2132 799 100083 
2133 195 100061 
2134 833 100082 
2135 355 100039 
2136 823 100057 
2137 669 100057 
2138 928 100021 
2139 542 100016 
2140 476 100073 
2141 236 100084 
2142 434 100004 
2143 862 100095 
2144 234 100043 
2145 982 100073 
2146 704 100033 
2147 71 100053 
2148 37 100090 
2149 247 100077 
2150 492 100011 
2151 810 100043 
2152 422 100064 
2153 792 100088 
2154 595 100090 
2155 764 100056 
2156 534 100016 
2157 786 100040 
2158 723 100000 
2159 189 100069 
2160 463 100058 
2161 234 100041 
2162 596 100044 
2163 388 100054 
2164 912 100086 
2165 509 100071 
2166 25 100087 
2167 885 100003 
2168 383 100073 
2169 962 100015 
2170 77 100093 
2171 653 100028 
2172 206 100058 
2173 540 100042 
2174 272 100012 
2175 42 100008 
2176 784 100054 
2177 951 100071 
2178 970 100061 
2179 293 100098 
2180 170 100097 
2181 872 100085 
2182 468 100004 
2183 105 100067 
2184 4 100082 
2185 224 100098 
2186 427 100012 
2187 347 100065 
2188 360 100009 
2189 247 100000 
2190 750 100020 
2191 617 100004 
2192 919 100056 
2193 138 100072 
2194 101 100015 
2195 885 100081 
2196 576 100036 
2197 422 100049 
2198 618 100080 
2199 281 100074 
2200 835 100069 
2201 652 100061 
2202 545 100090 
2203 602 100023 
2204 55 100055 
2205 61 100040 
2206 745 100037 
2207 880 100003 
2208 690 100034 
2209 726 100070 
2210 178 100010 
2211 9 100030 
2212 535 100022 
2213 907 100053 
2214 998 100031 
2215 122 100016 
2216 134 100058 
2217 964 100068 
2218 274 100044 
2219 224 100024 
2220 113 100073 
2221 932 100000 
2222 372 100002 
2223 576 100030 
2224 411 100004 
2225 335 100078 
2226 564 100003 
2227 797 100038 
2228 697 100006 
2229 625 100083 
2230 628 100071 
2231 232 100046 
2232 306 100095 
2233 227 100043 
2234 762 100056 
2235 703 100011 
2236 689 100031 
2237 551 100042 
2238 483 100071 
2239 152 100043 
2240 287 100040 
2241 625 100061 
2242 999 100065 
2243 92 100092 
2244 379 100023 
2245 653 100093 
2246 121 100082 
2247 455 100063 
2248 715 100062 
2249 317 100074 
2250 190 100028 
2251 300 100038 
2252 514 100069 
2253 498 100057 
2254 818 100096 
2255 506 100034 
2256 986 100004 
2257 432 100065 
2258 784 100096 
2259 467 100045 
2260 905 100034 
2261 20 100026 
2262 817 100067 
2263 442 100088 
2264 821 100025 
2265 239 100001 
2266 929 100024 
2267 626 100093 
2268 681 100074 
2269 713 100040 
2270 926 100042 
2271 243 100043 
2272 856 100005 
2273 960 100024 
2274 786 100040 
2275 246 100036 
2276 519 100079 
2277 921 100077 
2278 950 100086 
2279 565 100045 
2280 996 100057 
2281 483 100024 
2282 439 100034 
2283 150 100002 
2284 203 100044 
2285 105 100077 
2286 747 100052 
2287 287 100040 
2288 85 100063 
2289 942 100072 
2290 322 100098 
2291 584 100078 
2292 872 100006 
2293 944 100020 
2294 862 100008 
2295 518 100017 
2296 660 100005 
2297 607 100035 
2298 61 100056 
2299 668 100098 
2300 706 100029 
2301 244 100067 
2302 428 100098 
2303 41 100064 
2304 685 100097 
2305 148 100019 
2306 731 100077 
2307 854 100082 
2308 506 100086 
2309 869 100042 
2310 181 100004 
2311 495 100097 
2312 449 100020 
2313 197 100090 
2314 710 100025 
2315 103 100047 
2316 907 100074 
2317 792 100029 
2318 213 100025 
2319 638 100017 
2320 587 100049 
2321 856 100096 
2322 65 100049 
2323 140 100077 
2324 295 100040 
2325 940 100066 
2326 454 100066 
2327 716 100076 
2328 759 100085 
2329 947 100089 
2330 135 100054 
2331 108 100077 
2332 274 100090 
2333 360 100005 
2334 747 100076 
2335 193 100083 
2336 101 100089 
2337 917 100054 
2338 121 100099 
2339 981 100007 
2340 373 100008 
2341 362 100082 
2342 757 100043 
2343 939 100047 
2344 913 100069 
2345 284 100004 
2346 3 100085 
2347 47 100003 
2348 763 100019 
2349 992 100022 
2350 561 100031 
2351 727 100043 
2352 477 100034 
2353 951 100051 
2354 286 100026 
2355 822 100043 
2356 142 100066 
2357 153 100061 
2358 343 100069 
2359 246 100089 
2360 949 100052 
2361 701 100055 
2362 142 100064 
2363 835 100022 
2364 746 100023 
2365 716 100052 
2366 571 100058 
2367 644 100064 
2368 9 100047 
2369 723 100014 
2370 973 100030 
2371 283 100021 
2372 512 100045 
2373 695 100019 
2374 967 100014 
2375 833 100067 
2376 949 100001 
2377 176 100007 
2378 261 100090 
2379 517 100001 
2380 658 100087 
2381 80 100003 
2382 870 100078 
2383 860 100040 
2384 11 100034 
2385 187 100010 
2386 737 100015 
2387 559 100026 
2388 941 100019 
2389 927 100080 
2390 962 100066 
2391 130 100068 
2392 478 100066 
2393 579 100082 
2394 468 100020 
2395 232 100081 
2396 249 100074 
2397 817 100095 
2398 5 100058 
2399 842 100000 
2400 448 100085 
2401 653 100045 
2402 815 100074 
2403 351 100026 
2404 762 100050 
2405 477 100028 
2406 931 100083 
2407 203 100089 
2408 212 100001 
2409 936 100069 
2410 29 100037 
2411 34 100021 
2412 786 100062 
2413 305 100007 
2414 373 100046 
2415 963 100070 
2416 149 100009 
2417 372 100050 
2418 586 100066 
2419 31 100084 
2420 963 100039 
2421 317 100011 
2422 246 100079 
2423 96 100033 
2424 779 100083 
2425 685 100092 
2426 174 100021 
2427 389 100010 
2428 864 100017 
2429 350 100033 
2430 97 100059 
2431 210 100010 
2432 252 100070 
2433 668 100013 
2434 86 100015 
2435 338 100080 
2436 356 100073 
2437 123 100032 
2438 408 100097 
2439 623 100085 
2440 983 100000 
2441 605 100068 
2442 723 100044 
2443 829 100075 
2444 696 100004 
2445 867 100084 
2446 317 100040 
2447 932 100091 
2448 954 100044 
2449 257 100050 
2450 576 100025 
2451 445 100012 
2452 744 100014 
2453 924 100049 
2454 372 100094 
2455 618 100056 
2456 460 100071 
2457 972 100031 
2458 743 100095 
2459 47 100053 
2460 719 100095 
2461 420 100060 
2462 910 100025 
2463 589 100006 
2464 130 100054 
2465 511 100009 
2466 155 100069 
2467 771 100033 
2468 181 100012 
2469 563 100054 
2470 871 100061 
2471 301 100059 
2472 902 100005 
2473 399 100087 
2474 350 100009 
2475 783 100012 
2476 143 100094 
2477 77 100025 
2478 616 100046 
2479 409 100074 
2480 554 100065 
2481 562 100070 
2482 491 100006 
2483 466 100062 
2484 982 100084 
2485 227 100009 
2486 516 100030 
2487 565 100098 
2488 953 100039 
2489 536 100002 
2490 997 100006 
2491 697 100071 
2492 589 100080 
2493 171 100039 
2494 525 100064 
2495 475 100068 
2496 805 100053 
2497 591 100033 
2498 893 100057 
2499 467 100096 
2500 606 100078 
2501 610 100075 
2502 839 100093 
2503 254 100048 
2504 840 100094 
2505 877 100058 
2506 959 100086 
2507 144 100090 
2508 901 100054 
2509 912 100055 
2510 587 100010 
2511 295 100091 
2512 310 100042 
2513 657 100034 
2514 253 100016 
2515 517 100002 
2516 931 100057 
2517 188 100088 
2518 765 100066 
2519 76 100077 
2520 329 100037 
2521 9 100089 
2522 609 100090 
2523 697 100002 
2524 283 100056 
2525 378 100059 
2526 638 100004 
2527 579 100080 
2528 675 100056 
2529 420 100077 
2530 813 100029 
2531 114 100065 
2532 807 100015 
2533 555 100076 
2534 425 100070 
2535 562 100090 
2536 54 100058 
2537 24 100041 
2538 885 100065 
2539 991 100007 
2540 82 100034 
2541 588 100040 
2542 617 100074 
2543 305 100002 
2544 302 100042 
2545 404 100022 
2546 35 100043 
2547 943 100068 
2548 479 100054 
2549 812 100067 
2550 944 100036 
2551 141 100039 
2552 365 100075 
2553 974 100020 
2554 498 100092 
2555 840 100012 
2556 656 100091 
2557 306 100046 
2558 736 100001 
2559 301 100034 
2560 12 100025 
2561 501 100085 
2562 467 100071 
2563 952 100025 
2564 879 100051 
2565 244 100013 
2566 437 100013 
2567 129 100059 
2568 824 100082 
2569 535 100096 
2570 378 100069 
2571 317 100038 
2572 248 100037 
2573 344 100013 
2574 888 100024 
2575 709 100071 
2576 26 100001 
2577 555 100026 
2578 360 100051 
2579 728 100036 
2580 427 100089 
2581 286 100039 
2582 756 100019 
2583 185 100039 
2584 996 100023 
2585 128 100059 
2586 569 100018 
2587 5 100080 
2588 525 100046 
2589 475 100042 
2590 116 100023 
2591 763 100038 
2592 458 100034 
2593 707 100009 
2594 462 100098 
2595 291 100026 
2596 583 100082 
2597 254 100039 
2598 210 100004 
2599 762 100094 
2600 949 100056 
2601 723 100027 
2602 963 100074 
2603 722 100051 
2604 77 100039 
2605 253 100043 
2606 513 100099 
2607 652 100027 
2608 945 100047 
2609 647 100026 
2610 978 100053 
2611 535 100010 
2612 623 100040 
2613 600 100030 
2614 434 100064 
2615 239 100041 
2616 447 100019 
2617 926 100003 
2618 525 100062 
2619 545 100018 
2620 210 100075 
2621 692 100033 
2622 290 100087 
2623 155 100005 
2624 203 100045 
2625 45 100089 
2626 983 100033 
2627 374 100081 
2628 983 100052 
2629 96 100049 
2630 833 100053 
2631 349 100015 
2632 750 100025 
2633 684 100038 
2634 955 100064 
2635 725 100010 
2636 361 100000 
2637 715 100089 
2638 627 100019 
2639 485 100048 
2640 180 100052 
2641 696 100023 
2642 434 100075 
2643 549 100063 
2644 475 100058 
2645 266 100074 
2646 410 100061 
2647 992 100085 
2648 862 100046 
2649 273 100094 
2650 247 100066 
2651 411 100098 
2652 510 100012 
2653 238 100061 
2654 177 100024 
2655 893 100069 
2656 143 100064 
2657 156 100042 
2658 38 100082 
2659 543 100015 
2660 70 100022 
2661 915 100074 
2662 41 100027 
2663 172 100030 
2664 34 100046 
2665 321 100054 
2666 992 100032 
2667 583 100023 
2668 557 100092 
2669 145 100050 
2670 215 100068 
2671 849 100012 
2672 122 100033 
2673 30 100075 
2674 831 100007 
2675 41 100042 
2676 910 100007 
2677 69 100030 
2678 379 100032 
2679 436 100099 
2680 312 100052 
2681 936 100090 
2682 615 100028 
2683 69 100032 
2684 594 100044 
2685 832 100029 
2686 41 100033 
2687 443 100008 
2688 999 100098 
2689 144 100014 
2690 450 100037 
2691 503 100071 
2692 469 100006 
2693 278 100064 
2694 84 100058 
2695 548 100023 
2696 387 100090 
2697 43 100038 
2698 962 100068 
2699 368 100018 
2700 249 100095 
2701 703 100088 
2702 324 100043 
2703 127 100045 
2704 244 100068 
2705 160 100016 
2706 218 100036 
2707 93 100098 
2708 360 100007 
2709 305 100050 
2710 206 100087 
2711 146 100039 
2712 902 100018 
2713 765 100054 
2714 469 100047 
2715 148 100020 
2716 630 100014 
2717 587 100025 
2718 748 100076 
2719 403 100097 
2720 235 100035 
2721 64 100091 
2722 876 100068 
2723 910 100000 
2724 292 100078 
2725 827 100042 
2726 439 100034 
2727 680 100039 
2728 606 100080 
2729 609 100049 
2730 779 100070 
2731 15 100063 
2732 524 100042 
2733 695 100054 
2734 900 100070 
2735 465 100001 
2736 57 100087 
2737 678 100073 
2738 827 100077 
2739 278 100069 
2740 955 100086 
2741 710 100026 
2742 219 100032 
2743 51 100089 
2744 951 100094 
2745 221 100049 
2746 256 100091 
2747 131 100023 
2748 905 100032 
2749 503 100065 
2750 224 100008 
2751 45 100080 
2752 59 100075 
2753 877 100084 
2754 27 100060 
2755 691 100000 
2756 370 100081 
2757 55 100076 
2758 749 100084 
2759 822 100036 
2760 710 100078 
2761 357 100085 
2762 824 100020 
2763 580 100027 
2764 559 100051 
2765 231 100041 
2766 340 100071 
2767 748 100031 
2768 875 100004 
2769 770 100042 
2770 985 100040 
2771 159 100018 
2772 917 100061 
2773 819 100062 
2774 121 100002 
2775 534 100018 
2776 573 100093 
2777 891 100053 
2778 816 100077 
2779 880 100075 
2780 692 100050 
2781 947 100041 
2782 301 100045 
2783 986 100069 
2784 814 100038 
2785 351 100005 
2786 864 100034 
2787 574 100055 
2788 527 100007 
2789 845 100095 
2790 412 100058 
2791 839 100012 
2792 360 100087 
2793 164 100005 
2794 500 100016 
2795 465 100056 
2796 578 100040 
2797 103 100031 
2798 807 100004 
2799 283 100091 
2800 56 100081 
2801 169 100095 
2802 237 100017 
2803 606 100049 
2804 694 100058 
2805 481 100066 
2806 225 100093 
2807 380 100053 
2808 29 100000 
2809 77 100077 
2810 559 100007 
2811 796 100026 
2812 430 100090 
2813 568 100030 
2814 653 100012 
2815 546 100036 
2816 860 100069 
2817 653 100030 
2818 643 100088 
2819 233 100015 
2820 397 100036 
2821 603 100041 
2822 100 100018 
2823 314 100021 
2824 287 100020 
2825 153 100014 
2826 197 100021 
2827 84 100028 
2828 260 100028 
2829 568 100013 
2830 195 100067 
2831 116 100086 
2832 648 100089 
2833 854 100076 
2834 615 100030 
2835 707 100075 
2836 71 100019 
2837 927 100087 
2838 186 100073 
2839 757 100013 
2840 546 100098 
2841 132 100010 
2842 11 100079 
2843 878 100039 
2844 472 100053 
2845 653 100022 
2846 694 100099 
2847 540 100081 
2848 439 100062 
2849 264 100008 
2850 580 100012 
2851 338 100017 
2852 162 100028 
2853 322 100064 
2854 719 100098 
2855 928 100025 
2856 537 100023 
2857 290 100042 
2858 724 100067 
2859 677 100046 
2860 174 100031 
2861 98 100080 
2862 25 100047 
2863 128 100002 
2864 348 100096 
2865 231 100085 
2866 46 100004 
2867 568 100006 
2868 528 100046 
2869 518 100035 
2870 710 100042 
2871 928 100064 
2872 730 100047 
2873 639 100006 
2874 932 100047 
2875 55 100002 
2876 794 100072 
2877 923 100063 
2878 808 100028 
2879 169 100057 
2880 965 100007 
2881 559 100089 
2882 721 100009 
2883 473 100026 
2884 142 100051 
2885 657 100046 
2886 851 100032 
2887 745 100091 
2888 479 100017 
2889 447 100058 
2890 640 100038 
2891 158 100014 
2892 656 100093 
2893 989 100099 
2894 184 100004 
2895 830 100029 
2896 20 100058 
2897 949 100043 
2898 803 100032 
2899 147 100084 
2900 233 100089 
2901 46 100092 
2902 514 100004 
2903 766 100021 
2904 261 100079 
2905 807 100003 
2906 579 100053 
2907 14 100007 
2908 507 100033 
2909 362 100091 
2910 372 100081 
2911 633 100050 
2912 886 100079 
2913 788 100014 
2914 845 100011 
2915 311 100084 
2916 475 100001 
2917 753 100073 
2918 192 100023 
2919 708 100011 
2920 121 100055 
2921 242 100039 
2922 26 100095 
2923 629 100068 
2924 417 100094 
2925 936 100037 
2926 697 100006 
2927 95 100061 
2928 183 100076 
2929 911 100056 
2930 621 100068 
2931 420 100007 
2932 465 100007 
2933 894 100057 
2934 457 100068 
2935 991 100069 
2936 197 100066 
2937 235 100047 
2938 400 100016 
2939 412 100078 
2940 804 100022 
2941 722 100016 
2942 450 100096 
2943 603 100002 
2944 747 100050 
2945 476 100012 
2946 446 100042 
2947 868 100081 
2948 463 100083 
2949 385 100076 
2950 119 100055 
2951 402 100029 
2952 638 100080 
2953 208 100095 
2954 882 100076 
2955 874 100064 
2956 10 100066 
2957 524 100024 
2958 347 100074 
2959 610 100000 
2960 710 100004 
2961 910 100062 
2962 437 100030 
2963 212 100089 
2964 896 100032 
2965 815 100082 
2966 673 100041 
2967 98 100058 
2968 423 100032 
2969 485 100024 
2970 475 100036 
2971 585 100079 
2972 941 100058 
2973 402 100081 
2974 49 100020 
2975 552 100044 
2976 108 100076 
2977 698 100018 
2978 109 100067 
2979 392 100076 
2980 490 100024 
2981 131 100087 
2982 56 100040 
2983 835 100034 
2984 574 100003 
2985 172 100060 
2986 15 100015 
2987 998 100083 
2988 850 100030 
2989 568 100075 
2990 160 100094 
2991 193 100077 
2992 81 100048 
2993 874 100052 
2994 979 100057 
2995 715 100097 
2996 672 100065 
2997 320 100095 
2998 930 100042 
2999 536 100045 
3000 438 100093 
3001 554 100057 
3002 275 100061 
3003 117 100071 
3004 301 100017 
3005 666 100002 
3006 938 100073 
3007 48 100048 
3008 248 100021 
3009 836 100004 
3010 730 100004 
3011 738 100045 
3012 85 100031 
3013 980 100050 
3014 107 100091 
3015 614 100064 
3016 843 100006 
3017 4 100001 
3018 786 100094 
3019 385 100007 
3020 858 100064 
3021 133 100003 
3022 253 100048 
3023 121 100084 
3024 255 100098 
3025 618 100054 
3026 622 100085 
3027 552 100095 
3028 31 100000 
3029 986 100056 
3030 893 100089 
3031 105 100051 
3032 736 100002 
3033 741 100022 
3034 392 100067 
3035 543 100032 
3036 965 100095 
3037 644 100076 
3038 77 100039 
3039 74 100002 
3040 560 100009 
3041 730 100006 
3042 60 100067 
3043 195 100072 
3044 120 100070 
3045 519 100057 
3046 303 100054 
3047 556 100073 
3048 395 100080 
3049 649 100086 
3050 2 100099 
3051 514 100042 
3052 658 100094 
3053 346 100050 
3054 149 100087 
3055 869 100065 
3056 513 100032 
3057 567 100032 
3058 511 100038 
3059 180 100011 
3060 861 100054 
3061 261 100006 
3062 2 100025 
3063 196 100042 
3064 62 100054 
3065 588 100019 
3066 420 100047 
3067 687 100004 
3068 244 100052 
3069 478 100037 
3070 609 100046 
3071 335 100014 
3072 372 100096 
3073 974 100088 
3074 643 100058 
3075 978 100073 
3076 346 100048 
3077 178 100081 
3078 708 100015 
3079 388 100004 
3080 454 100093 
3081 170 100055 
3082 136 100005 
3083 98 100011 
3084 393 100075 
3085 649 100081 
3086 150 100046 
3087 611 100084 
3088 446 100045 
3089 385 100038 
3090 941 100080 
3091 663 100045 
3092 331 100068 
3093 649 100003 
3094 857 100082 
3095 833 100056 
3096 863 100060 
3097 568 100008 
3098 797 100059 
3099 839 100038 
3100 76 100005 
3101 96 100031 
3102 63 100079 
3103 806 100072 
3104 163 100083 
3105 525 100098 
3106 297 100015 
3107 288 100076 
3108 364 100074 
3109 590 100084 
3110 252 100040 
3111 535 100088 
3112 605 100074 
3113 952 100025 
3114 564 100092 
3115 777 100065 
3116 456 100099 
3117 728 100049 
3118 473 100091 
3119 540 100078 
3120 567 100069 
3121 871 100036 
3122 601 100075 
3123 8 100066 
3124 841 100057 
3125 341 100089 
3126 625 100084 
3127 682 100004 
3128 476 100042 
3129 856 100009 
3130 275 100057 
3131 261 100002 
3132 970 100036 
3133 891 100056 
3134 631 100096 
3135 216 100077 
3136 270 100005 
3137 538 100049 
3138 276 100041 
3139 164 100046 
3140 38 100014 
3141 962 100028 
3142 244 100059 
3143 293 100099 
3144 256 100049 
3145 515 100034 
3146 493 100008 
3147 318 100050 
3148 366 100062 
3149 591 100097 
3150 749 100001 
3151 143 100053 
3152 884 100069 
3153 66 100087 
3154 131 100060 
3155 64 100096 
3156 311 100033 
3157 873 100006 
3158 251 100088 
3159 965 100034 
3160 109 100007 
3161 485 100063 
3162 887 100099 
3163 545 100056 
3164 401 100023 
3165 367 100010 
3166 840 100007 
3167 365 100027 
3168 333 100037 
3169 443 100055 
3170 708 100084 
3171 128 100053 
3172 695 100073 
3173 551 100008 
3174 335 100047 
3175 141 100061 
3176 199 100096 
3177 890 100016 
3178 324 100018 
3179 546 100029 
3180 789 100092 
3181 383 100008 
3182 387 100005 
3183 637 100023 
3184 629 100055 
3185 617 100033 
3186 243 100085 
3187 383 100077 
3188 12 100092 
3189 342 100036 
3190 390 100008 
3191 538 100046 
3192 737 100075 
3193 351 100048 
3194 233 100011 
3195 708 100096 
3196 871 100021 
3197 531 100056 
3198 194 100067 
3199 892 100016 
3200 655 100001 
3201 953 100038 
3202 458 100076 
3203 617 100031 
3204 256 100032 
3205 268 100092 
3206 19 100064 
3207 392 100036 
3208 601 100053 
3209 22 100073 
3210 569 100040 
3211 420 100087 
3212 530 100093 
3213 576 100076 
3214 194 100073 
3215 477 100067 
3216 713 100044 
3217 117 100024 
3218 400 100068 
3219 940 100040 
3220 88 100050 
3221 828 100094 
3222 147 100078 
3223 395 100033 
3224 673 100046 
3225 837 100030 
3226 272 100072 
3227 198 100094 
3228 716 100058 
3229 776 100094 
3230 487 100031 
3231 662 100099 
3232 589 100092 
3233 619 100032 
3234 30 100045 
3235 642 100055 
3236 665 100097 
3237 35 100068 
3238 305 100070 
3239 974 100057 
3240 334 100010 
3241 855 100023 
3242 219 100008 
3243 678 100026 
3244 328 100050 
3245 609 100044 
3246 212 100086 
3247 673 100048 
3248 928 100093 
3249 238 100067 
3250 114 100004 
3251 768 100089 
3252 157 100007 
3253 731 100040 
3254 17 100017 
3255 909 100025 
3256 989 100029 
3257 648 100044 
3258 198 100086 
3259 631 100019 
3260 57 100050 
3261 150 100048 
3262 965 100074 
3263 354 100072 
3264 774 100066 
3265 418 100071 
3266 792 100080 
3267 97 100077 
3268 193 100018 
3269 449 100072 
3270 400 100093 
3271 70 100097 
3272 552 100086 
3273 964 100005 
3274 899 100092 
3275 493 100096 
3276 781 100037 
3277 315 100037 
3278 622 100057 
3279 6 100052 
3280 875 100093 
3281 595 100030 
3282 803 100085 
3283 314 100092 
3284 1 100015 
3285 130 100098 
3286 618 100093 
3287 115 100056 
3288 796 100038 
3289 959 100070 
3290 936 100070 
3291 918 100049 
3292 774 100021 
3293 708 100074 
3294 356 100065 
3295 433 100051 
3296 643 100036 
3297 726 100074 
3298 223 100067 
3299 351 100089 
3300 640 100006 
3301 25 100052 
3302 257 100062 
3303 857 100014 
3304 485 100037 
3305 526 100043 
3306 113 100046 
3307 596 100007 
3308 609 100012 
3309 382 100021 
3310 651 100013 
3311 935 100071 
3312 690 100071 
3313 821 100017 
3314 552 100051 
3315 435 100049 
3316 996 100011 
3317 298 100093 
3318 804 100029 
3319 827 100076 
3320 958 100063 
3321 371 100048 
3322 961 100026 
3323 883 100022 
3324 339 100091 
3325 203 100013 
3326 566 100017 
3327 859 100032 
3328 76 100092 
3329 726 100089 
3330 555 100084 
3331 979 100075 
3332 280 100085 
3333 329 100017 
3334 732 100051 
3335 726 100050 
3336 437 100071 
3337 308 100025 
3338 460 100081 
3339 161 100093 
3340 710 100046 
3341 489 100033 
3342 297 100001 
3343 282 100067 
3344 853 100069 
3345 380 100092 
3346 156 100026 
3347 339 100056 
3348 983 100013 
3349 714 100091 
3350 111 100096 
3351 798 100099 
3352 197 100027 
3353 588 100066 
3354 910 100012 
3355 456 100073 
3356 207 100020 
3357 371 100019 
3358 633 100090 
3359 176 100051 
3360 544 100064 
3361 971 100021 
3362 142 100046 
3363 470 100099 
3364 711 100031 
3365 450 100041 
3366 656 100094 
3367 958 100008 
3368 225 100025 
3369 983 100004 
3370 173 100049 
3371 636 100097 
3372 938 100031 
3373 413 100046 
3374 465 100099 
3375 16 100089 
3376 979 100063 
3377 279 100091 
3378 109 100043 
3379 401 100089 
3380 218 100023 
3381 923 100078 
3382 460 100079 
3383 851 100036 
3384 511 100078 
3385 193 100009 
3386 874 100098 
3387 515 100002 
3388 178 100077 
3389 795 100098 
3390 141 100005 
3391 159 100009 
3392 888 100022 
3393 908 100096 
3394 382 100093 
3395 544 100042 
3396 93 100093 
3397 907 100026 
3398 766 100098 
3399 601 100068 
3400 585 100057 
3401 127 100086 
3402 43 100002 
3403 223 100059 
3404 341 100099 
3405 985 100071 
3406 818 100079 
3407 8 100014 
3408 213 100007 
3409 767 100007 
3410 412 100012 
3411 526 100057 
3412 421 100052 
3413 77 100053 
3414 67 100003 
3415 27 100019 
3416 925 100036 
3417 859 100019 
3418 595 100002 
3419 964 100001 
3420 670 100053 
3421 556 100008 
3422 59 100076 
3423 24 100060 
3424 228 100064 
3425 618 100008 
3426 155 100053 
3427 976 100050 
3428 772 100061 
3429 645 100026 
3430 302 100027 
3431 430 100090 
3432 789 100049 
3433 115 100017 
3434 191 100077 
3435 223 100027 
3436 472 100098 
3437 614 100067 
3438 437 100007 
3439 43 100076 
3440 490 100050 
3441 51 100034 
3442 688 100011 
3443 601 100099 
3444 143 100000 
3445 391 100035 
3446 323 100025 
3447 190 100012 
3448 30 100097 
3449 594 100070 
3450 466 100071 
3451 996 100082 
3452 489 100099 
3453 437 100071 
3454 27 100057 
3455 844 100014 
3456 675 100089 
3457 757 100019 
3458 279 100002 
3459 447 100053 
3460 385 100017 
3461 471 100047 
3462 167 100005 
3463 6 100054 
3464 876 100067 
3465 300 100047 
3466 520 100000 
3467 239 100017 
3468 387 100036 
3469 124 100000 
3470 497 100036 
3471 161 100037 
3472 51 100093 
3473 284 100078 
3474 274 100082 
3475 276 100014 
3476 344 100003 
3477 90 100006 
3478 885 100083 
3479 883 100011 
3480 851 100009 
3481 773 100053 
3482 726 100045 
3483 339 100033 
3484 339 100033 
3485 991 100098 
3486 260 100087 
3487 691 100046 
3488 310 100061 
3489 284 100023 
3490 167 100060 
3491 892 100090 
3492 671 100079 
3493 467 100044 
3494 298 100016 
3495 344 100000 
3496 502 100049 
3497 673 100082 
3498 904 100089 
3499 453 100058 
3500 134 100038 
3501 450 100033 
3502 752 100014 
3503 969 100096 
3504 695 100078 
3505 754 100074 
3506 402 100055 
3507 588 100096 
3508 698 100085 
3509 333 100061 
3510 729 100015 
3511 635 100021 
3512 323 100052 
3513 269 100075 
3514 464 100068 
3515 753 100082 
3516 70 100038 
3517 866 100025 
3518 423 100022 
3519 821 100080 
3520 124 100004 
3521 472 100015 
3522 654 100016 
3523 120 100053 
3524 340 100013 
3525 654 100086 
3526 294 100080 
3527 614 100029 
3528 237 100034 
3529 627 100033 
3530 869 100030 
3531 2 100012 
3532 984 100006 
3533 953 100014 
3534 679 100018 
3535 332 100029 
3536 896 100071 
3537 396 100022 
3538 871 100009 
3539 220 100072 
3540 874 100039 
3541 817 100089 
3542 6 100080 
3543 525 100088 
3544 519 100091 
3545 249 100018 
3546 752 100064 
3547 749 100062 
3548 703 100094 
3549 453 100065 
3550 356 100098 
3551 345 100068 
3552 526 100050 
3553 753 100095 
3554 234 100000 
3555 635 100086 
3556 113 100062 
3557 587 100087 
3558 724 100034 
3559 221 100063 
3560 639 100022 
3561 682 100084 
3562 959 100065 
3563 381 100009 
3564 689 100054 
3565 345 100088 
3566 905 100027 
3567 745 100080 
3568 692 100083 
3569 755 100026 
3570 2 100072 
3571 2 100018 
3572 27 100043 
3573 46 100052 
3574 333 100002 
3575 258 100006 
3576 415 100076 
3577 890 100018 
3578 765 100038 
3579 151 100004 
3580 809 100010 
3581 41 100068 
3582 418 100044 
3583 944 100094 
3584 348 100048 
3585 718 100007 
3586 820 100046 
3587 188 100049 
3588 365 100034 
3589 488 100096 
3590 820 100076 
3591 336 100092 
3592 732 100037 
3593 182 100075 
3594 839 100029 
3595 231 100031 
3596 890 100097 
3597 417 100057 
3598 60 100081 
3599 905 100069 
3600 387 100074 
3601 319 100066 
3602 131 100012 
3603 990 100023 
3604 363 100071 
3605 404 100035 
3606 469 100021 
3607 370 100010 
3608 938 100073 
3609 240 100089 
3610 744 100012 
3611 513 100036 
3612 58 100068 
3613 878 100056 
3614 690 100062 
3615 249 100094 
3616 285 100092 
3617 680 100011 
3618 291 100081 
3619 76 100099 
3620 745 100005 
3621 366 100054 
3622 309 100080 
3623 909 100095 
3624 206 100004 
3625 846 100042 
3626 237 100022 
3627 144 100032 
3628 251 100059 
3629 146 100075 
3630 433 100040 
3631 260 100061 
3632 398 100092 
3633 415 100099 
3634 145 100058 
3635 802 100033 
3636 283 100093 
3637 898 100059 
3638 79 100009 
3639 124 100068 
3640 97 100093 
3641 162 100088 
3642 49 100012 
3643 681 100097 
3644 827 100049 
3645 555 100043 
3646 548 100021 
3647 845 100073 
3648 26 100008 
3649 495 100052 
3650 184 100048 
3651 811 100074 
3652 589 100031 
3653 572 100095 
3654 344 100005 
3655 908 100008 
3656 114 100041 
3657 826 100074 
3658 224 100068 
3659 751 100039 
3660 988 100080 
3661 3 100076 
3662 655 100004 
3663 345 100046 
3664 237 100065 
3665 316 100055 
3666 692 100068 
3667 212 100086 
3668 946 100047 
3669 704 100091 
3670 291 100091 
3671 433 100048 
3672 20 100036 
3673 377 100064 
3674 831 100080 
3675 743 100053 
3676 411 100082 
3677 304 100051 
3678 39 100070 
3679 180 100045 
3680 163 100051 
3681 2 100056 
3682 66 100045 
3683 944 100008 
3684 360 100077 
3685 147 100049 
3686 749 100043 
3687 223 100087 
3688 147 100010 
3689 603 100073 
3690 577 100068 
3691 357 100044 
3692 476 100012 
3693 126 100042 
3694 175 100057 
3695 921 100042 
3696 943 100001 
3697 605 100084 
3698 6 100076 
3699 260 100028 
3700 474 100064 
3701 735 100043 
3702 872 100041 
3703 689 100038 
3704 258 100006 
3705 877 100035 
3706 563 100074 
3707 180 100044 
3708 619 100006 
3709 95 100063 
3710 228 100084 
3711 629 100088 
3712 903 100017 
3713 729 100029 
3714 51 100016 
3715 212 100027 
3716 299 100045 
3717 962 100055 
3718 475 100002 
3719 772 100084 
3720 615 100037 
3721 809 100093 
3722 584 100076 
3723 369 100096 
3724 68 100095 
3725 208 100016 
3726 472 100055 
3727 724 100088 
3728 21 100021 
3729 163 100000 
3730 581 100085 
3731 83 100081 
3732 336 100028 
3733 471 100007 
3734 727 100081 
3735 155 100026 
3736 540 100027 
3737 141 100075 
3738 52 100021 
3739 872 100024 
3740 811 100041 
3741 454 100003 
3742 746 100019 
3743 881 100001 
3744 695 100074 
3745 46 100022 
3746 753 100099 
3747 942 100041 
3748 333 100041 
3749 426 100037 
3750 674 100070 
3751 827 100040 
3752 135 100080 
3753 244 100029 
3754 636 100026 
3755 588 100097 
3756 707 100070 
3757 444 100086 
3758 652 100099 
3759 185 100027 
3760 567 100071 
3761 62 100069 
3762 66 100026 
3763 489 100028 
3764 847 100068 
3765 592 100023 
3766 192 100097 
3767 272 100009 
3768 250 100032 
3769 26 100059 
3770 979 100077 
3771 778 100082 
3772 906 100027 
3773 798 100019 
3774 666 100087 
3775 287 100088 
3776 226 100042 
3777 95 100003 
3778 108 100007 
3779 263 100033 
3780 848 100080 
3781 451 100055 
3782 684 100087 
3783 5 100041 
3784 794 100082 
3785 283 100017 
3786 510 100096 
3787 870 100084 
3788 330 100091 
3789 592 100076 
3790 184 100051 
3791 657 100081 
3792 620 100033 
3793 261 100026 
3794 876 100049 
3795 909 100057 
3796 612 100038 
3797 281 100095 
3798 354 100067 
3799 631 100041 
3800 467 100007 
3801 211 100031 
3802 440 100063 
3803 884 100059 
3804 657 100020 
3805 670 100091 
3806 228 100072 
3807 424 100089 
3808 169 100045 
3809 828 100052 
3810 29 100005 
3811 391 100051 
3812 473 100014 
3813 149 100042 
3814 623 100026 
3815 762 100029 
3816 65 100063 
3817 311 100009 
3818 21 100096 
3819 591 100054 
3820 713 100064 
3821 148 100059 
3822 327 100073 
3823 899 100050 
3824 765 100014 
3825 441 100083 
3826 964 100098 
3827 264 100024 
3828 202 100043 
3829 443 100031 
3830 526 100042 
3831 698 100012 
3832 864 100002 
3833 505 100019 
3834 770 100049 
3835 179 100038 
3836 127 100048 
3837 303 100035 
3838 535 100038 
3839 452 100084 
3840 652 100075 
3841 63 100013 
3842 636 100052 
3843 365 100083 
3844 739 100063 
3845 159 100040 
3846 796 100089 
3847 562 100090 
3848 683 100039 
3849 655 100045 
3850 651 100009 
3851 486 100098 
3852 583 100072 
3853 185 100013 
3854 95 100028 
3855 536 100008 
3856 713 100034 
3857 929 100080 
3858 89 100063 
3859 682 100069 
3860 775 100044 
3861 125 100032 
3862 684 100014 
3863 958 100085 
3864 568 100044 
3865 876 100075 
3866 42 100013 
3867 250 100086 
3868 789 100000 
3869 680 100032 
3870 756 100074 
3871 611 100009 
3872 530 100065 
3873 629 100050 
3874 32 100063 
3875 458 100034 
3876 572 100083 
3877 225 100050 
3878 466 100062 
3879 788 100038 
3880 202 100055 
3881 252 100005 
3882 205 100011 
3883 587 100020 
3884 997 100047 
3885 343 100020 
3886 689 100084 
3887 720 100040 
3888 729 100085 
3889 839 100054 
3890 228 100045 
3891 778 100005 
3892 924 100000 
3893 616 100008 
3894 227 100012 
3895 174 100088 
3896 940 100084 
3897 523 100027 
3898 528 100057 
3899 430 100085 
3900 883 100086 
3901 570 100017 
3902 994 100014 
3903 812 100073 
3904 684 100026 
3905 665 100035 
3906 178 100020 
3907 734 100006 
3908 828 100066 
3909 349 100061 
3910 490 100096 
3911 144 100068 
3912 283 100013 
3913 350 100050 
3914 678 100086 
3915 887 100000 
3916 683 100073 
3917 902 100038 
3918 460 100049 
3919 58 100011 
3920 685 100043 
3921 928 100027 
3922 21 100085 
3923 665 100058 
3924 480 100003 
3925 932 100049 
3926 779 100094 
3927 1000 100029 
3928 204 100088 
3929 791 100084 
3930 427 100031 
3931 162 100034 
3932 632 100016 
3933 413 100069 
3934 18 100068 
3935 143 100058 
3936 465 100093 
3937 585 100029 
3938 26 100066 
3939 688 100017 
3940 733 100069 
3941 185 100012 
3942 915 100075 
3943 152 100080 
3944 377 100039 
3945 292 100054 
3946 140 100015 
3947 154 100022 
3948 832 100074 
3949 541 100081 
3950 457 100099 
3951 807 100063 
3952 605 100064 
3953 679 100001 
3954 596 100093 
3955 55 100078 
3956 532 100001 
3957 848 100010 
3958 238 100081 
3959 468 100016 
3960 455 100092 
3961 64 100061 
3962 988 100030 
3963 324 100046 
3964 133 100072 
3965 233 100094 
3966 308 100014 
3967 750 100010 
3968 171 100048 
3969 198 100082 
3970 623 100085 
3971 281 100045 
3972 468 100054 
3973 781 100043 
3974 382 100079 
3975 201 100003 
3976 650 100039 
3977 863 100075 
3978 311 100064 
3979 716 100066 
3980 677 100006 
3981 941 100068 
3982 512 100026 
3983 919 100078 
3984 8 100057 
3985 810 100010 
3986 896 100059 
3987 331 100016 
3988 648 100098 
3989 565 100003 
3990 634 100006 
3991 731 100045 
3992 118 100026 
3993 741 100065 
3994 818 100042 
3995 413 100051 
3996 394 100080 
3997 997 100079 
3998 551 100006 
3999 158 100060 
4000 959 100034 
4001 503 100008 
4002 370 100018 
4003 344 100028 
4004 740 100043 
4005 338 100090 
4006 955 100024 
4007 286 100031 
4008 431 100027 
4009 78 100048 
4010 688 100063 
4011 804 100072 
4012 105 100054 
4013 717 100019 
4014 664 100059 
4015 57 100039 
4016 870 100009 
4017 938 100044 
4018 329 100006 
4019 238 100095 
4020 827 100054 
4021 98 100060 
4022 63 100080 
4023 309 100092 
4024 720 100051 
4025 831 100050 
4026 942 100019 
4027 164 100050 
4028 694 100095 
4029 1 100092 
4030 868 100083 
4031 282 100040 
4032 800 100095 
4033 629 100098 
4034 706 100083 
4035 847 100085 
4036 299 100023 
4037 528 100065 
4038 994 100050 
4039 341 100093 
4040 207 100074 
4041 171 100037 
4042 935 100054 
4043 163 100049 
4044 357 100005 
4045 846 100034 
4046 74 100076 
4047 582 100018 
4048 144 100083 
4049 326 100038 
4050 920 100074 
4051 479 100074 
4052 846 100021 
4053 584 100005 
4054 134 100023 
4055 418 100034 
4056 286 100008 
4057 989 100067 
4058 64 100049 
4059 34 100092 
4060 506 100041 
4061 815 100026 
4062 595 100014 
4063 568 100034 
4064 324 100028 
4065 216 100020 
4066 840 100098 
4067 827 100028 
4068 682 100082 
4069 727 100016 
4070 810 100093 
4071 983 100050 
4072 59 100048 
4073 795 100066 
4074 188 100095 
4075 216 100059 
4076 521 100074 
4077 423 100018 
4078 269 100099 
4079 277 100019 
4080 894 100077 
4081 199 100004 
4082 485 100051 
4083 527 100086 
4084 33 100004 
4085 143 100042 
4086 495 100051 
4087 97 100058 
4088 176 100011 
4089 176 100044 
4090 967 100005 
4091 759 100064 
4092 325 100039 
4093 76 100015 
4094 163 100021 
4095 233 100018 
4096 891 100095 
4097 63 100066 
4098 500 100033 
4099 783 100026 
4100 800 100088 
4101 918 100032 
4102 67 100086 
4103 731 100041 
4104 74 100089 
4105 841 100079 
4106 270 100001 
4107 204 100012 
4108 52 100003 
4109 266 100077 
4110 882 100087 
4111 567 100082 
4112 640 100034 
4113 484 100050 
4114 608 100077 
4115 342 100076 
4116 491 100073 
4117 655 100096 
4118 34 100028 
4119 251 100055 
4120 62 100042 
4121 688 100073 
4122 548 100093 
4123 418 100037 
4124 472 100055 
4125 323 100008 
4126 173 100005 
4127 884 100032 
4128 215 100094 
4129 395 100065 
4130 301 100066 
4131 73 100029 
4132 910 100097 
4133 989 100039 
4134 559 100012 
4135 626 100062 
4136 958 100034 
4137 867 100048 
4138 822 100048 
4139 471 100067 
4140 391 100051 
4141 844 100025 
4142 129 100004 
4143 772 100064 
4144 373 100078 
4145 302 100049 
4146 992 100008 
4147 59 100076 
4148 293 100066 
4149 799 100070 
4150 118 100074 
4151 655 100019 
4152 887 100068 
4153 637 100055 
4154 39 100023 
4155 652 100025 
4156 987 100019 
4157 258 100058 
4158 745 100099 
4159 874 100097 
4160 302 100099 
4161 739 100059 
4162 268 100048 
4163 537 100010 
4164 380 100065 
4165 462 100015 
4166 188 100079 
4167 924 100073 
4168 972 100001 
4169 33 100070 
4170 43 100056 
4171 832 100004 
4172 417 100078 
4173 360 100000 
4174 961 100086 
4175 739 100051 
4176 22 100061 
4177 365 100063 
4178 206 100089 
4179 943 100055 
4180 638 100050 
4181 655 100075 
4182 324 100009 
4183 174 100097 
4184 19 100041 
4185 693 100060 
4186 919 100077 
4187 13 100019 
4188 365 100085 
4189 754 100016 
4190 62 100049 
4191 803 100059 
4192 960 100060 
4193 904 100049 
4194 25 100091 
4195 672 100026 
4196 481 100077 
4197 15 100027 
4198 514 100054 
4199 832 100074 
4200 319 100008 
4201 421 100083 
4202 942 100066 
4203 632 100051 
4204 131 100012 
4205 204 100048 
4206 75 100029 
4207 981 100073 
4208 586 100008 
4209 161 100002 
4210 913 100042 
4211 137 100019 
4212 167 100017 
4213 920 100065 
4214 795 100070 
4215 295 100078 
4216 740 100009 
4217 507 100006 
4218 557 100017 
4219 652 100011 
4220 927 100027 
4221 946 100002 
4222 957 100017 
4223 398 100092 
4224 158 100064 
4225 794 100088 
4226 195 100003 
4227 830 100060 
4228 926 100079 
4229 392 100007 
4230 562 100059 
4231 439 100017 
4232 365 100065 
4233 669 100005 
4234 607 100088 
4235 990 100084 
4236 285 100098 
4237 505 100068 
4238 887 100097 
4239 482 100097 
4240 186 100049 
4241 769 100068 
4242 202 100017 
4243 147 100002 
4244 240 100071 
4245 682 100071 
4246 852 100035 
4247 172 100060 
4248 103 100092 
4249 565 100092 
4250 704 100022 
4251 498 100054 
4252 673 100084 
4253 467 100024 
4254 813 100078 
4255 140 100051 
4256 760 100011 
4257 857 100003 
4258 363 100004 
4259 515 100075 
4260 946 100033 
4261 402 100019 
4262 188 100022 
4263 273 100014 
4264 679 100030 
4265 289 100015 
4266 685 100016 
4267 683 100020 
4268 703 100090 
4269 822 100012 
4270 124 100067 
4271 657 100055 
4272 725 100086 
4273 165 100091 
4274 825 100009 
4275 818 100075 
4276 128 100088 
4277 461 100025 
4278 879 100070 
4279 571 100060 
4280 479 100055 
4281 140 100093 
4282 609 100064 
4283 470 100018 
4284 530 100068 
4285 957 100070 
4286 143 100084 
4287 964 100012 
4288 358 100097 
4289 19 100062 
4290 1000 100091 
4291 350 100085 
4292 246 100082 
4293 237 100067 
4294 823 100009 
4295 349 100078 
4296 604 100018 
4297 722 100064 
4298 665 100092 
4299 159 100097 
4300 864 100042 
4301 108 100068 
4302 163 100013 
4303 635 100071 
4304 5 100049 
4305 327 100042 
4306 109 100074 
4307 889 100058 
4308 472 100033 
4309 808 100027 
4310 995 100018 
4311 852 100023 
4312 770 100064 
4313 328 100027 
4314 336 100032 
4315 73 100065 
4316 35 100091 
4317 471 100004 
4318 963 100003 
4319 64 100051 
4320 535 100022 
4321 75 100073 
4322 11 100018 
4323 663 100069 
4324 906 100073 
4325 465 100027 
4326 260 100093 
4327 964 100099 
4328 357 100033 
4329 472 100042 
4330 994 100054 
4331 353 100053 
4332 864 100008 
4333 579 100013 
4334 203 100097 
4335 447 100057 
4336 912 100096 
4337 893 100049 
4338 375 100024 
4339 846 100027 
4340 1000 100048 
4341 228 100026 
4342 233 100027 
4343 40 100039 
4344 721 100093 
4345 408 100026 
4346 700 100076 
4347 195 100085 
4348 756 100097 
4349 874 100078 
4350 784 100011 
4351 117 100092 
4352 467 100091 
4353 623 100076 
4354 668 100095 
4355 224 100076 
4356 918 100052 
4357 765 100035 
4358 867 100071 
4359 509 100019 
4360 778 100059 
4361 394 100057 
4362 833 100065 
4363 826 100059 
4364 825 100058 
4365 906 100097 
4366 133 100054 
4367 78 100025 
4368 62 100030 
4369 559 100088 
4370 23 100079 
4371 1 100079 
4372 47 100091 
4373 544 100068 
4374 624 100069 
4375 975 100086 
4376 131 100088 
4377 172 100020 
4378 118 100010 
4379 579 100004 
4380 148 100015 
4381 718 100065 
4382 519 100037 
4383 974 100083 
4384 420 100050 
4385 448 100071 
4386 90 100037 
4387 943 100060 
4388 153 100059 
4389 393 100040 
4390 603 100046 
4391 497 100021 
4392 658 100056 
4393 897 100023 
4394 942 100089 
4395 106 100038 
4396 616 100067 
4397 562 100058 
4398 121 100068 
4399 832 100047 
4400 168 100079 
4401 862 100016 
4402 716 100024 
4403 828 100072 
4404 862 100048 
4405 349 100059 
4406 257 100084 
4407 912 100015 
4408 577 100067 
4409 406 100038 
4410 366 100024 
4411 338 100081 
4412 747 100059 
4413 810 100084 
4414 351 100043 
4415 537 100061 
4416 816 100065 
4417 230 100027 
4418 6 100096 
4419 900 100066 
4420 779 100088 
4421 151 100021 
4422 357 100069 
4423 792 100033 
4424 854 100045 
4425 461 100021 
4426 368 100006 
4427 888 100072 
4428 800 100043 
4429 130 100026 
4430 62 100031 
4431 260 100044 
4432 502 100048 
4433 338 100095 
4434 702 100089 
4435 853 100064 
4436 948 100049 
4437 195 100037 
4438 484 100025 
4439 740 100078 
4440 155 100049 
4441 980 100069 
4442 899 100020 
4443 248 100092 
4444 555 100019 
4445 567 100062 
4446 465 100095 
4447 86 100088 
4448 207 100075 
4449 392 100086 
4450 704 100076 
4451 169 100039 
4452 405 100028 
4453 613 100017 
4454 897 100014 
4455 921 100055 
4456 309 100048 
4457 717 100020 
4458 48 100097 
4459 317 100041 
4460 287 100094 
4461 883 100027 
4462 589 100047 
4463 651 100030 
4464 383 100063 
4465 595 100043 
4466 767 100084 
4467 172 100081 
4468 490 100005 
4469 217 100000 
4470 504 100034 
4471 571 100087 
4472 320 100026 
4473 214 100031 
4474 142 100097 
4475 900 100065 
4476 162 100030 
4477 460 100041 
4478 389 100060 
4479 399 100018 
4480 282 100004 
4481 695 100054 
4482 23 100093 
4483 547 100026 
4484 375 100084 
4485 331 100066 
4486 862 100020 
4487 21 100023 
4488 824 100075 
4489 386 100039 
4490 134 100040 
4491 65 100007 
4492 934 100081 
4493 861 100048 
4494 750 100013 
4495 133 100015 
4496 524 100001 
4497 888 100087 
4498 133 100099 
4499 226 100033 
4500 928 100048 
4501 912 100059 
4502 102 100053 
4503 20 100003 
4504 809 100075 
4505 557 100066 
4506 686 100055 
4507 119 100081 
4508 496 100075 
4509 842 100052 
4510 194 100014 
4511 721 100038 
4512 545 100084 
4513 202 100025 
4514 372 100019 
4515 29 100063 
4516 273 100095 
4517 834 100003 
4518 653 100060 
4519 676 100058 
4520 663 100085 
4521 180 100057 
4522 953 100077 
4523 267 100031 
4524 140 100018 
4525 383 100073 
4526 488 100043 
4527 689 100030 
4528 693 100063 
4529 721 100038 
4530 536 100076 
4531 375 100043 
4532 149 100095 
4533 63 100046 
4534 998 100085 
4535 568 100032 
4536 709 100098 
4537 657 100033 
4538 292 100018 
4539 472 100078 
4540 478 100052 
4541 569 100051 
4542 425 100053 
4543 479 100016 
4544 555 100043 
4545 106 100097 
4546 598 100011 
4547 413 100018 
4548 858 100032 
4549 410 100084 
4550 357 100048 
4551 149 100074 
4552 201 100086 
4553 322 100016 
4554 922 100078 
4555 243 100030 
4556 970 100039 
4557 842 100022 
4558 148 100087 
4559 88 100007 
4560 881 100068 
4561 896 100022 
4562 602 100018 
4563 906 100055 
4564 2 100008 
4565 159 100038 
4566 167 100069 
4567 182 100096 
4568 502 100021 
4569 218 100012 
4570 24 100050 
4571 680 100038 
4572 996 100089 
4573 944 100031 
4574 770 100025 
4575 127 100072 
4576 81 100009 
4577 462 100021 
4578 886 100087 
4579 76 100083 
4580 987 100085 
4581 523 100062 
4582 239 100033 
4583 529 100033 
4584 543 100030 
4585 925 100027 
4586 33 100081 
4587 259 100014 
4588 464 100074 
4589 390 100068 
4590 185 100067 
4591 313 100070 
4592 737 100011 
4593 339 100074 
4594 145 100041 
4595 492 100029 
4596 847 100088 
4597 848 100081 
4598 610 100023 
4599 743 100037 
4600 601 100090 
4601 655 100043 
4602 721 100008 
4603 303 100007 
4604 386 100032 
4605 928 100014 
4606 404 100026 
4607 626 100038 
4608 867 100015 
4609 896 100097 
4610 748 100021 
4611 577 100094 
4612 427 100001 
4613 772 100023 
4614 11 100092 
4615 247 100033 
4616 161 100085 
4617 276 100007 
4618 125 100037 
4619 9 100077 
4620 749 100097 
4621 74 100037 
4622 88 100029 
4623 133 100047 
4624 668 100034 
4625 922 100099 
4626 965 100070 
4627 261 100073 
4628 651 100064 
4629 66 100052 
4630 846 100046 
4631 491 100017 
4632 633 100063 
4633 368 100050 
4634 608 100038 
4635 156 100067 
4636 471 100042 
4637 848 100045 
4638 248 100000 
4639 119 100018 
4640 608 100075 
4641 510 100086 
4642 744 100004 
4643 549 100063 
4644 251 100076 
4645 893 100045 
4646 440 100035 
4647 400 100052 
4648 982 100011 
4649 800 100026 
4650 718 100066 
4651 613 100002 
4652 418 100075 
4653 127 100011 
4654 617 100000 
4655 948 100039 
4656 395 100001 
4657 118 100087 
4658 439 100047 
4659 132 100072 
4660 719 100047 
4661 132 100060 
4662 620 100031 
4663 922 100063 
4664 92 100023 
4665 983 100041 
4666 996 100098 
4667 640 100073 
4668 980 100012 
4669 138 100025 
4670 190 100016 
4671 639 100065 
4672 545 100079 
4673 304 100042 
4674 352 100051 
4675 423 100011 
4676 123 100083 
4677 432 100010 
4678 95 100080 
4679 684 100089 
4680 743 100045 
4681 817 100049 
4682 702 100088 
4683 577 100081 
4684 111 100092 
4685 36 100052 
4686 251 100012 
4687 181 100000 
4688 526 100046 
4689 751 100003 
4690 671 100065 
4691 770 100032 
4692 554 100005 
4693 238 100020 
4694 108 100040 
4695 170 100071 
4696 738 100090 
4697 386 100077 
4698 311 100078 
4699 979 100045 
4700 760 100032 
4701 219 100001 
4702 405 100037 
4703 258 100069 
4704 910 100033 
4705 431 100051 
4706 111 100052 
4707 257 100068 
4708 330 100084 
4709 27 100084 
4710 832 100034 
4711 650 100044 
4712 419 100061 
4713 918 100021 
4714 931 100008 
4715 899 100046 
4716 475 100020 
4717 715 100026 
4718 199 100045 
4719 361 100080 
4720 989 100074 
4721 716 100028 
4722 668 100053 
4723 687 100095 
4724 877 100050 
4725 129 100080 
4726 149 100099 
4727 30 100085 
4728 253 100072 
4729 89 100033 
4730 670 100048 
4731 612 100047 
4732 908 100032 
4733 718 100037 
4734 54 100062 
4735 263 100060 
4736 102 100023 
4737 675 100079 
4738 419 100047 
4739 577 100052 
4740 81 100081 
4741 854 100058 
4742 10 100089 
4743 59 100041 
4744 643 100033 
4745 72 100024 
4746 501 100096 
4747 971 100053 
4748 927 100012 
4749 689 100008 
4750 429 100072 
4751 280 100090 
4752 431 100090 
4753 910 100065 
4754 375 100018 
4755 666 100004 
4756 200 100018 
4757 61 100035 
4758 336 100042 
4759 452 100081 
4760 283 100089 
4761 205 100096 
4762 796 100059 
4763 724 100088 
4764 327 100067 
4765 169 100093 
4766 592 100049 
4767 487 100065 
4768 554 100096 
4769 531 100084 
4770 445 100098 
4771 623 100082 
4772 711 100004 
4773 330 100096 
4774 806 100081 
4775 14 100069 
4776 255 100060 
4777 358 100044 
4778 230 100070 
4779 458 100055 
4780 322 100014 
4781 393 100018 
4782 796 100011 
4783 249 100058 
4784 772 100012 
4785 829 100013 
4786 856 100075 
4787 156 100086 
4788 666 100093 
4789 362 100068 
4790 717 100087 
4791 445 100012 
4792 36 100053 
4793 334 100004 
4794 655 100055 
4795 106 100082 
4796 219 100097 
4797 461 100053 
4798 884 100061 
4799 362 100092 
4800 785 100041 
4801 272 100053 
4802 109 100094 
4803 484 100070 
4804 565 100091 
4805 247 100058 
4806 603 100059 
4807 437 100082 
4808 358 100062 
4809 249 100004 
4810 284 100004 
4811 16 100050 
4812 357 100072 
4813 233 100068 
4814 253 100020 
4815 141 100028 
4816 189 100034 
4817 616 100002 
4818 614 100054 
4819 108 100059 
4820 564 100019 
4821 863 100032 
4822 59 100097 
4823 49 100068 
4824 505 100029 
4825 900 100012 
4826 896 100013 
4827 751 100031 
4828 813 100094 
4829 313 100081 
4830 578 100058 
4831 367 100013 
4832 92 100036 
4833 386 100030 
4834 514 100096 
4835 104 100084 
4836 379 100001 
4837 837 100076 
4838 482 100069 
4839 429 100082 
4840 585 100023 
4841 281 100096 
4842 599 100020 
4843 52 100080 
4844 304 100020 
4845 409 100067 
4846 151 100009 
4847 115 100040 
4848 82 100071 
4849 896 100031 
4850 658 100003 
4851 843 100079 
4852 638 100029 
4853 877 100032 
4854 675 100040 
4855 815 100007 
4856 770 100020 
4857 918 100068 
4858 78 100071 
4859 707 100045 
4860 448 100034 
4861 542 100081 
4862 857 100085 
4863 206 100016 
4864 371 100022 
4865 280 100023 
4866 700 100023 
4867 946 100048 
4868 224 100054 
4869 731 100095 
4870 139 100053 
4871 577 100072 
4872 680 100071 
4873 342 100004 
4874 336 100025 
4875 863 100007 
4876 290 100016 
4877 810 100033 
4878 867 100008 
4879 780 100094 
4880 587 100075 
4881 941 100081 
4882 180 100076 
4883 473 100060 
4884 719 100049 
4885 267 100077 
4886 565 100068 
4887 143 100080 
4888 566 100009 
4889 917 100040 
4890 874 100039 
4891 381 100058 
4892 418 100046 
4893 475 100074 
4894 346 100028 
4895 897 100017 
4896 797 100068 
4897 195 100016 
4898 13 100010 
4899 531 100082 
4900 477 100094 
4901 665 100017 
4902 789 100049 
4903 375 100023 
4904 346 100038 
4905 631 100097 
4906 415 100035 
4907 329 100037 
4908 212 100047 
4909 596 100036 
4910 745 100072 
4911 856 100070 
4912 127 100074 
4913 270 100086 
4914 851 100006 
4915 181 100019 
4916 216 100097 
4917 842 100077 
4918 64 100005 
4919 699 100031 
4920 598 100038 
4921 472 100025 
4922 771 100063 
4923 926 100029 
4924 876 100068 
4925 577 100034 
4926 164 100041 
4927 6 100093 
4928 659 100004 
4929 322 100050 
4930 619 100031 
4931 107 100083 
4932 882 100034 
4933 393 100036 
4934 321 100027 
4935 167 100013 
4936 544 100069 
4937 124 100085 
4938 499 100086 
4939 873 100017 
4940 837 100049 
4941 975 100030 
4942 488 100049 
4943 750 100057 
4944 583 100060 
4945 812 100011 
4946 32 100078 
4947 880 100013 
4948 920 100060 
4949 954 100078 
4950 516 100051 
4951 217 100012 
4952 42 100046 
4953 952 100001 
4954 451 100057 
4955 126 100074 
4956 157 100078 
4957 152 100039 
4958 528 100006 
4959 861 100006 
4960 269 100084 
4961 951 100003 
4962 646 100073 
4963 937 100033 
4964 694 100000 
4965 81 100043 
4966 374 100050 
4967 995 100046 
4968 569 100058 
4969 599 100038 
4970 709 100075 
4971 872 100083 
4972 191 100034 
4973 666 100069 
4974 225 100027 
4975 695 100049 
4976 186 100049 
4977 214 100005 
4978 186 100010 
4979 961 100052 
4980 728 100070 
4981 714 100091 
4982 43 100091 
4983 97 100051 
4984 329 100041 
4985 228 100010 
4986 423 100084 
4987 140 100045 
4988 262 100019 
4989 384 100084 
4990 926 100045 
4991 784 100070 
4992 618 100091 
4993 111 100005 
4994 695 100040 
4995 278 100062 
4996 626 100010 
4997 993 100038 
4998 262 100042 
4999 761 100032 
5000 174 100023 
