npieces: 5000
capacity: 287269312
1 688 100001 
2 28 100070 
3 66 100095 
4 499 100083 
5 428 100089 
6 98 100068 
7 21 100009 
8 508 100043 
9 101 100082 
10 666 100026 
11 444 100006 
12 155 100058 
13 196 100010 
14 580 100069 
15 85 100042 
16 909 100003 
17 861 100029 
18 560 100049 
19 65 100070 
20 270 100097 
21 181 100021 
22 368 100046 
23 204 100015 
24 119 100031 
25 853 100000 
26 64 100002 
27 594 100047 
28 640 100083 
29 126 100013 
30 479 100092 
31 922 100048 
32 796 100051 
33 276 100055 
34 877 100094 
35 916 100087 
36 393 100056 
37 228 100040 
38 349 100026 
39 292 100082 
40 87 100011 
41 599 100091 
42 882 100049 
43 262 100069 
44 318 100082 
45 263 100034 
46 987 100002 
47 914 100048 
48 298 100088 
49 775 100024 
50 304 100045 
51 487 100046 
52 480 100094 
53 885 100058 
54 220 100012 
55 121 100087 
56 1000 100049 
57 329 100010 
58 571 100003 
59 868 100071 
60 282 100098 
61 885 100007 
62 467 100021 
63 160 100045 
64 323 100009 
65 396 100078 
66 668 100000 
67 629 100032 
68 807 100033 
69 172 100032 
70 282 100045 
71 294 100068 
72 638 100006 
73 742 100044 
74 95 100077 
75 768 100090 
76 177 100009 
77 307 100069 
78 875 100032 
79 113 100095 
80 627 100095 
81 414 100014 
82 726 100093 
83 579 100041 
84 426 100033 
85 662 100068 
86 738 100000 
87 80 100065 
88 60 100062 
89 130 100099 
90 867 100022 
91 517 100085 
92 565 100065 
93 381 100089 
94 216 100052 
95 504 100011 
96 685 100038 
97 929 100092 
98 761 100039 
99 716 100052 
100 140 100084 
101 677 100076 
102 752 100069 
103 410 100042 
104 544 100057 
105 833 100074 
106 50 100090 
107 703 100053 
108 387 100032 
109 903 100061 
110 829 100036 
111 291 100069 
112 791 100037 
113 289 100061 
114 113 100007 
115 213 100053 
116 411 100096 
117 895 100018 
118 601 100024 
119 345 100081 
120 893 100030 
121 80 100049 
122 537 100054 
123 100 100061 
124 943 100010 
125 53 100007 
126 687 100024 
127 84 100096 
128 284 100061 
129 459 100083 
130 587 100012 
131 562 100046 
132 65 100042 
133 831 100051 
134 800 100042 
135 105 100069 
136 966 100035 
137 753 100028 
138 883 100037 
139 494 100078 
140 316 100049 
141 435 100021 
142 577 100044 
143 543 100093 
144 879 100027 
145 225 100011 
146 842 100074 
147 286 100044 
148 587 100062 
149 433 100012 
150 626 100030 
151 509 100024 
152 641 100074 
153 970 100015 
154 916 100011 
155 266 100020 
156 568 100031 
157 742 100045 
158 55 100076 
159 258 100087 
160 429 100056 
161 241 100038 
162 259 100065 
163 422 100025 
164 678 100096 
165 913 100056 
166 18 100012 
167 171 100074 
168 96 100039 
169 270 100065 
170 305 100036 
171 755 100026 
172 126 100073 
173 441 100089 
174 766 100049 
175 527 100090 
176 75 100091 
177 14 100034 
178 729 100009 
179 54 100065 
180 980 100084 
181 627 100034 
182 117 100001 
183 260 100044 
184 720 100060 
185 41 100024 
186 853 100089 
187 726 100088 
188 593 100035 
189 72 100059 
190 993 100030 
191 450 100072 
192 235 100091 
193 676 100041 
194 440 100019 
195 745 100007 
196 26 100009 
197 956 100072 
198 590 100003 
199 439 100074 
200 805 100043 
201 207 100063 
202 997 100061 
203 679 100019 
204 407 100093 
205 807 100045 
206 525 100092 
207 216 100078 
208 882 100079 
209 111 100085 
210 477 100094 
211 84 100004 
212 404 100044 
213 527 100084 
214 833 100036 
215 486 100007 
216 803 100046 
217 372 100086 
218 84 100000 
219 145 100043 
220 146 100074 
221 450 100073 
222 397 100006 
223 173 100039 
224 468 100080 
225 396 100052 
226 300 100099 
227 643 100011 
228 845 100045 
229 31 100048 
230 779 100048 
231 149 100055 
232 22 100078 
233 709 100073 
234 558 100055 
235 777 100071 
236 976 100008 
237 517 100054 
238 413 100080 
239 269 100005 
240 261 100058 
241 61 100068 
242 559 100008 
243 417 100053 
244 427 100095 
245 146 100007 
246 111 100089 
247 514 100027 
248 178 100038 
249 4 100072 
250 816 100009 
251 643 100019 
252 755 100033 
253 813 100099 
254 26 100030 
255 683 100072 
256 265 100088 
257 264 100063 
258 92 100075 
259 795 100022 
260 505 100004 
261 395 100036 
262 441 100037 
263 359 100099 
264 203 100021 
265 399 100012 
266 726 100098 
267 146 100029 
268 448 100018 
269 973 100090 
270 455 100000 
271 308 100001 
272 619 100036 
273 776 100031 
274 135 100076 
275 229 100065 
276 2 100050 
277 951 100041 
278 358 100024 
279 505 100090 
280 148 100018 
281 449 100043 
282 522 100030 
283 155 100086 
284 851 100010 
285 800 100006 
286 113 100075 
287 827 100011 
288 457 100064 
289 641 100014 
290 235 100021 
291 394 100022 
292 324 100030 
293 248 100001 
294 154 100068 
295 555 100077 
296 235 100002 
297 118 100002 
298 202 100058 
299 218 100024 
300 208 100022 
301 740 100063 
302 619 100022 
303 998 100067 
304 477 100097 
305 783 100095 
306 460 100036 
307 279 100050 
308 249 100096 
309 780 100020 
310 55 100019 
311 402 100011 
312 866 100073 
313 986 100005 
314 106 100013 
315 114 100091 
316 18 100051 
317 381 100008 
318 473 100090 
319 230 100041 
320 869 100070 
321 854 100061 
322 231 100032 
323 464 100084 
324 934 100063 
325 349 100070 
326 27 100080 
327 354 100045 
328 735 100058 
329 202 100068 
330 997 100059 
331 16 100006 
332 103 100047 
333 277 100071 
334 968 100081 
335 618 100036 
336 283 100085 
337 923 100030 
338 631 100018 
339 752 100013 
340 728 100005 
341 561 100010 
342 18 100011 
343 206 100090 
344 724 100039 
345 648 100012 
346 871 100048 
347 280 100042 
348 26 100006 
349 793 100071 
350 699 100025 
351 612 100012 
352 764 100036 
353 344 100077 
354 752 100012 
355 36 100065 
356 129 100084 
357 11 100082 
358 127 100073 
359 643 100075 
360 774 100086 
361 450 100019 
362 77 100077 
363 381 100050 
364 886 100066 
365 686 100044 
366 727 100050 
367 553 100030 
368 604 100064 
369 883 100054 
370 111 100016 
371 120 100019 
372 638 100021 
373 824 100029 
374 278 100021 
375 396 100079 
376 489 100016 
377 691 100002 
378 106 100025 
379 300 100043 
380 249 100073 
381 759 100062 
382 391 100022 
383 148 100054 
384 559 100069 
385 959 100093 
386 447 100009 
387 999 100028 
388 98 100079 
389 834 100067 
390 812 100063 
391 103 100071 
392 353 100097 
393 175 100014 
394 290 100077 
395 992 100073 
396 493 100048 
397 968 100025 
398 552 100003 
399 746 100063 
400 769 100043 
401 312 100041 
402 709 100060 
403 510 100007 
404 803 100012 
405 766 100052 
406 820 100059 
407 142 100083 
408 634 100040 
409 754 100017 
410 634 100027 
411 15 100039 
412 767 100087 
413 541 100041 
414 413 100024 
415 615 100082 
416 558 100081 
417 867 100064 
418 548 100028 
419 448 100009 
420 756 100062 
421 465 100096 
422 163 100086 
423 469 100013 
424 952 100050 
425 696 100056 
426 437 100025 
427 122 100021 
428 252 100054 
429 10 100094 
430 10 100069 
431 719 100062 
432 178 100096 
433 826 100045 
434 225 100013 
435 747 100033 
436 273 100014 
437 358 100019 
438 932 100043 
439 434 100040 
440 647 100011 
441 158 100068 
442 520 100050 
443 840 100036 
444 726 100044 
445 331 100084 
446 820 100039 
447 333 100080 
448 489 100020 
449 731 100008 
450 503 100051 
451 601 100027 
452 93 100080 
453 329 100005 
454 371 100022 
455 526 100018 
456 882 100051 
457 567 100011 
458 70 100019 
459 891 100048 
460 690 100014 
461 549 100011 
462 846 100009 
463 733 100095 
464 878 100061 
465 112 100069 
466 10 100055 
467 950 100053 
468 14 100011 
469 230 100003 
470 525 100072 
471 472 100091 
472 775 100046 
473 294 100083 
474 148 100083 
475 304 100020 
476 603 100064 
477 83 100039 
478 828 100075 
479 965 100028 
480 359 100031 
481 799 100076 
482 703 100012 
483 375 100065 
484 30 100085 
485 97 100019 
486 525 100072 
487 658 100097 
488 552 100091 
489 593 100002 
490 333 100010 
491 83 100088 
492 271 100046 
493 801 100033 
494 875 100046 
495 807 100026 
496 886 100097 
497 595 100029 
498 329 100014 
499 640 100099 
500 578 100064 
501 247 100002 
502 608 100062 
503 441 100057 
504 627 100028 
505 283 100034 
506 749 100092 
507 495 100037 
508 993 100075 
509 179 100043 
510 215 100024 
511 104 100066 
512 168 100004 
513 256 100016 
514 996 100097 
515 189 100096 
516 6 100081 
517 594 100040 
518 825 100062 
519 905 100089 
520 106 100019 
521 481 100013 
522 345 100058 
523 280 100063 
524 916 100005 
525 189 100014 
526 370 100024 
527 939 100055 
528 402 100052 
529 67 100050 
530 149 100074 
531 161 100031 
532 198 100003 
533 984 100077 
534 429 100061 
535 845 100057 
536 978 100040 
537 301 100029 
538 956 100087 
539 476 100061 
540 750 100022 
541 35 100086 
542 866 100079 
543 245 100046 
544 534 100009 
545 134 100085 
546 592 100004 
547 601 100061 
548 894 100068 
549 852 100058 
550 302 100046 
551 394 100056 
552 215 100021 
553 437 100061 
554 867 100091 
555 509 100068 
556 81 100087 
557 98 100008 
558 595 100059 
559 594 100059 
560 305 100086 
561 991 100086 
562 327 100031 
563 720 100038 
564 106 100042 
565 306 100073 
566 419 100049 
567 627 100027 
568 957 100044 
569 763 100004 
570 857 100066 
571 264 100039 
572 299 100015 
573 892 100010 
574 656 100042 
575 141 100017 
576 391 100080 
577 433 100021 
578 689 100048 
579 987 100053 
580 822 100014 
581 726 100007 
582 397 100027 
583 869 100029 
584 728 100054 
585 581 100064 
586 746 100077 
587 600 100055 
588 638 100040 
589 183 100041 
590 493 100019 
591 219 100000 
592 379 100031 
593 848 100010 
594 279 100022 
595 638 100022 
596 157 100096 
597 485 100077 
598 570 100071 
599 924 100011 
600 916 100023 
601 718 100036 
602 723 100023 
603 66 100067 
604 903 100064 
605 702 100050 
606 815 100007 
607 248 100001 
608 35 100063 
609 320 100042 
610 263 100009 
611 124 100022 
612 909 100072 
613 537 100053 
614 318 100041 
615 948 100080 
616 44 100059 
617 731 100000 
618 223 100008 
619 250 100056 
620 834 100052 
621 541 100039 
622 569 100064 
623 495 100092 
624 154 100027 
625 205 100055 
626 229 100017 
627 450 100013 
628 89 100053 
629 248 100060 
630 556 100029 
631 8 100053 
632 198 100045 
633 262 100064 
634 891 100013 
635 380 100037 
636 147 100004 
637 633 100006 
638 928 100053 
639 309 100012 
640 947 100081 
641 316 100082 
642 171 100019 
643 868 100046 
644 916 100024 
645 861 100027 
646 88 100004 
647 229 100045 
648 348 100015 
649 740 100095 
650 442 100093 
651 563 100079 
652 406 100083 
653 604 100077 
654 47 100086 
655 325 100046 
656 836 100011 
657 759 100068 
658 464 100010 
659 334 100086 
660 795 100089 
661 20 100028 
662 815 100081 
663 974 100061 
664 188 100039 
665 106 100079 
666 608 100068 
667 459 100026 
668 383 100050 
669 836 100058 
670 242 100004 
671 685 100049 
672 7 100006 
673 668 100027 
674 757 100014 
675 915 100048 
676 98 100032 
677 937 100081 
678 916 100020 
679 616 100025 
680 696 100073 
681 355 100007 
682 634 100030 
683 282 100064 
684 897 100078 
685 427 100075 
686 758 100022 
687 559 100090 
688 33 100026 
689 766 100092 
690 408 100088 
691 847 100048 
692 230 100008 
693 200 100025 
694 667 100053 
695 695 100024 
696 789 100063 
697 115 100023 
698 851 100012 
699 538 100012 
700 386 100008 
701 479 100058 
702 430 100084 
703 647 100040 
704 254 100098 
705 473 100016 
706 485 100063 
707 768 100088 
708 793 100051 
709 990 100055 
710 993 100097 
711 310 100082 
712 127 100047 
713 966 100083 
714 808 100013 
715 216 100096 
716 708 100031 
717 115 100085 
718 351 100034 
719 266 100052 
720 923 100083 
721 905 100037 
722 647 100055 
723 424 100033 
724 151 100071 
725 822 100001 
726 113 100075 
727 794 100008 
728 466 100070 
729 104 100095 
730 236 100037 
731 471 100049 
732 981 100038 
733 987 100082 
734 76 100061 
735 940 100065 
736 170 100005 
737 411 100053 
738 722 100092 
739 267 100026 
740 390 100004 
741 811 100001 
742 520 100040 
743 599 100010 
744 226 100012 
745 862 100031 
746 403 100081 
747 292 100094 
748 591 100060 
749 876 100096 
750 537 100044 
751 585 100008 
752 327 100008 
753 649 100078 
754 634 100023 
755 583 100061 
756 201 100024 
757 59 100061 
758 177 100058 
759 424 100039 
760 139 100005 
761 443 100027 
762 714 100048 
763 779 100051 
764 111 100002 
765 248 100094 
766 907 100031 
767 252 100072 
768 960 100024 
769 153 100042 
770 493 100035 
771 382 100026 
772 692 100026 
773 257 100080 
774 329 100035 
775 82 100060 
776 465 100077 
777 642 100095 
778 804 100054 
779 343 100093 
780 113 100008 
781 677 100058 
782 533 100023 
783 410 100038 
784 824 100012 
785 190 100068 
786 28 100056 
787 652 100058 
788 418 100097 
789 714 100098 
790 179 100006 
791 657 100080 
792 48 100079 
793 785 100075 
794 366 100059 
795 173 100096 
796 49 100009 
797 326 100059 
798 812 100027 
799 542 100073 
800 722 100025 
801 812 100011 
802 437 100079 
803 559 100080 
804 817 100054 
805 304 100058 
806 603 100068 
807 585 100031 
808 235 100000 
809 995 100000 
810 875 100048 
811 561 100059 
812 739 100083 
813 831 100009 
814 779 100067 
815 470 100038 
816 644 100023 
817 39 100057 
818 35 100043 
819 105 100089 
820 491 100008 
821 897 100006 
822 254 100028 
823 493 100035 
824 528 100004 
825 797 100056 
826 456 100072 
827 718 100079 
828 699 100020 
829 196 100099 
830 6 100031 
831 452 100089 
832 440 100090 
833 283 100037 
834 147 100000 
835 46 100017 
836 677 100005 
837 775 100081 
838 751 100038 
839 849 100033 
840 961 100046 
841 993 100000 
842 239 100099 
843 289 100055 
844 61 100045 
845 657 100071 
846 850 100060 
847 252 100065 
848 196 100077 
849 77 100066 
850 920 100006 
851 508 100059 
852 915 100035 
853 280 100059 
854 155 100058 
855 778 100056 
856 995 100040 
857 412 100068 
858 511 100089 
859 533 100044 
860 460 100025 
861 635 100028 
862 3 100017 
863 395 100070 
864 786 100010 
865 167 100078 
866 486 100078 
867 717 100079 
868 362 100039 
869 463 100040 
870 765 100045 
871 332 100041 
872 362 100024 
873 339 100005 
874 401 100095 
875 952 100069 
876 462 100066 
877 116 100006 
878 115 100066 
879 437 100021 
880 959 100023 
881 679 100096 
882 122 100011 
883 277 100014 
884 548 100001 
885 369 100032 
886 833 100009 
887 635 100015 
888 898 100051 
889 681 100017 
890 260 100016 
891 836 100023 
892 469 100082 
893 426 100069 
894 712 100075 
895 149 100010 
896 535 100001 
897 584 100088 
898 864 100001 
899 913 100012 
900 133 100009 
901 384 100075 
902 620 100081 
903 722 100036 
904 743 100060 
905 194 100005 
906 441 100025 
907 485 100006 
908 415 100082 
909 832 100085 
910 358 100025 
911 57 100016 
912 14 100099 
913 646 100026 
914 586 100048 
915 157 100020 
916 699 100058 
917 865 100013 
918 881 100062 
919 958 100040 
920 229 100081 
921 202 100086 
922 14 100016 
923 352 100076 
924 286 100010 
925 778 100034 
926 704 100035 
927 770 100000 
928 896 100075 
929 973 100018 
930 374 100021 
931 453 100071 
932 345 100002 
933 833 100070 
934 701 100094 
935 555 100032 
936 80 100072 
937 486 100014 
938 366 100031 
939 681 100000 
940 23 100098 
941 253 100064 
942 666 100066 
943 511 100085 
944 169 100003 
945 42 100087 
946 408 100059 
947 204 100092 
948 570 100011 
949 475 100050 
950 883 100032 
951 612 100067 
952 652 100034 
953 848 100006 
954 950 100065 
955 4 100060 
956 662 100097 
957 299 100003 
958 961 100072 
959 2 100064 
960 100 100032 
961 327 100095 
962 491 100023 
963 591 100076 
964 260 100013 
965 3 100069 
966 727 100056 
967 910 100046 
968 780 100015 
969 22 100023 
970 281 100099 
971 148 100020 
972 199 100096 
973 849 100087 
974 880 100079 
975 440 100016 
976 15 100093 
977 706 100045 
978 395 100051 
979 681 100038 
980 353 100022 
981 389 100083 
982 678 100055 
983 813 100093 
984 782 100027 
985 675 100099 
986 260 100040 
987 734 100097 
988 350 100031 
989 700 100084 
990 19 100086 
991 780 100086 
992 204 100000 
993 574 100073 
994 197 100001 
995 256 100007 
996 383 100064 
997 269 100060 
998 763 100095 
999 852 100051 
1000 596 100073 
1001 627 100020 
1002 506 100072 
1003 69 100019 
1004 975 100078 
1005 807 100091 
1006 303 100058 
1007 563 100057 
1008 825 100091 
1009 623 100096 
1010 780 100044 
1011 925 100022 
1012 360 100056 
1013 616 100068 
1014 483 100015 
1015 144 100053 
1016 844 100034 
1017 818 100009 
1018 255 100007 
1019 719 100021 
1020 397 100084 
1021 838 100018 
1022 256 100058 
1023 353 100070 
1024 504 100011 
1025 985 100020 
1026 981 100009 
1027 79 100068 
1028 865 100042 
1029 688 100064 
1030 561 100044 
1031 948 100066 
1032 616 100042 
1033 372 100065 
1034 736 100010 
1035 749 100060 
1036 854 100095 
1037 637 100062 
1038 976 100086 
1039 193 100060 
1040 542 100000 
1041 496 100022 
1042 603 100066 
1043 8 100089 
1044 134 100066 
1045 347 100082 
1046 497 100004 
1047 61 100054 
1048 181 100081 
1049 173 100090 
1050 400 100072 
1051 726 100015 
1052 76 100005 
1053 241 100003 
1054 549 100086 
1055 16 100048 
1056 215 100062 
1057 977 100086 
1058 962 100013 
1059 213 100019 
1060 67 100008 
1061 348 100027 
1062 744 100042 
1063 591 100087 
1064 943 100039 
1065 482 100038 
1066 875 100097 
1067 900 100075 
1068 301 100059 
1069 804 100034 
1070 619 100011 
1071 786 100058 
1072 391 100088 
1073 407 100012 
1074 63 100014 
1075 537 100037 
1076 812 100055 
1077 351 100031 
1078 385 100082 
1079 438 100026 
1080 682 100007 
1081 526 100099 
1082 182 100053 
1083 740 100083 
1084 411 100032 
1085 436 100037 
1086 45 100068 
1087 410 100013 
1088 714 100064 
1089 397 100036 
1090 5 100015 
1091 538 100013 
1092 621 100048 
1093 448 100003 
1094 681 100016 
1095 933 100098 
1096 866 100002 
1097 557 100092 
1098 21 100017 
1099 953 100092 
1100 619 100006 
1101 460 100021 
1102 319 100013 
1103 629 100041 
1104 100 100080 
1105 801 100002 
1106 265 100038 
1107 89 100019 
1108 113 100043 
1109 924 100069 
1110 59 100009 
1111 297 100024 
1112 59 100076 
1113 755 100061 
1114 675 100004 
1115 904 100017 
1116 929 100071 
1117 192 100019 
1118 230 100026 
1119 79 100095 
1120 689 100080 
1121 207 100031 
1122 262 100034 
1123 949 100048 
1124 574 100063 
1125 421 100018 
1126 787 100004 
1127 493 100035 
1128 120 100045 
1129 892 100065 
1130 524 100082 
1131 525 100055 
1132 265 100028 
1133 484 100081 
1134 5 100040 
1135 979 100063 
1136 332 100010 
1137 625 100009 
1138 448 100020 
1139 832 100060 
1140 414 100058 
1141 401 100035 
1142 742 100030 
1143 774 100009 
1144 263 100024 
1145 84 100038 
1146 932 100008 
1147 267 100041 
1148 607 100073 
1149 20 100001 
1150 337 100046 
1151 238 100072 
1152 907 100048 
1153 476 100033 
1154 628 100091 
1155 39 100086 
1156 743 100054 
1157 243 100074 
1158 335 100057 
1159 808 100070 
1160 419 100014 
1161 472 100071 
1162 800 100029 
1163 552 100024 
1164 143 100013 
1165 268 100025 
1166 13 100008 
1167 108 100079 
1168 736 100095 
1169 949 100092 
1170 261 100031 
1171 837 100063 
1172 27 100020 
1173 695 100049 
1174 115 100075 
1175 31 100031 
1176 535 100095 
1177 762 100072 
1178 380 100029 
1179 901 100099 
1180 261 100086 
1181 1 100079 
1182 837 100091 
1183 864 100083 
1184 785 100047 
1185 711 100024 
1186 944 100028 
1187 207 100022 
1188 807 100063 
1189 377 100038 
1190 765 100096 
1191 214 100091 
1192 296 100027 
1193 576 100077 
1194 811 100040 
1195 633 100075 
1196 205 100002 
1197 710 100009 
1198 270 100014 
1199 727 100037 
1200 904 100016 
1201 462 100031 
1202 760 100086 
1203 177 100052 
1204 687 100001 
1205 517 100019 
1206 18 100034 
1207 441 100023 
1208 530 100062 
1209 893 100030 
1210 625 100027 
1211 526 100080 
1212 850 100022 
1213 703 100065 
1214 371 100061 
1215 636 100044 
1216 146 100041 
1217 614 100071 
1218 329 100022 
1219 630 100032 
1220 247 100000 
1221 800 100067 
1222 781 100079 
1223 486 100067 
1224 170 100003 
1225 245 100071 
1226 859 100005 
1227 992 100077 
1228 218 100049 
1229 224 100017 
1230 153 100056 
1231 213 100041 
1232 595 100056 
1233 979 100098 
1234 264 100079 
1235 411 100019 
1236 419 100049 
1237 445 100021 
1238 66 100022 
1239 223 100018 
1240 418 100079 
1241 181 100012 
1242 836 100042 
1243 693 100082 
1244 455 100069 
1245 181 100099 
1246 419 100072 
1247 443 100003 
1248 855 100027 
1249 177 100078 
1250 672 100018 
1251 84 100020 
1252 431 100060 
1253 991 100031 
1254 190 100039 
1255 577 100060 
1256 302 100070 
1257 655 100073 
1258 80 100007 
1259 591 100056 
1260 726 100012 
1261 674 100082 
1262 197 100076 
1263 741 100059 
1264 762 100010 
1265 109 100009 
1266 126 100017 
1267 452 100024 
1268 87 100025 
1269 76 100072 
1270 772 100027 
1271 911 100062 
1272 660 100092 
1273 345 100026 
1274 268 100031 
1275 346 100059 
1276 404 100031 
1277 836 100001 
1278 996 100012 
1279 317 100072 
1280 344 100039 
1281 737 100025 
1282 621 100066 
1283 736 100042 
1284 799 100071 
1285 615 100011 
1286 8 100081 
1287 894 100052 
1288 983 100032 
1289 406 100019 
1290 123 100074 
1291 964 100058 
1292 571 100082 
1293 46 100090 
1294 315 100049 
1295 96 100071 
1296 61 100056 
1297 939 100032 
1298 761 100065 
1299 44 100079 
1300 490 100079 
1301 813 100086 
1302 39 100001 
1303 458 100061 
1304 699 100056 
1305 337 100080 
1306 466 100016 
1307 127 100006 
1308 424 100028 
1309 771 100060 
1310 559 100030 
1311 298 100055 
1312 588 100087 
1313 830 100096 
1314 711 100092 
1315 907 100019 
1316 534 100033 
1317 392 100096 
1318 941 100080 
1319 806 100094 
1320 75 100094 
1321 537 100045 
1322 924 100038 
1323 567 100042 
1324 151 100099 
1325 657 100015 
1326 387 100003 
1327 686 100097 
1328 995 100026 
1329 878 100055 
1330 946 100065 
1331 930 100021 
1332 93 100081 
1333 598 100029 
1334 516 100044 
1335 183 100070 
1336 909 100071 
1337 231 100070 
1338 373 100067 
1339 402 100083 
1340 891 100009 
1341 884 100002 
1342 523 100060 
1343 249 100021 
1344 996 100033 
1345 72 100092 
1346 423 100003 
1347 629 100089 
1348 36 100043 
1349 361 100048 
1350 307 100063 
1351 449 100046 
1352 371 100002 
1353 880 100052 
1354 690 100051 
1355 682 100096 
1356 826 100007 
1357 366 100023 
1358 60 100042 
1359 358 100022 
1360 252 100010 
1361 110 100071 
1362 321 100015 
1363 975 100060 
1364 535 100074 
1365 111 100043 
1366 803 100009 
1367 991 100053 
1368 698 100029 
1369 665 100049 
1370 6 100062 
1371 507 100086 
1372 807 100065 
1373 44 100061 
1374 698 100056 
1375 898 100080 
1376 912 100043 
1377 246 100031 
1378 837 100075 
1379 525 100002 
1380 658 100015 
1381 467 100081 
1382 586 100092 
1383 110 100012 
1384 207 100094 
1385 196 100062 
1386 262 100081 
1387 578 100080 
1388 709 100094 
1389 139 100012 
1390 759 100074 
1391 761 100041 
1392 26 100009 
1393 963 100066 
1394 918 100097 
1395 506 100042 
1396 353 100014 
1397 746 100030 
1398 91 100054 
1399 906 100066 
1400 108 100074 
1401 503 100000 
1402 685 100035 
1403 139 100031 
1404 978 100023 
1405 14 100076 
1406 217 100077 
1407 478 100002 
1408 679 100004 
1409 897 100091 
1410 272 100048 
1411 660 100092 
1412 944 100071 
1413 702 100058 
1414 283 100050 
1415 46 100052 
1416 46 100072 
1417 109 100061 
1418 328 100049 
1419 362 100006 
1420 536 100080 
1421 897 100097 
1422 12 100024 
1423 575 100021 
1424 171 100048 
1425 244 100042 
1426 24 100033 
1427 445 100066 
1428 499 100013 
1429 972 100049 
1430 141 100045 
1431 463 100078 
1432 265 100022 
1433 810 100066 
1434 586 100037 
1435 178 100006 
1436 708 100097 
1437 856 100075 
1438 859 100043 
1439 941 100070 
1440 26 100044 
1441 704 100031 
1442 9 100035 
1443 833 100097 
1444 6 100041 
1445 217 100035 
1446 294 100009 
1447 209 100035 
1448 328 100078 
1449 715 100080 
1450 903 100041 
1451 256 100055 
1452 338 100018 
1453 151 100026 
1454 930 100078 
1455 639 100068 
1456 407 100065 
1457 81 100022 
1458 647 100050 
1459 285 100071 
1460 940 100047 
1461 792 100020 
1462 689 100012 
1463 367 100027 
1464 513 100093 
1465 330 100005 
1466 444 100040 
1467 960 100032 
1468 566 100086 
1469 266 100006 
1470 502 100010 
1471 71 100008 
1472 248 100067 
1473 900 100063 
1474 455 100030 
1475 901 100052 
1476 531 100027 
1477 941 100084 
1478 890 100042 
1479 182 100035 
1480 119 100023 
1481 397 100055 
1482 668 100039 
1483 565 100029 
1484 380 100066 
1485 78 100039 
1486 770 100078 
1487 882 100057 
1488 544 100050 
1489 732 100042 
1490 965 100000 
1491 757 100031 
1492 61 100029 
1493 220 100055 
1494 766 100037 
1495 1 100083 
1496 157 100012 
1497 991 100048 
1498 635 100021 
1499 460 100035 
1500 896 100010 
1501 166 100045 
1502 562 100042 
1503 931 100064 
1504 362 100009 
1505 5 100095 
1506 43 100003 
1507 360 100045 
1508 280 100080 
1509 865 100066 
1510 264 100067 
1511 325 100002 
1512 777 100059 
1513 852 100094 
1514 622 100042 
1515 192 100002 
1516 822 100010 
1517 686 100009 
1518 883 100086 
1519 47 100080 
1520 611 100098 
1521 651 100042 
1522 383 100003 
1523 515 100062 
1524 734 100033 
1525 969 100091 
1526 117 100031 
1527 22 100008 
1528 597 100065 
1529 504 100075 
1530 57 100054 
1531 854 100089 
1532 354 100038 
1533 554 100001 
1534 633 100007 
1535 42 100026 
1536 928 100099 
1537 938 100075 
1538 573 100084 
1539 377 100024 
1540 676 100088 
1541 838 100071 
1542 688 100086 
1543 648 100042 
1544 838 100026 
1545 431 100001 
1546 359 100074 
1547 370 100097 
1548 663 100017 
1549 246 100022 
1550 694 100000 
1551 911 100050 
1552 915 100085 
1553 366 100074 
1554 40 100095 
1555 679 100038 
1556 190 100097 
1557 462 100078 
1558 750 100098 
1559 990 100056 
1560 304 100074 
1561 398 100094 
1562 972 100017 
1563 824 100009 
1564 3 100040 
1565 334 100044 
1566 144 100081 
1567 411 100014 
1568 969 100027 
1569 820 100019 
1570 932 100083 
1571 553 100082 
1572 776 100027 
1573 972 100028 
1574 289 100089 
1575 717 100005 
1576 215 100041 
1577 343 100032 
1578 780 100039 
1579 115 100045 
1580 992 100023 
1581 455 100056 
1582 939 100007 
1583 242 100073 
1584 934 100091 
1585 134 100030 
1586 926 100040 
1587 763 100040 
1588 622 100027 
1589 932 100098 
1590 176 100091 
1591 432 100066 
1592 191 100022 
1593 496 100098 
1594 772 100044 
1595 936 100015 
1596 916 100093 
1597 179 100040 
1598 74 100069 
1599 183 100077 
1600 214 100039 
1601 498 100071 
1602 561 100039 
1603 888 100093 
1604 332 100077 
1605 962 100066 
1606 924 100038 
1607 357 100038 
1608 492 100038 
1609 876 100032 
1610 848 100093 
1611 666 100064 
1612 809 100068 
1613 632 100021 
1614 761 100007 
1615 375 100030 
1616 253 100052 
1617 987 100063 
1618 858 100011 
1619 269 100089 
1620 581 100017 
1621 963 100082 
1622 435 100040 
1623 709 100062 
1624 946 100065 
1625 15 100073 
1626 354 100025 
1627 830 100055 
1628 908 100014 
1629 937 100012 
1630 133 100082 
1631 198 100013 
1632 358 100082 
1633 45 100056 
1634 108 100072 
1635 605 100067 
1636 935 100095 
1637 377 100092 
1638 185 100084 
1639 847 100009 
1640 949 100063 
1641 365 100067 
1642 937 100084 
1643 176 100070 
1644 577 100060 
1645 2 100071 
1646 73 100056 
1647 407 100018 
1648 935 100056 
1649 157 100087 
1650 595 100014 
1651 205 100059 
1652 996 100086 
1653 114 100097 
1654 921 100051 
1655 141 100044 
1656 688 100023 
1657 922 100017 
1658 998 100075 
1659 371 100045 
1660 204 100030 
1661 727 100031 
1662 410 100023 
1663 407 100036 
1664 667 100068 
1665 349 100025 
1666 660 100014 
1667 1 100059 
1668 962 100055 
1669 97 100030 
1670 95 100079 
1671 980 100027 
1672 793 100046 
1673 891 100095 
1674 943 100093 
1675 676 100089 
1676 449 100027 
1677 125 100065 
1678 587 100007 
1679 594 100064 
1680 981 100020 
1681 651 100092 
1682 466 100059 
1683 156 100096 
1684 507 100066 
1685 938 100045 
1686 464 100042 
1687 863 100008 
1688 74 100064 
1689 563 100037 
1690 568 100002 
1691 711 100017 
1692 347 100093 
1693 118 100019 
1694 568 100062 
1695 315 100025 
1696 410 100001 
1697 25 100013 
1698 874 100017 
1699 91 100000 
1700 484 100099 
1701 73 100032 
1702 295 100019 
1703 787 100086 
1704 304 100029 
1705 885 100063 
1706 227 100094 
1707 480 100046 
1708 880 100066 
1709 1000 100007 
1710 942 100022 
1711 71 100036 
1712 879 100014 
1713 853 100053 
1714 367 100005 
1715 562 100055 
1716 249 100062 
1717 130 100061 
1718 40 100023 
1719 612 100099 
1720 480 100041 
1721 191 100080 
1722 271 100070 
1723 266 100028 
1724 747 100075 
1725 694 100060 
1726 72 100030 
1727 569 100008 
1728 350 100005 
1729 650 100082 
1730 437 100086 
1731 932 100044 
1732 94 100002 
1733 354 100082 
1734 264 100077 
1735 125 100023 
1736 188 100003 
1737 837 100006 
1738 189 100033 
1739 841 100050 
1740 679 100011 
1741 676 100033 
1742 507 100055 
1743 727 100034 
1744 532 100064 
1745 629 100018 
1746 265 100096 
1747 374 100044 
1748 663 100072 
1749 372 100002 
1750 387 100009 
1751 868 100023 
1752 281 100068 
1753 721 100016 
1754 331 100027 
1755 955 100036 
1756 1 100052 
1757 406 100068 
1758 266 100015 
1759 875 100053 
1760 701 100088 
1761 792 100047 
1762 966 100087 
1763 500 100058 
1764 584 100096 
1765 259 100084 
1766 627 100079 
1767 930 100083 
1768 243 100008 
1769 480 100075 
1770 685 100057 
1771 18 100059 
1772 446 100064 
1773 121 100071 
1774 145 100076 
1775 97 100074 
1776 989 100093 
1777 337 100007 
1778 25 100040 
1779 218 100035 
1780 213 100025 
1781 597 100018 
1782 822 100024 
1783 110 100066 
1784 157 100059 
1785 375 100041 
1786 278 100094 
1787 594 100091 
1788 384 100088 
1789 375 100092 
1790 309 100098 
1791 406 100008 
1792 383 100042 
1793 66 100032 
1794 53 100062 
1795 131 100095 
1796 705 100061 
1797 581 100099 
1798 848 100003 
1799 922 100093 
1800 541 100060 
1801 329 100051 
1802 186 100010 
1803 161 100031 
1804 500 100084 
1805 710 100010 
1806 785 100027 
1807 414 100056 
1808 193 100005 
1809 521 100012 
1810 383 100025 
1811 51 100080 
1812 258 100066 
1813 72 100002 
1814 396 100092 
1815 730 100035 
1816 254 100021 
1817 722 100025 
1818 30 100017 
1819 129 100024 
1820 286 100080 
1821 361 100041 
1822 194 100061 
1823 957 100025 
1824 166 100024 
1825 289 100030 
1826 577 100074 
1827 519 100017 
1828 618 100025 
1829 992 100097 
1830 414 100035 
1831 36 100057 
1832 683 100016 
1833 334 100003 
1834 557 100000 
1835 902 100081 
1836 794 100095 
1837 980 100028 
1838 955 100083 
1839 622 100080 
1840 537 100056 
1841 398 100077 
1842 594 100012 
1843 267 100000 
1844 359 100070 
1845 427 100007 
1846 827 100001 
1847 578 100098 
1848 306 100057 
1849 449 100009 
1850 771 100042 
1851 734 100071 
1852 876 100018 
1853 35 100021 
1854 800 100054 
1855 470 100033 
1856 88 100037 
1857 765 100035 
1858 987 100083 
1859 451 100037 
1860 475 100028 
1861 363 100024 
1862 766 100041 
1863 304 100062 
1864 685 100018 
1865 647 100083 
1866 205 100015 
1867 666 100045 
1868 959 100049 
1869 882 100039 
1870 286 100076 
1871 304 100071 
1872 845 100002 
1873 16 100019 
1874 642 100071 
1875 530 100077 
1876 915 100061 
1877 22 100056 
1878 532 100043 
1879 284 100051 
1880 626 100057 
1881 517 100010 
1882 270 100083 
1883 577 100088 
1884 961 100060 
1885 686 100046 
1886 441 100071 
1887 601 100018 
1888 781 100088 
1889 965 100033 
1890 731 100021 
1891 213 100076 
1892 99 100051 
1893 999 100031 
1894 192 100052 
1895 408 100095 
1896 467 100004 
1897 702 100096 
1898 923 100059 
1899 245 100059 
1900 213 100058 
1901 9 100098 
1902 875 100026 
1903 525 100036 
1904 44 100099 
1905 270 100036 
1906 305 100076 
1907 992 100069 
1908 943 100043 
1909 995 100037 
1910 798 100087 
1911 984 100086 
1912 701 100053 
1913 166 100002 
1914 703 100022 
1915 99 100043 
1916 286 100020 
1917 609 100079 
1918 386 100050 
1919 600 100042 
1920 774 100095 
1921 233 100042 
1922 8 100096 
1923 150 100069 
1924 931 100044 
1925 836 100014 
1926 931 100008 
1927 194 100061 
1928 916 100056 
1929 849 100081 
1930 567 100053 
1931 415 100007 
1932 353 100086 
1933 785 100069 
1934 554 100050 
1935 933 100006 
1936 919 100084 
1937 889 100006 
1938 885 100089 
1939 12 100071 
1940 59 100048 
1941 199 100090 
1942 818 100044 
1943 120 100079 
1944 60 100091 
1945 187 100051 
1946 318 100006 
1947 892 100012 
1948 163 100012 
1949 637 100032 
1950 238 100022 
1951 280 100036 
1952 171 100013 
1953 643 100044 
1954 491 100032 
1955 310 100044 
1956 403 100093 
1957 441 100013 
1958 656 100013 
1959 534 100093 
1960 792 100000 
1961 616 100049 
1962 424 100083 
1963 447 100026 
1964 310 100050 
1965 753 100008 
1966 426 100062 
1967 423 100075 
1968 366 100091 
1969 329 100060 
1970 511 100036 
1971 143 100059 
1972 206 100088 
1973 493 100075 
1974 800 100069 
1975 89 100035 
1976 46 100028 
1977 757 100056 
1978 730 100015 
1979 619 100044 
1980 887 100063 
1981 114 100029 
1982 331 100083 
1983 676 100036 
1984 596 100018 
1985 929 100090 
1986 787 100010 
1987 412 100068 
1988 890 100021 
1989 391 100036 
1990 398 100064 
1991 781 100088 
1992 433 100027 
1993 468 100094 
1994 959 100095 
1995 958 100018 
1996 314 100040 
1997 2 100007 
1998 372 100056 
1999 716 100062 
2000 376 100002 
2001 821 100014 
2002 638 100028 
2003 784 100029 
2004 873 100031 
2005 979 100040 
2006 471 100052 
2007 470 100004 
2008 804 100009 
2009 587 100017 
2010 3 100042 
2011 554 100081 
2012 955 100085 
2013 135 100078 
2014 873 100017 
2015 890 100026 
2016 992 100063 
2017 171 100060 
2018 394 100032 
2019 432 100000 
2020 321 100072 
2021 557 100083 
2022 798 100023 
2023 207 100084 
2024 365 100005 
2025 941 100055 
2026 819 100004 
2027 75 100089 
2028 157 100098 
2029 980 100050 
2030 351 100034 
2031 195 100019 
2032 950 100052 
2033 206 100016 
2034 819 100045 
2035 528 100061 
2036 756 100082 
2037 986 100009 
2038 72 100048 
2039 141 100096 
2040 582 100036 
2041 286 100010 
2042 939 100033 
2043 430 100001 
2044 246 100059 
2045 109 100068 
2046 642 100000 
2047 979 100026 
2048 391 100034 
2049 795 100002 
2050 277 100072 
2051 636 100093 
2052 303 100046 
2053 788 100082 
2054 208 100024 
2055 763 100039 
2056 244 100042 
2057 578 100049 
2058 349 100010 
2059 983 100033 
2060 361 100063 
2061 278 100078 
2062 436 100070 
2063 69 100083 
2064 16 100049 
2065 100 100054 
2066 437 100095 
2067 103 100083 
2068 686 100071 
2069 433 100071 
2070 274 100081 
2071 87 100070 
2072 835 100047 
2073 222 100063 
2074 455 100090 
2075 810 100007 
2076 121 100087 
2077 764 100001 
2078 124 100097 
2079 926 100069 
2080 835 100081 
2081 534 100096 
2082 7 100081 
2083 334 100036 
2084 853 100099 
2085 484 100002 
2086 467 100025 
2087 867 100064 
2088 592 100067 
2089 188 100062 
2090 421 100097 
2091 450 100048 
2092 788 100063 
2093 441 100025 
2094 995 100099 
2095 922 100044 
2096 221 100053 
2097 198 100028 
2098 301 100019 
2099 540 100064 
2100 824 100024 
2101 225 100096 
2102 406 100059 
2103 347 100034 
2104 116 100033 
2105 466 100021 
2106 170 100087 
2107 699 100054 
2108 76 100003 
2109 643 100083 
2110 447 100026 
2111 940 100065 
2112 426 100046 
2113 559 100039 
2114 622 100062 
2115 558 100038 
2116 755 100011 
2117 804 100010 
2118 536 100080 
2119 220 100039 
2120 254 100014 
2121 603 100099 
2122 770 100013 
2123 899 100097 
2124 694 100098 
2125 165 100013 
2126 83 100009 
2127 753 100035 
2128 565 100020 
2129 677 100023 
2130 147 100023 
2131 480 100002 
2132 817 100020 
2133 202 100058 
2134 548 100003 
2135 234 100052 
2136 649 100098 
2137 539 100086 
2138 306 100054 
2139 204 100057 
2140 366 100085 
2141 883 100061 
2142 108 100053 
2143 69 100048 
2144 20 100071 
2145 260 100073 
2146 714 100045 
2147 477 100025 
2148 704 100010 
2149 661 100053 
2150 390 100072 
2151 128 100016 
2152 321 100081 
2153 814 100013 
2154 5 100050 
2155 171 100084 
2156 280 100060 
2157 929 100001 
2158 621 100073 
2159 411 100065 
2160 482 100003 
2161 616 100021 
2162 815 100009 
2163 387 100087 
2164 58 100079 
2165 3 100064 
2166 819 100083 
2167 868 100064 
2168 633 100010 
2169 713 100060 
2170 688 100006 
2171 563 100089 
2172 432 100011 
2173 475 100098 
2174 611 100069 
2175 616 100072 
2176 346 100059 
2177 198 100052 
2178 588 100034 
2179 299 100067 
2180 957 100061 
2181 103 100097 
2182 479 100009 
2183 199 100011 
2184 759 100090 
2185 262 100074 
2186 174 100041 
2187 361 100062 
2188 394 100026 
2189 429 100009 
2190 201 100041 
2191 400 100085 
2192 530 100032 
2193 280 100092 
2194 928 100080 
2195 860 100069 
2196 427 100009 
2197 493 100002 
2198 116 100021 
2199 864 100030 
2200 109 100081 
2201 43 100021 
2202 475 100011 
2203 569 100075 
2204 106 100088 
2205 684 100048 
2206 75 100049 
2207 822 100027 
2208 36 100094 
2209 124 100087 
2210 220 100007 
2211 920 100095 
2212 129 100011 
2213 833 100033 
2214 496 100079 
2215 721 100088 
2216 449 100023 
2217 387 100064 
2218 836 100024 
2219 758 100021 
2220 667 100062 
2221 979 100005 
2222 382 100058 
2223 839 100007 
2224 709 100085 
2225 957 100075 
2226 430 100003 
2227 83 100098 
2228 667 100010 
2229 855 100056 
2230 167 100008 
2231 991 100018 
2232 677 100096 
2233 498 100019 
2234 92 100041 
2235 301 100007 
2236 803 100020 
2237 374 100035 
2238 53 100027 
2239 919 100064 
2240 865 100032 
2241 47 100089 
2242 834 100049 
2243 187 100097 
2244 189 100067 
2245 828 100093 
2246 964 100082 
2247 949 100064 
2248 998 100051 
2249 796 100034 
2250 512 100009 
2251 858 100018 
2252 805 100094 
2253 169 100033 
2254 197 100041 
2255 97 100027 
2256 629 100080 
2257 118 100058 
2258 906 100084 
2259 258 100013 
2260 955 100095 
2261 843 100022 
2262 739 100027 
2263 144 100025 
2264 592 100049 
2265 53 100097 
2266 83 100068 
2267 552 100018 
2268 612 100083 
2269 304 100053 
2270 313 100023 
2271 634 100079 
2272 146 100049 
2273 319 100096 
2274 685 100073 
2275 541 100065 
2276 377 100059 
2277 567 100070 
2278 529 100099 
2279 12 100022 
2280 303 100094 
2281 642 100072 
2282 282 100067 
2283 180 100058 
2284 77 100032 
2285 39 100085 
2286 45 100005 
2287 277 100033 
2288 343 100043 
2289 844 100025 
2290 292 100007 
2291 927 100051 
2292 563 100070 
2293 582 100044 
2294 521 100096 
2295 68 100086 
2296 607 100030 
2297 461 100055 
2298 103 100037 
2299 386 100011 
2300 308 100009 
2301 579 100043 
2302 126 100023 
2303 959 100024 
2304 663 100006 
2305 747 100088 
2306 517 100065 
2307 693 100015 
2308 908 100034 
2309 827 100070 
2310 423 100044 
2311 557 100001 
2312 539 100088 
2313 612 100074 
2314 705 100074 
2315 349 100028 
2316 493 100014 
2317 918 100014 
2318 431 100069 
2319 620 100053 
2320 350 100013 
2321 343 100056 
2322 556 100026 
2323 939 100074 
2324 378 100089 
2325 171 100015 
2326 264 100067 
2327 507 100068 
2328 185 100013 
2329 762 100042 
2330 121 100034 
2331 498 100021 
2332 212 100035 
2333 174 100002 
2334 525 100008 
2335 592 100060 
2336 775 100017 
2337 44 100083 
2338 228 100047 
2339 388 100063 
2340 535 100009 
2341 200 100011 
2342 832 100027 
2343 945 100027 
2344 196 100057 
2345 483 100001 
2346 893 100078 
2347 789 100056 
2348 173 100015 
2349 118 100058 
2350 851 100019 
2351 574 100028 
2352 192 100030 
2353 902 100012 
2354 345 100090 
2355 485 100099 
2356 561 100094 
2357 544 100025 
2358 81 100046 
2359 100 100069 
2360 631 100068 
2361 523 100096 
2362 769 100093 
2363 897 100070 
2364 492 100055 
2365 858 100080 
2366 526 100099 
2367 523 100037 
2368 531 100048 
2369 113 100030 
2370 384 100090 
2371 665 100062 
2372 722 100078 
2373 597 100079 
2374 522 100063 
2375 424 100019 
2376 535 100006 
2377 991 100067 
2378 960 100059 
2379 35 100034 
2380 989 100051 
2381 599 100051 
2382 128 100026 
2383 314 100040 
2384 390 100078 
2385 698 100003 
2386 900 100064 
2387 702 100043 
2388 887 100055 
2389 541 100000 
2390 764 100010 
2391 64 100076 
2392 425 100038 
2393 289 100070 
2394 774 100028 
2395 735 100037 
2396 83 100011 
2397 487 100071 
2398 96 100050 
2399 248 100085 
2400 355 100054 
2401 379 100094 
2402 417 100094 
2403 742 100058 
2404 28 100046 
2405 3 100028 
2406 797 100068 
2407 977 100057 
2408 567 100021 
2409 503 100074 
2410 616 100073 
2411 848 100094 
2412 60 100074 
2413 192 100060 
2414 943 100087 
2415 993 100063 
2416 167 100042 
2417 754 100091 
2418 356 100014 
2419 773 100032 
2420 173 100035 
2421 420 100019 
2422 609 100008 
2423 263 100034 
2424 118 100059 
2425 236 100041 
2426 841 100029 
2427 515 100003 
2428 522 100010 
2429 565 100090 
2430 963 100039 
2431 297 100006 
2432 870 100047 
2433 842 100049 
2434 24 100091 
2435 856 100001 
2436 54 100018 
2437 450 100045 
2438 658 100098 
2439 197 100013 
2440 514 100044 
2441 308 100024 
2442 741 100053 
2443 404 100052 
2444 275 100053 
2445 34 100065 
2446 696 100020 
2447 83 100063 
2448 852 100064 
2449 335 100098 
2450 946 100010 
2451 411 100076 
2452 499 100094 
2453 922 100074 
2454 151 100054 
2455 952 100033 
2456 551 100080 
2457 795 100052 
2458 793 100051 
2459 806 100046 
2460 41 100083 
2461 899 100081 
2462 113 100065 
2463 204 100054 
2464 173 100019 
2465 637 100005 
2466 125 100046 
2467 866 100030 
2468 760 100037 
2469 889 100074 
2470 409 100005 
2471 900 100088 
2472 425 100090 
2473 925 100075 
2474 513 100001 
2475 174 100016 
2476 313 100034 
2477 20 100094 
2478 42 100030 
2479 95 100078 
2480 485 100098 
2481 81 100022 
2482 478 100039 
2483 840 100098 
2484 104 100001 
2485 674 100025 
2486 926 100098 
2487 844 100014 
2488 275 100043 
2489 839 100011 
2490 391 100046 
2491 455 100055 
2492 279 100044 
2493 41 100016 
2494 248 100080 
2495 865 100092 
2496 479 100034 
2497 861 100025 
2498 496 100021 
2499 266 100053 
2500 881 100062 
2501 161 100019 
2502 458 100017 
2503 413 100020 
2504 819 100087 
2505 571 100038 
2506 441 100083 
2507 703 100047 
2508 287 100051 
2509 7 100003 
2510 398 100078 
2511 510 100087 
2512 689 100031 
2513 519 100078 
2514 599 100081 
2515 988 100034 
2516 141 100038 
2517 186 100016 
2518 735 100047 
2519 562 100066 
2520 243 100030 
2521 479 100002 
2522 707 100035 
2523 647 100051 
2524 797 100061 
2525 233 100095 
2526 336 100004 
2527 393 100040 
2528 517 100072 
2529 714 100065 
2530 904 100022 
2531 425 100006 
2532 313 100047 
2533 521 100028 
2534 748 100059 
2535 481 100095 
2536 953 100087 
2537 830 100001 
2538 736 100050 
2539 310 100095 
2540 293 100014 
2541 147 100092 
2542 651 100023 
2543 263 100062 
2544 809 100098 
2545 82 100082 
2546 622 100040 
2547 702 100084 
2548 746 100098 
2549 259 100072 
2550 762 100013 
2551 532 100007 
2552 407 100079 
2553 724 100005 
2554 244 100096 
2555 942 100025 
2556 611 100040 
2557 441 100003 
2558 491 100082 
2559 236 100074 
2560 407 100046 
2561 443 100033 
2562 454 100023 
2563 966 100065 
2564 522 100059 
2565 490 100086 
2566 327 100009 
2567 671 100084 
2568 162 100030 
2569 350 100048 
2570 756 100034 
2571 580 100094 
2572 466 100093 
2573 615 100026 
2574 378 100065 
2575 851 100028 
2576 252 100005 
2577 738 100066 
2578 738 100060 
2579 174 100044 
2580 206 100026 
2581 924 100083 
2582 71 100052 
2583 367 100067 
2584 175 100096 
2585 102 100036 
2586 251 100023 
2587 635 100088 
2588 640 100030 
2589 297 100034 
2590 927 100024 
2591 265 100095 
2592 172 100014 
2593 609 100045 
2594 657 100042 
2595 178 100078 
2596 690 100002 
2597 612 100055 
2598 365 100001 
2599 48 100026 
2600 192 100064 
2601 746 100060 
2602 550 100067 
2603 113 100063 
2604 823 100075 
2605 364 100059 
2606 139 100060 
2607 346 100023 
2608 451 100047 
2609 534 100055 
2610 485 100069 
2611 221 100083 
2612 322 100073 
2613 318 100071 
2614 253 100040 
2615 534 100085 
2616 650 100096 
2617 492 100095 
2618 776 100090 
2619 847 100034 
2620 364 100024 
2621 666 100038 
2622 132 100083 
2623 721 100093 
2624 445 100090 
2625 964 100058 
2626 306 100046 
2627 333 100046 
2628 897 100069 
2629 126 100009 
2630 483 100046 
2631 516 100039 
2632 416 100042 
2633 66 100071 
2634 541 100049 
2635 964 100026 
2636 788 100032 
2637 729 100029 
2638 573 100040 
2639 619 100041 
2640 734 100069 
2641 703 100031 
2642 428 100072 
2643 235 100039 
2644 989 100063 
2645 801 100058 
2646 100 100050 
2647 911 100073 
2648 800 100095 
2649 279 100075 
2650 338 100027 
2651 298 100014 
2652 393 100040 
2653 588 100013 
2654 299 100088 
2655 68 100094 
2656 210 100068 
2657 779 100098 
2658 256 100039 
2659 510 100083 
2660 209 100018 
2661 145 100047 
2662 956 100068 
2663 962 100030 
2664 293 100022 
2665 815 100026 
2666 242 100076 
2667 686 100091 
2668 448 100048 
2669 359 100023 
2670 57 100009 
2671 535 100016 
2672 108 100001 
2673 788 100096 
2674 458 100023 
2675 696 100034 
2676 32 100035 
2677 652 100010 
2678 670 100028 
2679 922 100083 
2680 875 100073 
2681 7 100086 
2682 458 100065 
2683 923 100017 
2684 349 100008 
2685 190 100069 
2686 964 100074 
2687 873 100012 
2688 922 100002 
2689 958 100079 
2690 293 100061 
2691 38 100031 
2692 264 100015 
2693 205 100037 
2694 214 100047 
2695 75 100084 
2696 461 100034 
2697 57 100074 
2698 653 100049 
2699 294 100094 
2700 20 100068 
2701 350 100081 
2702 439 100079 
2703 406 100042 
2704 310 100096 
2705 166 100072 
2706 997 100040 
2707 187 100083 
2708 131 100088 
2709 16 100018 
2710 889 100016 
2711 688 100096 
2712 856 100094 
2713 299 100042 
2714 967 100040 
2715 419 100077 
2716 856 100003 
2717 697 100001 
2718 262 100049 
2719 729 100005 
2720 838 100023 
2721 839 100004 
2722 270 100028 
2723 604 100033 
2724 950 100034 
2725 673 100027 
2726 274 100031 
2727 663 100039 
2728 313 100009 
2729 856 100094 
2730 853 100030 
2731 317 100056 
2732 223 100086 
2733 589 100043 
2734 110 100043 
2735 599 100026 
2736 412 100099 
2737 997 100025 
2738 709 100006 
2739 437 100038 
2740 957 100023 
2741 772 100070 
2742 741 100044 
2743 865 100066 
2744 834 100086 
2745 452 100006 
2746 10 100000 
2747 385 100031 
2748 11 100029 
2749 165 100037 
2750 98 100001 
2751 716 100056 
2752 901 100080 
2753 828 100041 
2754 158 100025 
2755 817 100021 
2756 412 100069 
2757 662 100001 
2758 311 100000 
2759 293 100056 
2760 624 100063 
2761 443 100062 
2762 395 100057 
2763 755 100099 
2764 866 100084 
2765 421 100029 
2766 919 100035 
2767 523 100036 
2768 693 100045 
2769 624 100042 
2770 652 100001 
2771 565 100083 
2772 279 100029 
2773 305 100067 
2774 644 100078 
2775 29 100039 
2776 503 100046 
2777 473 100062 
2778 363 100049 
2779 102 100044 
2780 894 100070 
2781 369 100074 
2782 576 100042 
2783 441 100013 
2784 248 100027 
2785 29 100070 
2786 819 100014 
2787 141 100031 
2788 602 100011 
2789 75 100011 
2790 262 100055 
2791 141 100032 
2792 355 100008 
2793 707 100066 
2794 494 100037 
2795 247 100081 
2796 157 100040 
2797 222 100055 
2798 121 100085 
2799 761 100084 
2800 426 100014 
2801 352 100031 
2802 744 100089 
2803 948 100038 
2804 737 100015 
2805 607 100059 
2806 915 100093 
2807 451 100013 
2808 600 100041 
2809 795 100070 
2810 777 100024 
2811 442 100046 
2812 401 100038 
2813 366 100098 
2814 287 100088 
2815 329 100032 
2816 623 100009 
2817 652 100031 
2818 414 100045 
2819 223 100003 
2820 815 100040 
2821 289 100018 
2822 631 100062 
2823 457 100018 
2824 938 100060 
2825 719 100034 
2826 711 100094 
2827 858 100077 
2828 407 100088 
2829 479 100098 
2830 413 100000 
2831 882 100090 
2832 923 100046 
2833 373 100028 
2834 449 100066 
2835 882 100035 
2836 362 100039 
2837 758 100095 
2838 629 100085 
2839 84 100086 
2840 172 100082 
2841 898 100070 
2842 773 100007 
2843 820 100031 
2844 43 100074 
2845 260 100059 
2846 624 100068 
2847 891 100002 
2848 705 100067 
2849 567 100040 
2850 710 100005 
2851 768 100014 
2852 956 100068 
2853 672 100096 
2854 561 100011 
2855 879 100074 
2856 68 100075 
2857 48 100026 
2858 966 100020 
2859 420 100098 
2860 465 100059 
2861 953 100076 
2862 59 100036 
2863 694 100051 
2864 439 100029 
2865 958 100022 
2866 776 100081 
2867 622 100099 
2868 179 100087 
2869 613 100028 
2870 144 100079 
2871 679 100093 
2872 708 100011 
2873 493 100071 
2874 751 100088 
2875 933 100070 
2876 549 100092 
2877 770 100055 
2878 243 100096 
2879 80 100057 
2880 351 100027 
2881 838 100057 
2882 364 100090 
2883 688 100022 
2884 417 100064 
2885 847 100095 
2886 117 100037 
2887 784 100016 
2888 466 100082 
2889 222 100087 
2890 691 100055 
2891 732 100054 
2892 650 100053 
2893 819 100047 
2894 450 100069 
2895 580 100069 
2896 806 100087 
2897 267 100023 
2898 373 100096 
2899 337 100092 
2900 251 100026 
2901 812 100037 
2902 893 100013 
2903 597 100070 
2904 64 100047 
2905 565 100011 
2906 310 100041 
2907 237 100027 
2908 894 100026 
2909 993 100040 
2910 439 100094 
2911 496 100079 
2912 449 100063 
2913 754 100039 
2914 704 100084 
2915 390 100013 
2916 53 100070 
2917 279 100070 
2918 235 100048 
2919 75 100084 
2920 491 100083 
2921 104 100071 
2922 77 100075 
2923 899 100037 
2924 307 100070 
2925 62 100010 
2926 355 100083 
2927 989 100046 
2928 458 100036 
2929 126 100025 
2930 407 100041 
2931 859 100028 
2932 403 100048 
2933 532 100065 
2934 739 100068 
2935 989 100081 
2936 119 100038 
2937 194 100088 
2938 539 100020 
2939 155 100014 
2940 671 100039 
2941 792 100025 
2942 604 100040 
2943 858 100082 
2944 574 100042 
2945 587 100081 
2946 777 100055 
2947 867 100017 
2948 537 100043 
2949 120 100024 
2950 474 100028 
2951 353 100022 
2952 320 100084 
2953 887 100064 
2954 292 100077 
2955 945 100001 
2956 620 100051 
2957 146 100021 
2958 358 100062 
2959 481 100096 
2960 825 100005 
2961 837 100006 
2962 543 100050 
2963 163 100085 
2964 499 100005 
2965 725 100010 
2966 531 100085 
2967 249 100098 
2968 586 100041 
2969 363 100036 
2970 157 100012 
2971 792 100020 
2972 999 100043 
2973 272 100062 
2974 668 100024 
2975 687 100096 
2976 431 100012 
2977 744 100030 
2978 776 100015 
2979 398 100040 
2980 621 100012 
2981 913 100059 
2982 443 100045 
2983 585 100070 
2984 497 100052 
2985 699 100025 
2986 665 100047 
2987 917 100091 
2988 637 100078 
2989 822 100036 
2990 226 100063 
2991 799 100013 
2992 355 100068 
2993 545 100096 
2994 589 100037 
2995 1 100053 
2996 930 100073 
2997 47 100096 
2998 749 100059 
2999 903 100002 
3000 841 100054 
3001 905 100033 
3002 333 100001 
3003 851 100083 
3004 16 100002 
3005 457 100079 
3006 669 100057 
3007 654 100024 
3008 387 100029 
3009 2 100072 
3010 500 100081 
3011 520 100093 
3012 608 100084 
3013 971 100043 
3014 133 100063 
3015 692 100061 
3016 285 100071 
3017 659 100002 
3018 20 100087 
3019 791 100088 
3020 909 100045 
3021 387 100043 
3022 880 100028 
3023 744 100096 
3024 922 100083 
3025 929 100014 
3026 296 100061 
3027 503 100011 
3028 481 100072 
3029 273 100029 
3030 64 100086 
3031 887 100087 
3032 555 100058 
3033 539 100010 
3034 595 100092 
3035 637 100017 
3036 312 100000 
3037 234 100080 
3038 543 100060 
3039 736 100090 
3040 923 100065 
3041 889 100058 
3042 550 100063 
3043 553 100008 
3044 682 100071 
3045 253 100034 
3046 57 100086 
3047 450 100045 
3048 989 100041 
3049 367 100087 
3050 629 100036 
3051 641 100002 
3052 44 100090 
3053 905 100074 
3054 639 100079 
3055 715 100057 
3056 419 100097 
3057 982 100012 
3058 241 100018 
3059 979 100056 
3060 232 100099 
3061 644 100042 
3062 629 100086 
3063 434 100043 
3064 592 100034 
3065 643 100063 
3066 230 100063 
3067 390 100092 
3068 951 100033 
3069 156 100054 
3070 652 100007 
3071 445 100086 
3072 751 100069 
3073 36 100016 
3074 782 100011 
3075 96 100045 
3076 373 100085 
3077 160 100077 
3078 223 100051 
3079 603 100020 
3080 833 100038 
3081 489 100096 
3082 835 100082 
3083 825 100067 
3084 468 100079 
3085 695 100026 
3086 552 100015 
3087 113 100065 
3088 649 100022 
3089 879 100030 
3090 448 100044 
3091 998 100002 
3092 950 100013 
3093 511 100044 
3094 51 100071 
3095 56 100081 
3096 986 100025 
3097 406 100061 
3098 671 100012 
3099 165 100090 
3100 678 100053 
3101 911 100007 
3102 554 100019 
3103 748 100041 
3104 494 100031 
3105 148 100011 
3106 211 100008 
3107 622 100017 
3108 943 100082 
3109 996 100005 
3110 686 100025 
3111 182 100065 
3112 752 100046 
3113 711 100025 
3114 127 100009 
3115 871 100034 
3116 202 100019 
3117 734 100033 
3118 987 100016 
3119 354 100070 
3120 738 100010 
3121 990 100025 
3122 684 100024 
3123 775 100086 
3124 524 100057 
3125 211 100017 
3126 211 100045 
3127 552 100085 
3128 543 100079 
3129 191 100018 
3130 958 100021 
3131 699 100054 
3132 517 100037 
3133 298 100097 
3134 9 100049 
3135 478 100041 
3136 929 100037 
3137 712 100065 
3138 998 100005 
3139 259 100038 
3140 32 100082 
3141 288 100048 
3142 295 100043 
3143 147 100048 
3144 803 100098 
3145 505 100039 
3146 880 100081 
3147 197 100003 
3148 105 100018 
3149 262 100021 
3150 671 100030 
3151 797 100042 
3152 959 100097 
3153 512 100091 
3154 318 100016 
3155 15 100001 
3156 825 100021 
3157 832 100055 
3158 413 100040 
3159 931 100027 
3160 295 100088 
3161 452 100079 
3162 466 100040 
3163 1000 100080 
3164 43 100095 
3165 229 100074 
3166 818 100043 
3167 483 100016 
3168 727 100050 
3169 201 100012 
3170 527 100048 
3171 206 100018 
3172 634 100038 
3173 965 100076 
3174 937 100083 
3175 292 100093 
3176 481 100076 
3177 561 100044 
3178 15 100070 
3179 864 100046 
3180 767 100064 
3181 6 100005 
3182 109 100097 
3183 235 100051 
3184 807 100059 
3185 16 100066 
3186 141 100046 
3187 421 100053 
3188 614 100072 
3189 261 100029 
3190 376 100001 
3191 241 100083 
3192 452 100056 
3193 565 100077 
3194 436 100024 
3195 499 100040 
3196 569 100073 
3197 474 100016 
3198 109 100003 
3199 802 100048 
3200 986 100042 
3201 719 100082 
3202 565 100017 
3203 880 100083 
3204 91 100028 
3205 963 100076 
3206 590 100060 
3207 887 100012 
3208 955 100082 
3209 365 100074 
3210 804 100001 
3211 427 100051 
3212 981 100030 
3213 318 100017 
3214 557 100009 
3215 52 100091 
3216 107 100085 
3217 604 100085 
3218 698 100001 
3219 530 100092 
3220 987 100054 
3221 723 100055 
3222 157 100038 
3223 905 100065 
3224 444 100007 
3225 691 100075 
3226 171 100037 
3227 765 100039 
3228 535 100034 
3229 831 100026 
3230 297 100020 
3231 348 100031 
3232 495 100097 
3233 210 100081 
3234 817 100034 
3235 672 100099 
3236 715 100014 
3237 169 100056 
3238 499 100087 
3239 876 100090 
3240 449 100003 
3241 573 100024 
3242 110 100072 
3243 916 100075 
3244 114 100054 
3245 632 100077 
3246 206 100059 
3247 423 100037 
3248 267 100049 
3249 164 100047 
3250 229 100096 
3251 878 100037 
3252 47 100039 
3253 521 100033 
3254 668 100049 
3255 140 100034 
3256 871 100037 
3257 14 100013 
3258 152 100071 
3259 181 100071 
3260 572 100082 
3261 109 100040 
3262 903 100010 
3263 201 100044 
3264 633 100015 
3265 985 100000 
3266 610 100036 
3267 512 100065 
3268 499 100043 
3269 208 100068 
3270 707 100094 
3271 700 100041 
3272 762 100019 
3273 10 100006 
3274 22 100013 
3275 748 100072 
3276 399 100034 
3277 306 100045 
3278 633 100073 
3279 413 100081 
3280 446 100061 
3281 882 100054 
3282 877 100001 
3283 65 100028 
3284 827 100060 
3285 176 100035 
3286 236 100081 
3287 761 100040 
3288 22 100043 
3289 134 100071 
3290 3 100022 
3291 780 100098 
3292 665 100081 
3293 419 100019 
3294 927 100037 
3295 224 100091 
3296 918 100008 
3297 460 100075 
3298 273 100060 
3299 93 100009 
3300 963 100079 
3301 207 100089 
3302 700 100062 
3303 551 100079 
3304 831 100090 
3305 804 100072 
3306 211 100031 
3307 298 100008 
3308 188 100033 
3309 612 100025 
3310 213 100001 
3311 349 100079 
3312 749 100068 
3313 196 100057 
3314 811 100076 
3315 858 100077 
3316 247 100023 
3317 456 100029 
3318 374 100086 
3319 777 100061 
3320 289 100091 
3321 130 100093 
3322 483 100031 
3323 450 100086 
3324 445 100036 
3325 626 100013 
3326 896 100001 
3327 426 100004 
3328 22 100053 
3329 212 100018 
3330 998 100072 
3331 26 100016 
3332 746 100090 
3333 463 100093 
3334 223 100072 
3335 132 100038 
3336 608 100032 
3337 378 100090 
3338 94 100054 
3339 631 100069 
3340 360 100034 
3341 815 100030 
3342 395 100054 
3343 632 100003 
3344 511 100030 
3345 194 100005 
3346 902 100063 
3347 617 100052 
3348 690 100074 
3349 393 100036 
3350 681 100064 
3351 20 100032 
3352 511 100039 
3353 130 100067 
3354 577 100088 
3355 942 100001 
3356 825 100097 
3357 873 100084 
3358 123 100055 
3359 102 100056 
3360 803 100080 
3361 185 100049 
3362 336 100094 
3363 477 100084 
3364 169 100008 
3365 680 100026 
3366 587 100007 
3367 685 100076 
3368 964 100041 
3369 653 100032 
3370 719 100090 
3371 843 100009 
3372 700 100047 
3373 979 100018 
3374 179 100020 
3375 398 100070 
3376 373 100091 
3377 693 100072 
3378 24 100071 
3379 575 100094 
3380 661 100092 
3381 970 100074 
3382 735 100023 
3383 858 100088 
3384 273 100066 
3385 552 100029 
3386 12 100003 
3387 849 100022 
3388 61 100017 
3389 801 100094 
3390 464 100057 
3391 77 100081 
3392 891 100099 
3393 163 100009 
3394 944 100057 
3395 494 100090 
3396 112 100077 
3397 401 100010 
3398 769 100030 
3399 919 100016 
3400 932 100030 
3401 861 100090 
3402 45 100099 
3403 21 100015 
3404 296 100011 
3405 464 100035 
3406 676 100091 
3407 503 100058 
3408 631 100075 
3409 157 100091 
3410 606 100033 
3411 492 100077 
3412 719 100008 
3413 187 100097 
3414 165 100072 
3415 761 100087 
3416 719 100024 
3417 842 100076 
3418 878 100070 
3419 899 100073 
3420 24 100029 
3421 602 100013 
3422 862 100017 
3423 615 100021 
3424 494 100005 
3425 265 100056 
3426 958 100041 
3427 942 100023 
3428 342 100094 
3429 243 100019 
3430 192 100059 
3431 572 100070 
3432 487 100033 
3433 977 100033 
3434 657 100029 
3435 118 100047 
3436 923 100043 
3437 613 100020 
3438 767 100051 
3439 897 100069 
3440 892 100051 
3441 362 100099 
3442 355 100095 
3443 464 100011 
3444 665 100052 
3445 461 100020 
3446 22 100045 
3447 84 100069 
3448 968 100089 
3449 784 100082 
3450 852 100027 
3451 995 100042 
3452 35 100020 
3453 468 100020 
3454 877 100074 
3455 539 100070 
3456 461 100085 
3457 892 100016 
3458 393 100014 
3459 125 100054 
3460 164 100037 
3461 982 100032 
3462 297 100069 
3463 516 100019 
3464 670 100080 
3465 658 100036 
3466 979 100069 
3467 621 100074 
3468 974 100061 
3469 835 100025 
3470 372 100065 
3471 199 100070 
3472 309 100089 
3473 971 100035 
3474 981 100075 
3475 938 100015 
3476 3 100032 
3477 808 100015 
3478 672 100056 
3479 857 100044 
3480 573 100089 
3481 235 100089 
3482 521 100097 
3483 690 100054 
3484 550 100094 
3485 358 100079 
3486 703 100064 
3487 970 100094 
3488 312 100005 
3489 339 100092 
3490 570 100045 
3491 363 100014 
3492 385 100024 
3493 721 100069 
3494 852 100001 
3495 431 100045 
3496 785 100010 
3497 200 100082 
3498 346 100041 
3499 716 100026 
3500 128 100050 
3501 649 100094 
3502 42 100099 
3503 591 100076 
3504 890 100047 
3505 192 100078 
3506 500 100072 
3507 515 100093 
3508 596 100050 
3509 884 100074 
3510 451 100024 
3511 97 100049 
3512 942 100041 
3513 195 100056 
3514 963 100008 
3515 455 100007 
3516 928 100075 
3517 32 100090 
3518 922 100079 
3519 563 100048 
3520 127 100029 
3521 623 100051 
3522 928 100068 
3523 791 100089 
3524 439 100074 
3525 157 100026 
3526 49 100025 
3527 444 100049 
3528 455 100071 
3529 242 100009 
3530 807 100047 
3531 424 100024 
3532 642 100079 
3533 1000 100059 
3534 58 100043 
3535 810 100025 
3536 426 100063 
3537 123 100066 
3538 386 100090 
3539 730 100045 
3540 717 100071 
3541 584 100081 
3542 872 100036 
3543 316 100001 
3544 378 100035 
3545 256 100015 
3546 539 100021 
3547 627 100019 
3548 946 100079 
3549 588 100021 
3550 646 100099 
3551 831 100024 
3552 753 100083 
3553 512 100055 
3554 868 100065 
3555 297 100067 
3556 763 100074 
3557 809 100035 
3558 583 100030 
3559 276 100008 
3560 889 100067 
3561 961 100080 
3562 666 100082 
3563 836 100001 
3564 196 100023 
3565 831 100048 
3566 787 100095 
3567 927 100021 
3568 870 100015 
3569 170 100094 
3570 93 100025 
3571 568 100011 
3572 358 100052 
3573 557 100097 
3574 911 100042 
3575 409 100019 
3576 626 100057 
3577 721 100006 
3578 768 100018 
3579 446 100052 
3580 35 100050 
3581 71 100085 
3582 861 100040 
3583 150 100090 
3584 110 100008 
3585 341 100012 
3586 502 100014 
3587 963 100046 
3588 104 100091 
3589 278 100017 
3590 926 100073 
3591 758 100005 
3592 463 100078 
3593 4 100012 
3594 810 100094 
3595 238 100096 
3596 765 100057 
3597 872 100098 
3598 662 100061 
3599 864 100042 
3600 86 100034 
3601 741 100027 
3602 981 100021 
3603 645 100051 
3604 974 100091 
3605 34 100000 
3606 40 100065 
3607 696 100006 
3608 493 100054 
3609 470 100097 
3610 587 100065 
3611 879 100064 
3612 620 100064 
3613 492 100004 
3614 269 100002 
3615 904 100071 
3616 984 100097 
3617 759 100044 
3618 965 100037 
3619 467 100075 
3620 828 100046 
3621 836 100026 
3622 992 100024 
3623 451 100068 
3624 216 100088 
3625 340 100015 
3626 79 100039 
3627 462 100065 
3628 942 100019 
3629 681 100039 
3630 67 100064 
3631 290 100017 
3632 457 100084 
3633 677 100063 
3634 19 100026 
3635 80 100026 
3636 510 100082 
3637 168 100004 
3638 282 100050 
3639 283 100012 
3640 164 100013 
3641 441 100093 
3642 939 100016 
3643 247 100070 
3644 533 100034 
3645 201 100056 
3646 870 100038 
3647 76 100001 
3648 149 100064 
3649 13 100012 
3650 698 100029 
3651 297 100043 
3652 343 100044 
3653 562 100028 
3654 467 100053 
3655 987 100084 
3656 853 100022 
3657 129 100054 
3658 67 100009 
3659 85 100040 
3660 630 100064 
3661 610 100045 
3662 785 100024 
3663 968 100099 
3664 407 100013 
3665 466 100075 
3666 287 100025 
3667 154 100090 
3668 317 100036 
3669 631 100027 
3670 774 100003 
3671 512 100024 
3672 295 100024 
3673 184 100096 
3674 674 100001 
3675 54 100070 
3676 582 100031 
3677 839 100067 
3678 633 100039 
3679 514 100038 
3680 637 100011 
3681 984 100057 
3682 525 100034 
3683 38 100064 
3684 483 100001 
3685 169 100066 
3686 359 100099 
3687 917 100056 
3688 765 100098 
3689 746 100062 
3690 660 100004 
3691 707 100021 
3692 487 100057 
3693 84 100079 
3694 657 100033 
3695 879 100010 
3696 538 100054 
3697 907 100096 
3698 744 100020 
3699 115 100009 
3700 764 100065 
3701 182 100023 
3702 995 100026 
3703 967 100054 
3704 909 100015 
3705 115 100076 
3706 253 100015 
3707 547 100032 
3708 29 100026 
3709 429 100031 
3710 894 100072 
3711 939 100040 
3712 41 100029 
3713 240 100097 
3714 109 100088 
3715 458 100016 
3716 205 100022 
3717 145 100000 
3718 157 100026 
3719 770 100033 
3720 913 100046 
3721 184 100018 
3722 666 100045 
3723 272 100008 
3724 790 100048 
3725 31 100017 
3726 667 100072 
3727 690 100008 
3728 672 100085 
3729 394 100085 
3730 263 100033 
3731 250 100021 
3732 867 100025 
3733 798 100031 
3734 562 100069 
3735 346 100067 
3736 263 100048 
3737 196 100007 
3738 423 100062 
3739 727 100040 
3740 341 100033 
3741 612 100079 
3742 260 100035 
3743 847 100049 
3744 305 100078 
3745 188 100050 
3746 971 100031 
3747 565 100098 
3748 808 100014 
3749 569 100078 
3750 197 100026 
3751 834 100008 
3752 265 100085 
3753 138 100041 
3754 295 100074 
3755 579 100061 
3756 822 100090 
3757 226 100079 
3758 310 100003 
3759 703 100044 
3760 113 100032 
3761 212 100042 
3762 924 100027 
3763 927 100028 
3764 481 100068 
3765 654 100087 
3766 170 100046 
3767 630 100077 
3768 916 100032 
3769 56 100071 
3770 262 100038 
3771 969 100015 
3772 948 100075 
3773 860 100067 
3774 724 100027 
3775 934 100000 
3776 148 100074 
3777 13 100047 
3778 302 100072 
3779 518 100082 
3780 746 100036 
3781 730 100076 
3782 54 100044 
3783 332 100014 
3784 612 100059 
3785 641 100097 
3786 136 100077 
3787 373 100073 
3788 501 100056 
3789 14 100073 
3790 563 100056 
3791 143 100002 
3792 167 100038 
3793 891 100047 
3794 574 100014 
3795 84 100033 
3796 759 100026 
3797 431 100087 
3798 917 100064 
3799 494 100066 
3800 125 100088 
3801 154 100007 
3802 154 100047 
3803 26 100023 
3804 707 100048 
3805 828 100036 
3806 502 100076 
3807 823 100069 
3808 35 100034 
3809 59 100032 
3810 216 100021 
3811 214 100064 
3812 724 100042 
3813 3 100002 
3814 329 100050 
3815 737 100093 
3816 723 100096 
3817 677 100013 
3818 176 100073 
3819 29 100091 
3820 883 100005 
3821 475 100055 
3822 425 100005 
3823 698 100038 
3824 31 100086 
3825 623 100096 
3826 838 100014 
3827 847 100013 
3828 517 100080 
3829 529 100088 
3830 825 100055 
3831 888 100096 
3832 738 100042 
3833 480 100047 
3834 725 100094 
3835 10 100078 
3836 138 100069 
3837 805 100052 
3838 617 100039 
3839 779 100076 
3840 830 100044 
3841 477 100013 
3842 790 100088 
3843 372 100024 
3844 581 100059 
3845 109 100064 
3846 214 100054 
3847 768 100027 
3848 390 100072 
3849 230 100057 
3850 357 100058 
3851 820 100062 
3852 330 100040 
3853 912 100086 
3854 9 100032 
3855 215 100096 
3856 684 100058 
3857 952 100021 
3858 260 100091 
3859 145 100074 
3860 754 100065 
3861 844 100084 
3862 878 100031 
3863 141 100005 
3864 59 100060 
3865 723 100000 
3866 389 100041 
3867 272 100035 
3868 224 100012 
3869 887 100012 
3870 214 100090 
3871 737 100090 
3872 180 100029 
3873 844 100022 
3874 683 100032 
3875 593 100054 
3876 374 100035 
3877 56 100039 
3878 156 100094 
3879 178 100079 
3880 460 100083 
3881 835 100086 
3882 8 100064 
3883 74 100000 
3884 528 100003 
3885 254 100028 
3886 667 100072 
3887 718 100065 
3888 948 100069 
3889 853 100046 
3890 543 100066 
3891 505 100041 
3892 311 100064 
3893 807 100033 
3894 189 100060 
3895 796 100044 
3896 623 100021 
3897 266 100088 
3898 114 100026 
3899 565 100046 
3900 309 100027 
3901 897 100053 
3902 965 100059 
3903 10 100057 
3904 350 100094 
3905 983 100040 
3906 405 100085 
3907 28 100055 
3908 975 100067 
3909 219 100082 
3910 900 100076 
3911 631 100097 
3912 302 100042 
3913 44 100086 
3914 584 100087 
3915 726 100084 
3916 837 100041 
3917 308 100079 
3918 495 100045 
3919 745 100075 
3920 312 100016 
3921 655 100088 
3922 408 100049 
3923 840 100063 
3924 915 100095 
3925 634 100022 
3926 446 100022 
3927 350 100045 
3928 478 100069 
3929 526 100024 
3930 37 100031 
3931 448 100091 
3932 75 100056 
3933 36 100070 
3934 317 100092 
3935 86 100043 
3936 836 100022 
3937 352 100093 
3938 812 100083 
3939 799 100081 
3940 327 100009 
3941 223 100052 
3942 974 100087 
3943 606 100073 
3944 715 100079 
3945 155 100059 
3946 326 100015 
3947 489 100006 
3948 434 100095 
3949 43 100030 
3950 691 100043 
3951 422 100028 
3952 63 100069 
3953 349 100081 
3954 358 100030 
3955 69 100058 
3956 495 100081 
3957 894 100094 
3958 848 100066 
3959 971 100040 
3960 601 100076 
3961 14 100025 
3962 750 100090 
3963 571 100070 
3964 776 100077 
3965 383 100019 
3966 967 100063 
3967 508 100034 
3968 965 100037 
3969 444 100099 
3970 209 100058 
3971 248 100058 
3972 983 100027 
3973 140 100011 
3974 961 100055 
3975 808 100087 
3976 868 100008 
3977 901 100039 
3978 418 100029 
3979 930 100050 
3980 183 100075 
3981 371 100085 
3982 834 100079 
3983 925 100015 
3984 282 100057 
3985 872 100051 
3986 770 100063 
3987 433 100040 
3988 867 100002 
3989 635 100063 
3990 844 100055 
3991 242 100098 
3992 888 100002 
3993 316 100054 
3994 501 100070 
3995 195 100035 
3996 876 100049 
3997 19 100048 
3998 226 100011 
3999 205 100092 
4000 690 100023 
4001 6 100081 
4002 900 100002 
4003 183 100013 
4004 718 100039 
4005 137 100070 
4006 702 100008 
4007 245 100087 
4008 737 100000 
4009 605 100036 
4010 875 100011 
4011 226 100061 
4012 251 100034 
4013 843 100096 
4014 114 100043 
4015 495 100083 
4016 561 100089 
4017 56 100029 
4018 780 100098 
4019 884 100056 
4020 574 100094 
4021 369 100056 
4022 186 100028 
4023 228 100069 
4024 395 100044 
4025 157 100063 
4026 305 100011 
4027 827 100071 
4028 112 100064 
4029 1000 100033 
4030 543 100072 
4031 784 100092 
4032 66 100020 
4033 204 100099 
4034 229 100076 
4035 661 100058 
4036 5 100035 
4037 911 100054 
4038 148 100035 
4039 460 100094 
4040 865 100079 
4041 745 100097 
4042 178 100067 
4043 65 100053 
4044 215 100073 
4045 316 100099 
4046 84 100029 
4047 364 100014 
4048 115 100044 
4049 676 100087 
4050 491 100046 
4051 278 100074 
4052 937 100082 
4053 727 100042 
4054 841 100035 
4055 928 100002 
4056 969 100064 
4057 676 100004 
4058 562 100086 
4059 689 100056 
4060 116 100086 
4061 949 100026 
4062 118 100050 
4063 799 100098 
4064 518 100072 
4065 14 100033 
4066 955 100094 
4067 698 100049 
4068 100 100050 
4069 509 100037 
4070 92 100026 
4071 733 100071 
4072 277 100021 
4073 338 100066 
4074 278 100016 
4075 814 100044 
4076 91 100067 
4077 822 100026 
4078 775 100028 
4079 892 100024 
4080 921 100090 
4081 877 100029 
4082 448 100015 
4083 942 100002 
4084 531 100048 
4085 30 100019 
4086 874 100019 
4087 519 100010 
4088 851 100068 
4089 311 100009 
4090 642 100001 
4091 638 100008 
4092 840 100071 
4093 267 100067 
4094 414 100065 
4095 159 100078 
4096 438 100080 
4097 981 100039 
4098 414 100030 
4099 821 100094 
4100 931 100056 
4101 884 100076 
4102 438 100063 
4103 546 100053 
4104 821 100074 
4105 167 100019 
4106 464 100078 
4107 306 100045 
4108 318 100020 
4109 760 100074 
4110 917 100011 
4111 78 100015 
4112 762 100039 
4113 99 100099 
4114 666 100070 
4115 44 100096 
4116 302 100086 
4117 949 100056 
4118 476 100020 
4119 41 100056 
4120 184 100063 
4121 135 100070 
4122 487 100098 
4123 817 100026 
4124 59 100028 
4125 545 100017 
4126 600 100002 
4127 875 100053 
4128 329 100038 
4129 17 100061 
4130 424 100051 
4131 719 100089 
4132 177 100009 
4133 948 100016 
4134 513 100036 
4135 601 100034 
4136 144 100078 
4137 801 100001 
4138 248 100093 
4139 829 100024 
4140 321 100007 
4141 539 100081 
4142 819 100060 
4143 466 100048 
4144 895 100035 
4145 973 100061 
4146 875 100089 
4147 226 100061 
4148 567 100007 
4149 661 100058 
4150 432 100090 
4151 109 100008 
4152 793 100048 
4153 35 100039 
4154 265 100067 
4155 339 100054 
4156 974 100019 
4157 953 100031 
4158 419 100035 
4159 345 100081 
4160 288 100064 
4161 690 100055 
4162 615 100060 
4163 616 100051 
4164 926 100014 
4165 188 100059 
4166 54 100059 
4167 763 100029 
4168 215 100013 
4169 296 100086 
4170 590 100037 
4171 790 100013 
4172 908 100099 
4173 886 100077 
4174 884 100026 
4175 426 100032 
4176 160 100046 
4177 484 100068 
4178 72 100085 
4179 605 100079 
4180 73 100058 
4181 94 100076 
4182 622 100074 
4183 724 100038 
4184 518 100057 
4185 812 100041 
4186 153 100034 
4187 523 100064 
4188 184 100038 
4189 712 100020 
4190 680 100006 
4191 273 100096 
4192 211 100053 
4193 199 100038 
4194 163 100015 
4195 687 100070 
4196 115 100005 
4197 13 100039 
4198 805 100051 
4199 607 100030 
4200 233 100000 
4201 739 100092 
4202 721 100062 
4203 478 100048 
4204 414 100085 
4205 483 100085 
4206 605 100026 
4207 748 100097 
4208 172 100068 
4209 279 100014 
4210 356 100007 
4211 184 100028 
4212 2 100005 
4213 439 100010 
4214 605 100042 
4215 510 100054 
4216 814 100025 
4217 242 100042 
4218 511 100086 
4219 939 100028 
4220 170 100048 
4221 129 100066 
4222 783 100066 
4223 85 100057 
4224 505 100085 
4225 137 100025 
4226 245 100020 
4227 965 100084 
4228 232 100080 
4229 431 100063 
4230 677 100032 
4231 478 100041 
4232 568 100058 
4233 371 100009 
4234 841 100041 
4235 957 100005 
4236 224 100022 
4237 39 100041 
4238 497 100030 
4239 288 100029 
4240 964 100098 
4241 655 100097 
4242 485 100026 
4243 321 100055 
4244 259 100076 
4245 633 100088 
4246 358 100096 
4247 754 100084 
4248 618 100045 
4249 292 100096 
4250 379 100091 
4251 632 100026 
4252 35 100072 
4253 834 100032 
4254 439 100027 
4255 10 100055 
4256 123 100004 
4257 991 100007 
4258 53 100093 
4259 633 100088 
4260 525 100049 
4261 273 100011 
4262 415 100090 
4263 919 100071 
4264 489 100095 
4265 8 100047 
4266 63 100020 
4267 242 100060 
4268 441 100083 
4269 349 100077 
4270 734 100087 
4271 687 100067 
4272 704 100062 
4273 804 100028 
4274 995 100053 
4275 17 100000 
4276 11 100021 
4277 987 100038 
4278 329 100031 
4279 65 100017 
4280 769 100067 
4281 659 100078 
4282 348 100053 
4283 941 100063 
4284 869 100064 
4285 932 100062 
4286 433 100085 
4287 331 100004 
4288 744 100050 
4289 82 100018 
4290 611 100027 
4291 700 100094 
4292 769 100058 
4293 756 100011 
4294 930 100089 
4295 907 100034 
4296 991 100038 
4297 41 100081 
4298 99 100009 
4299 726 100058 
4300 882 100026 
4301 947 100013 
4302 141 100038 
4303 649 100047 
4304 103 100006 
4305 565 100027 
4306 944 100074 
4307 567 100051 
4308 147 100033 
4309 606 100052 
4310 997 100019 
4311 587 100067 
4312 349 100041 
4313 566 100008 
4314 474 100048 
4315 488 100025 
4316 662 100072 
4317 182 100033 
4318 701 100000 
4319 342 100011 
4320 41 100015 
4321 890 100077 
4322 726 100075 
4323 470 100022 
4324 413 100054 
4325 63 100060 
4326 903 100062 
4327 50 100016 
4328 991 100094 
4329 278 100079 
4330 157 100099 
4331 992 100085 
4332 571 100077 
4333 633 100013 
4334 717 100006 
4335 430 100045 
4336 314 100053 
4337 795 100054 
4338 81 100073 
4339 316 100000 
4340 882 100077 
4341 786 100026 
4342 403 100088 
4343 831 100004 
4344 979 100017 
4345 422 100070 
4346 215 100013 
4347 282 100090 
4348 790 100026 
4349 265 100051 
4350 730 100036 
4351 124 100045 
4352 630 100051 
4353 406 100044 
4354 927 100092 
4355 742 100012 
4356 520 100033 
4357 251 100008 
4358 886 100051 
4359 404 100056 
4360 980 100060 
4361 825 100025 
4362 916 100066 
4363 841 100023 
4364 259 100063 
4365 664 100058 
4366 96 100094 
4367 885 100029 
4368 217 100079 
4369 54 100077 
4370 833 100036 
4371 728 100011 
4372 154 100087 
4373 199 100057 
4374 291 100034 
4375 125 100023 
4376 934 100081 
4377 499 100096 
4378 977 100090 
4379 778 100005 
4380 166 100091 
4381 84 100045 
4382 705 100065 
4383 220 100080 
4384 510 100099 
4385 751 100028 
4386 885 100093 
4387 813 100013 
4388 979 100079 
4389 896 100080 
4390 726 100018 
4391 736 100089 
4392 748 100045 
4393 744 100011 
4394 953 100082 
4395 688 100047 
4396 155 100072 
4397 96 100018 
4398 595 100052 
4399 894 100084 
4400 787 100032 
4401 93 100040 
4402 646 100024 
4403 482 100060 
4404 400 100073 
4405 580 100039 
4406 756 100081 
4407 863 100056 
4408 316 100072 
4409 4 100067 
4410 528 100009 
4411 913 100014 
4412 134 100028 
4413 560 100000 
4414 82 100088 
4415 287 100093 
4416 546 100014 
4417 700 100015 
4418 233 100072 
4419 91 100011 
4420 30 100096 
4421 765 100077 
4422 496 100018 
4423 630 100093 
4424 208 100029 
4425 820 100046 
4426 131 100087 
4427 583 100093 
4428 451 100024 
4429 97 100007 
4430 857 100092 
4431 235 100044 
4432 560 100084 
4433 665 100048 
4434 441 100038 
4435 611 100076 
4436 671 100094 
4437 681 100010 
4438 214 100005 
4439 67 100023 
4440 397 100098 
4441 938 100021 
4442 965 100004 
4443 878 100021 
4444 853 100055 
4445 517 100095 
4446 668 100011 
4447 5 100089 
4448 378 100031 
4449 14 100011 
4450 866 100036 
4451 975 100092 
4452 352 100017 
4453 811 100006 
4454 147 100075 
4455 872 100063 
4456 600 100093 
4457 932 100020 
4458 907 100021 
4459 908 100097 
4460 986 100043 
4461 170 100084 
4462 311 100076 
4463 122 100083 
4464 418 100031 
4465 889 100055 
4466 841 100060 
4467 771 100050 
4468 397 100082 
4469 783 100061 
4470 875 100079 
4471 337 100060 
4472 459 100027 
4473 453 100032 
4474 408 100009 
4475 387 100034 
4476 668 100098 
4477 187 100030 
4478 912 100048 
4479 845 100047 
4480 133 100068 
4481 141 100034 
4482 474 100093 
4483 2 100094 
4484 306 100000 
4485 554 100071 
4486 209 100033 
4487 612 100036 
4488 779 100000 
4489 105 100083 
4490 193 100025 
4491 223 100079 
4492 952 100049 
4493 996 100069 
4494 104 100073 
4495 203 100072 
4496 39 100018 
4497 590 100031 
4498 39 100056 
4499 849 100005 
4500 211 100045 
4501 878 100000 
4502 881 100073 
4503 427 100055 
4504 411 100071 
4505 68 100042 
4506 384 100011 
4507 325 100065 
4508 667 100080 
4509 329 100045 
4510 213 100058 
4511 808 100098 
4512 404 100052 
4513 240 100046 
4514 718 100016 
4515 491 100055 
4516 547 100083 
4517 897 100036 
4518 263 100016 
4519 42 100030 
4520 305 100017 
4521 706 100094 
4522 188 100097 
4523 665 100000 
4524 383 100023 
4525 718 100078 
4526 330 100060 
4527 39 100003 
4528 751 100063 
4529 784 100071 
4530 907 100085 
4531 470 100087 
4532 248 100027 
4533 598 100055 
4534 16 100017 
4535 302 100036 
4536 224 100015 
4537 560 100009 
4538 351 100014 
4539 87 100031 
4540 577 100033 
4541 207 100056 
4542 684 100081 
4543 365 100044 
4544 486 100055 
4545 840 100006 
4546 57 100007 
4547 923 100074 
4548 204 100085 
4549 393 100073 
4550 232 100092 
4551 91 100006 
4552 908 100058 
4553 560 100017 
4554 773 100019 
4555 794 100034 
4556 621 100007 
4557 369 100067 
4558 78 100051 
4559 622 100068 
4560 812 100056 
4561 838 100095 
4562 444 100023 
4563 73 100055 
4564 197 100064 
4565 574 100094 
4566 562 100082 
4567 421 100048 
4568 848 100061 
4569 112 100020 
4570 658 100071 
4571 455 100042 
4572 743 100073 
4573 887 100059 
4574 637 100057 
4575 726 100088 
4576 940 100050 
4577 389 100082 
4578 873 100032 
4579 58 100091 
4580 853 100002 
4581 881 100054 
4582 970 100018 
4583 159 100081 
4584 394 100082 
4585 731 100088 
4586 107 100034 
4587 817 100047 
4588 691 100047 
4589 332 100036 
4590 251 100040 
4591 512 100055 
4592 483 100064 
4593 193 100075 
4594 547 100058 
4595 835 100037 
4596 17 100033 
4597 303 100013 
4598 932 100012 
4599 446 100006 
4600 228 100043 
4601 269 100063 
4602 843 100020 
4603 405 100032 
4604 308 100036 
4605 382 100090 
4606 871 100071 
4607 192 100003 
4608 246 100059 
4609 550 100034 
4610 935 100061 
4611 79 100034 
4612 982 100074 
4613 282 100040 
4614 669 100068 
4615 989 100046 
4616 883 100014 
4617 810 100007 
4618 847 100006 
4619 375 100085 
4620 352 100078 
4621 241 100002 
4622 139 100082 
4623 996 100052 
4624 87 100095 
4625 289 100055 
4626 448 100086 
4627 92 100010 
4628 166 100084 
4629 568 100037 
4630 9 100083 
4631 754 100049 
4632 811 100095 
4633 207 100015 
4634 66 100047 
4635 579 100052 
4636 201 100071 
4637 135 100050 
4638 283 100061 
4639 366 100075 
4640 539 100096 
4641 764 100090 
4642 706 100032 
4643 355 100056 
4644 382 100005 
4645 356 100025 
4646 987 100012 
4647 991 100029 
4648 656 100016 
4649 822 100014 
4650 681 100015 
4651 828 100090 
4652 477 100080 
4653 261 100023 
4654 595 100073 
4655 754 100019 
4656 254 100029 
4657 813 100015 
4658 194 100027 
4659 267 100072 
4660 545 100059 
4661 482 100064 
4662 191 100067 
4663 384 100023 
4664 622 100035 
4665 677 100086 
4666 687 100086 
4667 439 100042 
4668 662 100056 
4669 984 100046 
4670 976 100032 
4671 974 100045 
4672 796 100091 
4673 479 100071 
4674 571 100008 
4675 350 100019 
4676 789 100011 
4677 614 100067 
4678 674 100065 
4679 818 100030 
4680 801 100037 
4681 391 100058 
4682 608 100041 
4683 623 100005 
4684 393 100001 
4685 115 100001 
4686 550 100061 
4687 732 100073 
4688 209 100074 
4689 102 100060 
4690 26 100090 
4691 233 100001 
4692 557 100001 
4693 85 100008 
4694 719 100057 
4695 201 100051 
4696 597 100062 
4697 992 100085 
4698 65 100019 
4699 329 100002 
4700 642 100021 
4701 114 100081 
4702 103 100041 
4703 840 100042 
4704 40 100046 
4705 126 100023 
4706 618 100077 
4707 447 100001 
4708 508 100009 
4709 369 100097 
4710 474 100091 
4711 688 100093 
4712 942 100006 
4713 764 100053 
4714 5 100092 
4715 409 100018 
4716 325 100073 
4717 297 100079 
4718 9 100042 
4719 384 100076 
4720 791 100003 
4721 915 100008 
4722 679 100077 
4723 653 100003 
4724 760 100042 
4725 616 100064 
4726 440 100003 
4727 541 100050 
4728 887 100016 
4729 848 100045 
4730 17 100097 
4731 458 100076 
4732 398 100081 
4733 204 100085 
4734 800 100079 
4735 598 100077 
4736 57 100040 
4737 937 100076 
4738 854 100023 
4739 503 100056 
4740 467 100097 
4741 469 100026 
4742 228 100082 
4743 673 100094 
4744 414 100054 
4745 806 100065 
4746 488 100009 
4747 466 100042 
4748 673 100064 
4749 216 100017 
4750 687 100052 
4751 374 100098 
4752 561 100086 
4753 717 100053 
4754 122 100022 
4755 224 100040 
4756 563 100098 
4757 532 100068 
4758 11 100071 
4759 787 100018 
4760 373 100098 
4761 132 100001 
4762 550 100004 
4763 778 100052 
4764 938 100032 
4765 551 100069 
4766 90 100090 
4767 534 100065 
4768 420 100013 
4769 98 100057 
4770 648 100006 
4771 493 100098 
4772 426 100061 
4773 649 100093 
4774 704 100030 
4775 485 100017 
4776 57 100084 
4777 605 100001 
4778 632 100010 
4779 753 100031 
4780 629 100031 
4781 943 100067 
4782 942 100032 
4783 591 100082 
4784 407 100065 
4785 868 100086 
4786 203 100004 
4787 842 100007 
4788 5 100077 
4789 952 100000 
4790 488 100003 
4791 436 100032 
4792 735 100006 
4793 517 100093 
4794 977 100076 
4795 849 100027 
4796 269 100070 
4797 803 100029 
4798 462 100082 
4799 424 100052 
4800 36 100049 
4801 215 100013 
4802 175 100067 
4803 483 100034 
4804 392 100084 
4805 374 100027 
4806 765 100035 
4807 763 100023 
4808 977 100022 
4809 232 100013 
4810 478 100085 
4811 166 100091 
4812 464 100036 
4813 767 100077 
4814 767 100044 
4815 131 100028 
4816 712 100050 
4817 727 100019 
4818 505 100031 
4819 19 100088 
4820 919 100048 
4821 205 100012 
4822 998 100097 
4823 367 100009 
4824 492 100077 
4825 258 100081 
4826 586 100065 
4827 430 100075 
4828 784 100003 
4829 735 100033 
4830 188 100003 
4831 149 100045 
4832 639 100020 
4833 872 100054 
4834 444 100008 
4835 798 100020 
4836 526 100026 
4837 547 100081 
4838 380 100002 
4839 516 100002 
4840 804 100063 
4841 176 100021 
4842 74 100061 
4843 59 100068 
4844 138 100073 
4845 824 100035 
4846 666 100026 
4847 26 100040 
4848 493 100023 
4849 783 100096 
4850 61 100071 
4851 930 100055 
4852 944 100017 
4853 803 100005 
4854 214 100092 
4855 917 100027 
4856 548 100056 
4857 500 100009 
4858 928 100000 
4859 337 100046 
4860 274 100099 
4861 276 100046 
4862 75 100041 
4863 517 100017 
4864 565 100063 
4865 167 100052 
4866 103 100047 
4867 585 100077 
4868 267 100011 
4869 473 100067 
4870 429 100069 
4871 991 100064 
4872 338 100088 
4873 628 100085 
4874 99 100006 
4875 22 100080 
4876 357 100061 
4877 233 100046 
4878 814 100069 
4879 163 100078 
4880 501 100011 
4881 171 100085 
4882 846 100000 
4883 839 100092 
4884 458 100038 
4885 402 100025 
4886 495 100076 
4887 974 100012 
4888 817 100002 
4889 899 100001 
4890 668 100023 
4891 100 100047 
4892 141 100070 
4893 810 100046 
4894 316 100025 
4895 239 100022 
4896 728 100084 
4897 25 100005 
4898 343 100015 
4899 690 100063 
4900 360 100027 
4901 856 100014 
4902 15 100034 
4903 349 100024 
4904 932 100087 
4905 741 100049 
4906 937 100096 
4907 527 100034 
4908 54 100004 
4909 91 100008 
4910 299 100041 
4911 430 100035 
4912 369 100006 
4913 981 100010 
4914 909 100075 
4915 492 100036 
4916 410 100054 
4917 9 100038 
4918 242 100094 
4919 337 100031 
4920 881 100087 
4921 454 100005 
4922 934 100068 
4923 285 100017 
4924 694 100045 
4925 912 100067 
4926 711 100093 
4927 932 100069 
4928 854 100065 
4929 33 100066 
4930 237 100036 
4931 97 100019 
4932 621 100042 
4933 823 100029 
4934 859 100064 
4935 894 100010 
4936 546 100057 
4937 443 100054 
4938 774 100027 
4939 240 100086 
4940 224 100098 
4941 485 100063 
4942 275 100058 
4943 813 100009 
4944 297 100072 
4945 650 100076 
4946 690 100050 
4947 302 100005 
4948 491 100024 
4949 120 100026 
4950 807 100028 
4951 231 100060 
4952 37 100035 
4953 14 100050 
4954 101 100077 
4955 444 100007 
4956 80 100038 
4957 591 100092 
4958 691 100075 
4959 676 100063 
4960 991 100053 
4961 517 100032 
4962 873 100042 
4963 695 100070 
4964 25 100032 
4965 159 100027 
4966 137 100031 
4967 329 100022 
4968 476 100055 
4969 165 100042 
4970 192 100003 
4971 534 100024 
4972 929 100067 
4973 72 100046 
4974 20 100024 
4975 470 100006 
4976 724 100042 
4977 45 100070 
4978 85 100067 
4979 520 100081 
4980 787 100010 
4981 696 100051 
4982 317 100091 
4983 840 100051 
4984 596 100034 
4985 579 100078 
4986 970 100004 
4987 858 100094 
4988 401 100031 
4989 494 100025 
4990 721 100030 
4991 190 100099 
4992 276 100068 
4993 198 100093 
4994 698 100033 
4995 476 100039 
4996 5 100062 
4997 152 100030 
4998 48 100059 
4999 167 100024 
5000 177 100052 
