npieces: 5000
capacity: 356612761
1 971 100028 
2 687 100009 
3 757 100014 
4 158 100042 
5 215 100048 
6 725 100087 
7 752 100008 
8 71 100026 
9 448 100029 
10 829 100025 
11 127 100073 
12 222 100025 
13 71 100021 
14 895 100076 
15 952 100085 
16 24 100066 
17 720 100096 
18 115 100028 
19 244 100005 
20 561 100008 
21 968 100020 
22 763 100093 
23 679 100006 
24 330 100034 
25 936 100015 
26 635 100061 
27 77 100050 
28 803 100086 
29 881 100020 
30 306 100063 
31 53 100099 
32 295 100066 
33 623 100026 
34 456 100057 
35 135 100042 
36 964 100099 
37 335 100051 
38 48 100061 
39 575 100005 
40 506 100038 
41 298 100046 
42 877 100028 
43 233 100068 
44 489 100021 
45 410 100049 
46 222 100009 
47 229 100019 
48 917 100059 
49 730 100019 
50 875 100036 
51 482 100049 
52 99 100033 
53 48 100021 
54 247 100047 
55 844 100038 
56 779 100056 
57 684 100061 
58 382 100006 
59 967 100074 
60 677 100053 
61 304 100034 
62 974 100036 
63 155 100028 
64 166 100000 
65 599 100021 
66 111 100011 
67 744 100075 
68 730 100012 
69 799 100003 
70 461 100036 
71 25 100095 
72 129 100057 
73 377 100023 
74 506 100008 
75 251 100085 
76 332 100032 
77 966 100048 
78 206 100075 
79 932 100002 
80 238 100014 
81 801 100029 
82 201 100012 
83 486 100076 
84 413 100016 
85 257 100055 
86 413 100043 
87 43 100056 
88 239 100013 
89 917 100002 
90 478 100073 
91 272 100096 
92 408 100080 
93 408 100040 
94 627 100023 
95 603 100070 
96 768 100089 
97 44 100091 
98 76 100086 
99 79 100079 
100 231 100003 
101 616 100095 
102 859 100048 
103 149 100077 
104 83 100004 
105 668 100013 
106 941 100033 
107 674 100072 
108 958 100027 
109 194 100028 
110 352 100019 
111 214 100072 
112 522 100008 
113 356 100088 
114 388 100082 
115 760 100024 
116 886 100039 
117 682 100077 
118 36 100047 
119 204 100072 
120 472 100053 
121 547 100092 
122 692 100041 
123 655 100004 
124 706 100029 
125 104 100046 
126 146 100079 
127 423 100087 
128 791 100072 
129 750 100014 
130 734 100087 
131 101 100097 
132 516 100005 
133 578 100098 
134 731 100093 
135 484 100052 
136 345 100090 
137 140 100043 
138 502 100036 
139 89 100069 
140 935 100084 
141 950 100056 
142 308 100095 
143 714 100060 
144 498 100018 
145 132 100042 
146 821 100089 
147 777 100051 
148 638 100037 
149 468 100075 
150 325 100053 
151 288 100055 
152 380 100041 
153 749 100062 
154 191 100006 
155 869 100039 
156 571 100070 
157 705 100052 
158 274 100015 
159 461 100014 
160 184 100039 
161 236 100029 
162 854 100020 
163 345 100036 
164 705 100015 
165 908 100095 
166 117 100011 
167 782 100073 
168 219 100058 
169 649 100092 
170 732 100019 
171 158 100005 
172 977 100092 
173 188 100092 
174 993 100068 
175 578 100045 
176 286 100038 
177 777 100057 
178 268 100060 
179 425 100048 
180 479 100015 
181 262 100073 
182 32 100036 
183 351 100087 
184 491 100031 
185 148 100011 
186 656 100000 
187 377 100099 
188 60 100090 
189 659 100022 
190 308 100073 
191 37 100051 
192 998 100078 
193 759 100072 
194 163 100018 
195 188 100002 
196 925 100096 
197 639 100055 
198 889 100026 
199 946 100089 
200 392 100066 
201 698 100014 
202 144 100084 
203 586 100070 
204 874 100068 
205 26 100072 
206 752 100099 
207 675 100001 
208 381 100082 
209 658 100044 
210 496 100085 
211 551 100003 
212 543 100055 
213 114 100059 
214 308 100043 
215 297 100066 
216 646 100069 
217 911 100025 
218 359 100015 
219 652 100022 
220 797 100021 
221 197 100096 
222 712 100001 
223 800 100090 
224 991 100015 
225 863 100099 
226 431 100062 
227 726 100058 
228 936 100064 
229 490 100015 
230 110 100067 
231 880 100066 
232 553 100089 
233 224 100036 
234 521 100018 
235 932 100046 
236 347 100039 
237 216 100077 
238 768 100067 
239 152 100028 
240 328 100081 
241 232 100051 
242 282 100099 
243 772 100092 
244 830 100014 
245 333 100062 
246 938 100076 
247 821 100034 
248 893 100057 
249 463 100051 
250 283 100052 
251 566 100070 
252 566 100068 
253 80 100094 
254 165 100089 
255 254 100019 
256 588 100083 
257 323 100006 
258 623 100030 
259 862 100037 
260 836 100023 
261 366 100015 
262 380 100068 
263 10 100070 
264 326 100044 
265 530 100051 
266 81 100077 
267 397 100048 
268 211 100081 
269 984 100041 
270 282 100031 
271 823 100020 
272 878 100011 
273 323 100078 
274 146 100043 
275 896 100020 
276 261 100061 
277 386 100008 
278 721 100091 
279 748 100061 
280 351 100013 
281 756 100074 
282 789 100013 
283 158 100073 
284 646 100017 
285 715 100001 
286 116 100086 
287 382 100038 
288 260 100043 
289 60 100077 
290 814 100008 
291 69 100061 
292 615 100017 
293 115 100052 
294 669 100027 
295 838 100048 
296 358 100049 
297 897 100049 
298 709 100017 
299 221 100079 
300 403 100025 
301 719 100090 
302 534 100081 
303 897 100074 
304 784 100068 
305 314 100046 
306 295 100007 
307 610 100085 
308 444 100083 
309 759 100071 
310 586 100070 
311 741 100090 
312 989 100064 
313 397 100072 
314 909 100024 
315 965 100002 
316 877 100086 
317 600 100091 
318 356 100013 
319 705 100084 
320 416 100073 
321 961 100072 
322 514 100099 
323 651 100047 
324 337 100046 
325 496 100097 
326 886 100075 
327 997 100040 
328 434 100085 
329 341 100087 
330 248 100094 
331 179 100001 
332 266 100022 
333 352 100026 
334 859 100024 
335 493 100087 
336 190 100012 
337 662 100021 
338 538 100033 
339 379 100088 
340 555 100052 
341 28 100049 
342 741 100090 
343 113 100053 
344 255 100038 
345 211 100079 
346 482 100015 
347 555 100081 
348 525 100001 
349 92 100042 
350 694 100088 
351 431 100063 
352 311 100071 
353 379 100012 
354 403 100015 
355 271 100044 
356 116 100035 
357 766 100073 
358 490 100012 
359 446 100050 
360 385 100085 
361 453 100094 
362 496 100020 
363 568 100013 
364 161 100025 
365 809 100099 
366 698 100057 
367 540 100033 
368 247 100075 
369 558 100077 
370 994 100023 
371 603 100086 
372 873 100072 
373 19 100052 
374 313 100072 
375 767 100034 
376 788 100075 
377 486 100001 
378 629 100060 
379 975 100030 
380 516 100092 
381 90 100085 
382 650 100025 
383 631 100013 
384 650 100056 
385 370 100028 
386 786 100012 
387 746 100007 
388 925 100026 
389 173 100046 
390 231 100098 
391 826 100006 
392 676 100052 
393 226 100005 
394 133 100092 
395 171 100048 
396 520 100027 
397 211 100060 
398 627 100074 
399 173 100082 
400 924 100078 
401 267 100084 
402 480 100019 
403 689 100062 
404 598 100055 
405 929 100091 
406 31 100070 
407 833 100018 
408 469 100051 
409 949 100012 
410 653 100022 
411 522 100018 
412 834 100070 
413 328 100040 
414 712 100091 
415 922 100005 
416 25 100004 
417 14 100075 
418 903 100059 
419 747 100024 
420 647 100089 
421 68 100075 
422 342 100069 
423 592 100028 
424 603 100037 
425 67 100099 
426 496 100012 
427 13 100020 
428 927 100021 
429 621 100053 
430 189 100072 
431 50 100017 
432 261 100011 
433 965 100044 
434 156 100040 
435 94 100064 
436 156 100097 
437 25 100038 
438 631 100050 
439 21 100023 
440 602 100006 
441 305 100039 
442 803 100085 
443 67 100015 
444 825 100059 
445 118 100095 
446 151 100066 
447 464 100027 
448 156 100035 
449 534 100019 
450 210 100090 
451 476 100046 
452 352 100019 
453 116 100032 
454 702 100049 
455 545 100057 
456 885 100034 
457 618 100014 
458 913 100058 
459 22 100003 
460 405 100061 
461 600 100050 
462 641 100088 
463 32 100066 
464 889 100080 
465 547 100012 
466 325 100074 
467 161 100044 
468 537 100030 
469 289 100062 
470 416 100007 
471 899 100022 
472 546 100097 
473 329 100090 
474 647 100018 
475 891 100027 
476 166 100003 
477 942 100062 
478 103 100074 
479 464 100067 
480 986 100002 
481 90 100011 
482 754 100055 
483 426 100008 
484 337 100024 
485 692 100082 
486 848 100087 
487 437 100040 
488 451 100026 
489 364 100001 
490 416 100069 
491 382 100099 
492 322 100097 
493 836 100068 
494 422 100065 
495 274 100089 
496 169 100056 
497 998 100004 
498 612 100009 
499 43 100022 
500 725 100019 
501 882 100041 
502 491 100005 
503 964 100016 
504 726 100099 
505 230 100013 
506 896 100027 
507 834 100068 
508 4 100014 
509 302 100038 
510 618 100035 
511 707 100017 
512 99 100063 
513 427 100051 
514 391 100044 
515 944 100023 
516 417 100008 
517 269 100063 
518 76 100001 
519 676 100044 
520 909 100002 
521 452 100064 
522 604 100037 
523 131 100094 
524 151 100060 
525 224 100077 
526 77 100067 
527 966 100054 
528 589 100051 
529 374 100041 
530 640 100089 
531 716 100010 
532 273 100050 
533 675 100076 
534 848 100084 
535 144 100056 
536 381 100083 
537 920 100088 
538 15 100046 
539 119 100080 
540 393 100061 
541 438 100077 
542 501 100010 
543 880 100041 
544 161 100004 
545 785 100092 
546 339 100015 
547 572 100072 
548 841 100027 
549 823 100049 
550 809 100097 
551 701 100063 
552 338 100084 
553 472 100048 
554 70 100026 
555 104 100059 
556 548 100022 
557 973 100087 
558 734 100034 
559 469 100082 
560 964 100045 
561 698 100081 
562 978 100070 
563 963 100085 
564 845 100037 
565 533 100048 
566 366 100076 
567 990 100058 
568 400 100051 
569 846 100075 
570 276 100069 
571 163 100078 
572 662 100034 
573 63 100081 
574 195 100021 
575 224 100036 
576 690 100023 
577 780 100076 
578 804 100043 
579 614 100048 
580 113 100097 
581 561 100066 
582 936 100022 
583 976 100056 
584 403 100077 
585 928 100095 
586 197 100036 
587 179 100058 
588 585 100011 
589 858 100092 
590 960 100006 
591 70 100051 
592 718 100030 
593 307 100045 
594 994 100097 
595 385 100041 
596 616 100095 
597 376 100032 
598 77 100070 
599 63 100098 
600 655 100078 
601 497 100075 
602 782 100066 
603 629 100030 
604 570 100019 
605 601 100001 
606 498 100038 
607 91 100088 
608 270 100082 
609 83 100017 
610 418 100068 
611 423 100041 
612 728 100079 
613 100 100016 
614 409 100060 
615 487 100027 
616 319 100006 
617 78 100059 
618 2 100043 
619 213 100095 
620 413 100039 
621 856 100078 
622 180 100011 
623 290 100027 
624 669 100066 
625 736 100014 
626 624 100096 
627 445 100052 
628 404 100020 
629 931 100035 
630 103 100064 
631 651 100048 
632 545 100072 
633 353 100055 
634 702 100028 
635 471 100040 
636 310 100079 
637 396 100045 
638 971 100060 
639 64 100059 
640 670 100068 
641 479 100001 
642 694 100078 
643 487 100021 
644 823 100055 
645 664 100014 
646 643 100023 
647 496 100096 
648 383 100090 
649 807 100086 
650 517 100092 
651 358 100046 
652 969 100098 
653 815 100032 
654 186 100065 
655 872 100025 
656 311 100002 
657 186 100039 
658 107 100073 
659 953 100041 
660 126 100036 
661 567 100003 
662 978 100064 
663 161 100000 
664 623 100002 
665 509 100078 
666 467 100071 
667 694 100009 
668 730 100057 
669 71 100005 
670 77 100079 
671 48 100012 
672 762 100021 
673 127 100010 
674 688 100069 
675 430 100055 
676 733 100039 
677 140 100000 
678 647 100007 
679 275 100044 
680 115 100024 
681 246 100062 
682 805 100013 
683 869 100067 
684 996 100061 
685 318 100086 
686 81 100025 
687 914 100029 
688 596 100097 
689 177 100007 
690 931 100075 
691 394 100051 
692 465 100003 
693 683 100064 
694 414 100040 
695 890 100071 
696 256 100066 
697 918 100014 
698 534 100003 
699 637 100031 
700 509 100083 
701 618 100097 
702 409 100095 
703 802 100023 
704 521 100065 
705 332 100087 
706 816 100070 
707 387 100099 
708 116 100042 
709 401 100002 
710 652 100024 
711 41 100061 
712 314 100062 
713 577 100010 
714 355 100084 
715 603 100015 
716 95 100046 
717 238 100004 
718 82 100077 
719 973 100075 
720 934 100030 
721 948 100080 
722 634 100014 
723 131 100016 
724 906 100034 
725 961 100056 
726 508 100070 
727 421 100011 
728 21 100057 
729 75 100082 
730 55 100000 
731 906 100028 
732 968 100053 
733 582 100061 
734 119 100096 
735 967 100036 
736 421 100012 
737 686 100032 
738 157 100067 
739 774 100053 
740 793 100087 
741 238 100012 
742 659 100071 
743 802 100021 
744 437 100067 
745 417 100010 
746 438 100080 
747 943 100073 
748 274 100051 
749 311 100039 
750 172 100011 
751 28 100095 
752 138 100039 
753 532 100085 
754 29 100058 
755 314 100048 
756 764 100027 
757 222 100072 
758 28 100013 
759 627 100074 
760 302 100060 
761 494 100090 
762 461 100051 
763 534 100034 
764 658 100049 
765 27 100069 
766 558 100046 
767 367 100095 
768 251 100075 
769 68 100049 
770 392 100098 
771 193 100025 
772 239 100061 
773 804 100023 
774 892 100030 
775 469 100011 
776 12 100088 
777 157 100082 
778 975 100001 
779 530 100096 
780 596 100095 
781 624 100049 
782 136 100022 
783 869 100021 
784 75 100051 
785 681 100023 
786 431 100035 
787 847 100013 
788 453 100016 
789 917 100041 
790 94 100069 
791 596 100007 
792 155 100078 
793 156 100070 
794 313 100006 
795 928 100043 
796 52 100012 
797 489 100002 
798 535 100054 
799 209 100028 
800 749 100036 
801 855 100070 
802 168 100066 
803 666 100055 
804 300 100005 
805 75 100093 
806 926 100035 
807 940 100058 
808 246 100027 
809 814 100075 
810 958 100003 
811 604 100070 
812 430 100018 
813 314 100088 
814 686 100026 
815 65 100009 
816 263 100058 
817 466 100040 
818 54 100038 
819 188 100072 
820 94 100071 
821 804 100093 
822 529 100039 
823 696 100042 
824 675 100011 
825 520 100063 
826 411 100095 
827 313 100018 
828 902 100079 
829 767 100090 
830 129 100074 
831 623 100056 
832 539 100049 
833 150 100016 
834 30 100051 
835 73 100008 
836 912 100088 
837 818 100000 
838 970 100033 
839 268 100052 
840 28 100085 
841 604 100067 
842 546 100050 
843 316 100026 
844 920 100052 
845 524 100038 
846 613 100031 
847 943 100072 
848 751 100012 
849 32 100061 
850 523 100001 
851 775 100022 
852 150 100022 
853 203 100042 
854 534 100061 
855 437 100063 
856 94 100059 
857 199 100091 
858 114 100060 
859 560 100027 
860 511 100020 
861 110 100011 
862 182 100096 
863 918 100085 
864 581 100065 
865 818 100049 
866 257 100041 
867 216 100026 
868 893 100074 
869 178 100075 
870 760 100016 
871 279 100052 
872 541 100063 
873 910 100044 
874 724 100018 
875 195 100068 
876 297 100001 
877 335 100025 
878 910 100069 
879 728 100016 
880 306 100030 
881 962 100035 
882 229 100050 
883 360 100053 
884 263 100044 
885 620 100099 
886 804 100088 
887 662 100022 
888 973 100078 
889 332 100084 
890 631 100091 
891 639 100014 
892 512 100017 
893 773 100052 
894 819 100038 
895 8 100065 
896 290 100068 
897 835 100019 
898 211 100040 
899 68 100043 
900 232 100020 
901 819 100094 
902 663 100028 
903 29 100015 
904 554 100075 
905 981 100068 
906 108 100076 
907 280 100073 
908 938 100077 
909 899 100028 
910 281 100004 
911 996 100007 
912 297 100010 
913 617 100041 
914 829 100031 
915 616 100027 
916 414 100045 
917 52 100088 
918 380 100001 
919 929 100031 
920 120 100052 
921 253 100053 
922 161 100031 
923 83 100059 
924 425 100017 
925 437 100085 
926 179 100098 
927 493 100095 
928 163 100034 
929 904 100077 
930 345 100052 
931 24 100010 
932 308 100065 
933 980 100029 
934 160 100009 
935 422 100039 
936 507 100083 
937 777 100081 
938 833 100006 
939 820 100039 
940 146 100061 
941 432 100071 
942 29 100085 
943 282 100084 
944 172 100022 
945 973 100010 
946 427 100046 
947 527 100047 
948 829 100030 
949 502 100097 
950 590 100011 
951 175 100002 
952 311 100077 
953 571 100049 
954 305 100044 
955 567 100039 
956 793 100040 
957 590 100054 
958 516 100071 
959 661 100003 
960 367 100027 
961 226 100054 
962 438 100074 
963 618 100091 
964 407 100004 
965 558 100064 
966 418 100031 
967 201 100021 
968 919 100030 
969 897 100098 
970 188 100022 
971 823 100059 
972 386 100019 
973 932 100058 
974 267 100026 
975 771 100047 
976 810 100032 
977 429 100056 
978 782 100062 
979 988 100017 
980 484 100065 
981 864 100098 
982 961 100098 
983 576 100016 
984 625 100006 
985 726 100022 
986 847 100087 
987 841 100044 
988 329 100050 
989 7 100027 
990 934 100033 
991 287 100029 
992 951 100043 
993 641 100048 
994 832 100056 
995 59 100058 
996 114 100011 
997 872 100019 
998 542 100014 
999 151 100018 
1000 7 100044 
1001 846 100079 
1002 677 100003 
1003 280 100050 
1004 538 100073 
1005 2 100034 
1006 218 100037 
1007 78 100044 
1008 124 100082 
1009 530 100027 
1010 839 100007 
1011 208 100097 
1012 307 100067 
1013 739 100039 
1014 566 100046 
1015 787 100040 
1016 751 100057 
1017 589 100092 
1018 522 100010 
1019 482 100024 
1020 872 100095 
1021 425 100057 
1022 787 100081 
1023 460 100033 
1024 147 100026 
1025 980 100031 
1026 24 100064 
1027 906 100059 
1028 956 100081 
1029 627 100003 
1030 84 100091 
1031 151 100025 
1032 323 100053 
1033 431 100060 
1034 827 100045 
1035 600 100043 
1036 361 100058 
1037 384 100001 
1038 195 100029 
1039 652 100035 
1040 993 100091 
1041 243 100053 
1042 294 100017 
1043 947 100072 
1044 625 100093 
1045 318 100081 
1046 940 100091 
1047 576 100009 
1048 496 100092 
1049 88 100033 
1050 683 100059 
1051 713 100086 
1052 303 100052 
1053 492 100054 
1054 464 100089 
1055 371 100055 
1056 162 100093 
1057 572 100049 
1058 789 100024 
1059 944 100046 
1060 966 100023 
1061 911 100002 
1062 707 100097 
1063 666 100070 
1064 434 100022 
1065 317 100097 
1066 22 100064 
1067 599 100090 
1068 168 100058 
1069 607 100057 
1070 486 100070 
1071 845 100057 
1072 282 100039 
1073 154 100023 
1074 354 100053 
1075 684 100032 
1076 599 100046 
1077 370 100070 
1078 900 100089 
1079 889 100033 
1080 509 100094 
1081 153 100078 
1082 945 100080 
1083 975 100094 
1084 494 100087 
1085 559 100080 
1086 736 100075 
1087 501 100092 
1088 661 100015 
1089 472 100067 
1090 1000 100046 
1091 981 100068 
1092 856 100079 
1093 867 100054 
1094 580 100055 
1095 512 100021 
1096 93 100025 
1097 784 100067 
1098 896 100028 
1099 812 100087 
1100 166 100041 
1101 703 100024 
1102 98 100008 
1103 432 100060 
1104 7 100015 
1105 324 100073 
1106 132 100017 
1107 332 100030 
1108 972 100054 
1109 487 100044 
1110 46 100000 
1111 60 100051 
1112 22 100015 
1113 990 100076 
1114 918 100063 
1115 811 100016 
1116 524 100034 
1117 867 100094 
1118 9 100081 
1119 234 100078 
1120 268 100023 
1121 554 100050 
1122 817 100053 
1123 840 100015 
1124 401 100054 
1125 984 100025 
1126 510 100099 
1127 224 100094 
1128 147 100020 
1129 215 100032 
1130 927 100033 
1131 608 100098 
1132 308 100027 
1133 671 100072 
1134 528 100063 
1135 862 100098 
1136 471 100073 
1137 908 100068 
1138 171 100055 
1139 283 100027 
1140 849 100041 
1141 4 100082 
1142 401 100061 
1143 297 100056 
1144 746 100035 
1145 263 100017 
1146 487 100075 
1147 78 100088 
1148 922 100020 
1149 399 100064 
1150 436 100069 
1151 329 100051 
1152 390 100019 
1153 799 100004 
1154 439 100034 
1155 394 100089 
1156 738 100045 
1157 478 100053 
1158 162 100028 
1159 707 100037 
1160 774 100089 
1161 331 100078 
1162 67 100052 
1163 731 100099 
1164 754 100028 
1165 727 100028 
1166 384 100027 
1167 303 100038 
1168 611 100042 
1169 888 100019 
1170 832 100094 
1171 240 100022 
1172 918 100083 
1173 778 100088 
1174 38 100054 
1175 74 100074 
1176 34 100034 
1177 253 100067 
1178 559 100064 
1179 952 100078 
1180 704 100077 
1181 60 100094 
1182 408 100018 
1183 603 100002 
1184 84 100050 
1185 274 100015 
1186 419 100083 
1187 322 100085 
1188 978 100002 
1189 164 100089 
1190 776 100059 
1191 665 100074 
1192 675 100042 
1193 147 100052 
1194 110 100099 
1195 884 100038 
1196 304 100065 
1197 241 100056 
1198 513 100065 
1199 306 100080 
1200 659 100019 
1201 161 100054 
1202 475 100009 
1203 556 100035 
1204 642 100004 
1205 872 100010 
1206 245 100061 
1207 132 100070 
1208 709 100077 
1209 152 100065 
1210 276 100074 
1211 553 100091 
1212 381 100089 
1213 594 100060 
1214 134 100000 
1215 927 100055 
1216 109 100044 
1217 537 100046 
1218 532 100089 
1219 81 100067 
1220 626 100087 
1221 667 100082 
1222 152 100046 
1223 537 100054 
1224 677 100090 
1225 88 100014 
1226 838 100048 
1227 691 100044 
1228 629 100020 
1229 803 100056 
1230 564 100047 
1231 88 100036 
1232 310 100003 
1233 454 100093 
1234 779 100006 
1235 366 100046 
1236 718 100060 
1237 512 100008 
1238 29 100045 
1239 58 100061 
1240 701 100058 
1241 400 100035 
1242 287 100077 
1243 592 100045 
1244 234 100020 
1245 176 100062 
1246 14 100059 
1247 86 100062 
1248 322 100058 
1249 196 100053 
1250 971 100005 
1251 23 100035 
1252 74 100047 
1253 762 100038 
1254 785 100018 
1255 996 100067 
1256 505 100049 
1257 714 100008 
1258 923 100066 
1259 922 100071 
1260 473 100079 
1261 693 100021 
1262 288 100035 
1263 368 100026 
1264 157 100053 
1265 640 100056 
1266 401 100044 
1267 567 100015 
1268 90 100004 
1269 591 100091 
1270 647 100090 
1271 754 100073 
1272 287 100063 
1273 100 100013 
1274 327 100018 
1275 765 100006 
1276 495 100058 
1277 31 100084 
1278 983 100047 
1279 248 100095 
1280 91 100050 
1281 796 100016 
1282 800 100089 
1283 947 100037 
1284 490 100062 
1285 114 100074 
1286 491 100076 
1287 113 100031 
1288 618 100015 
1289 417 100046 
1290 494 100065 
1291 567 100029 
1292 878 100061 
1293 129 100097 
1294 518 100028 
1295 771 100042 
1296 144 100063 
1297 662 100059 
1298 468 100004 
1299 775 100042 
1300 581 100050 
1301 160 100005 
1302 802 100096 
1303 837 100040 
1304 22 100087 
1305 588 100079 
1306 829 100051 
1307 818 100045 
1308 739 100047 
1309 86 100027 
1310 122 100037 
1311 349 100010 
1312 31 100090 
1313 785 100015 
1314 450 100079 
1315 454 100090 
1316 433 100088 
1317 91 100015 
1318 720 100095 
1319 977 100021 
1320 638 100081 
1321 564 100036 
1322 319 100061 
1323 482 100093 
1324 146 100030 
1325 196 100026 
1326 758 100026 
1327 897 100056 
1328 766 100081 
1329 841 100086 
1330 61 100084 
1331 421 100008 
1332 32 100012 
1333 809 100056 
1334 831 100055 
1335 994 100001 
1336 96 100022 
1337 378 100005 
1338 216 100078 
1339 573 100038 
1340 894 100012 
1341 7 100029 
1342 414 100035 
1343 388 100080 
1344 839 100004 
1345 339 100055 
1346 818 100086 
1347 152 100020 
1348 383 100022 
1349 28 100059 
1350 534 100046 
1351 36 100037 
1352 174 100081 
1353 427 100007 
1354 789 100042 
1355 405 100075 
1356 485 100014 
1357 225 100078 
1358 871 100049 
1359 137 100057 
1360 295 100009 
1361 921 100082 
1362 180 100090 
1363 594 100019 
1364 162 100041 
1365 570 100022 
1366 486 100072 
1367 146 100052 
1368 29 100000 
1369 140 100068 
1370 337 100013 
1371 766 100097 
1372 162 100076 
1373 543 100036 
1374 885 100067 
1375 693 100027 
1376 147 100026 
1377 801 100050 
1378 288 100002 
1379 296 100077 
1380 661 100030 
1381 870 100012 
1382 509 100035 
1383 297 100055 
1384 322 100001 
1385 799 100053 
1386 577 100056 
1387 709 100051 
1388 560 100073 
1389 358 100071 
1390 202 100085 
1391 628 100000 
1392 269 100016 
1393 142 100037 
1394 809 100064 
1395 901 100013 
1396 828 100045 
1397 781 100045 
1398 998 100049 
1399 685 100073 
1400 327 100001 
1401 826 100027 
1402 344 100026 
1403 902 100058 
1404 253 100042 
1405 225 100099 
1406 292 100060 
1407 281 100073 
1408 290 100059 
1409 628 100082 
1410 187 100071 
1411 879 100083 
1412 595 100090 
1413 257 100073 
1414 894 100045 
1415 385 100071 
1416 65 100079 
1417 744 100088 
1418 203 100012 
1419 957 100049 
1420 659 100007 
1421 636 100028 
1422 551 100023 
1423 946 100004 
1424 774 100095 
1425 519 100045 
1426 299 100088 
1427 544 100033 
1428 62 100088 
1429 559 100064 
1430 224 100048 
1431 162 100021 
1432 228 100085 
1433 533 100097 
1434 245 100048 
1435 317 100077 
1436 671 100000 
1437 291 100058 
1438 982 100062 
1439 352 100057 
1440 581 100043 
1441 707 100006 
1442 804 100014 
1443 332 100072 
1444 969 100080 
1445 988 100082 
1446 33 100092 
1447 916 100082 
1448 251 100093 
1449 742 100063 
1450 866 100028 
1451 475 100070 
1452 365 100049 
1453 98 100009 
1454 949 100025 
1455 770 100035 
1456 522 100092 
1457 444 100085 
1458 314 100097 
1459 296 100010 
1460 207 100098 
1461 907 100043 
1462 348 100099 
1463 298 100062 
1464 892 100064 
1465 93 100012 
1466 959 100035 
1467 395 100095 
1468 185 100077 
1469 909 100025 
1470 753 100045 
1471 178 100059 
1472 955 100050 
1473 183 100034 
1474 554 100037 
1475 88 100071 
1476 846 100010 
1477 640 100099 
1478 237 100049 
1479 841 100094 
1480 410 100002 
1481 560 100090 
1482 727 100070 
1483 320 100084 
1484 143 100029 
1485 41 100066 
1486 573 100053 
1487 517 100072 
1488 963 100017 
1489 735 100037 
1490 336 100003 
1491 464 100010 
1492 24 100040 
1493 135 100030 
1494 441 100024 
1495 196 100046 
1496 736 100099 
1497 170 100079 
1498 694 100052 
1499 623 100006 
1500 43 100073 
1501 473 100036 
1502 941 100045 
1503 14 100035 
1504 421 100032 
1505 488 100022 
1506 174 100018 
1507 275 100012 
1508 715 100079 
1509 500 100021 
1510 147 100078 
1511 888 100089 
1512 716 100042 
1513 983 100053 
1514 969 100021 
1515 851 100085 
1516 353 100017 
1517 593 100036 
1518 990 100089 
1519 178 100011 
1520 414 100081 
1521 702 100045 
1522 130 100082 
1523 334 100045 
1524 761 100044 
1525 956 100046 
1526 48 100086 
1527 177 100067 
1528 976 100020 
1529 859 100050 
1530 180 100005 
1531 873 100052 
1532 749 100085 
1533 509 100012 
1534 412 100054 
1535 925 100073 
1536 475 100030 
1537 397 100074 
1538 176 100099 
1539 636 100039 
1540 375 100031 
1541 417 100030 
1542 131 100077 
1543 731 100001 
1544 169 100097 
1545 394 100032 
1546 18 100089 
1547 757 100064 
1548 898 100004 
1549 553 100017 
1550 249 100055 
1551 370 100073 
1552 470 100072 
1553 489 100061 
1554 491 100034 
1555 306 100033 
1556 25 100048 
1557 441 100081 
1558 217 100033 
1559 169 100011 
1560 195 100085 
1561 777 100009 
1562 863 100004 
1563 339 100064 
1564 918 100059 
1565 985 100083 
1566 811 100068 
1567 758 100057 
1568 428 100050 
1569 295 100050 
1570 399 100094 
1571 52 100085 
1572 259 100046 
1573 799 100039 
1574 708 100036 
1575 304 100064 
1576 442 100024 
1577 90 100003 
1578 607 100062 
1579 102 100020 
1580 715 100006 
1581 90 100099 
1582 6 100058 
1583 701 100020 
1584 249 100038 
1585 561 100021 
1586 417 100027 
1587 822 100047 
1588 385 100010 
1589 119 100053 
1590 907 100066 
1591 363 100045 
1592 418 100021 
1593 779 100025 
1594 615 100071 
1595 987 100082 
1596 175 100000 
1597 454 100083 
1598 741 100064 
1599 202 100036 
1600 1 100054 
1601 293 100094 
1602 348 100002 
1603 155 100068 
1604 495 100052 
1605 693 100013 
1606 831 100057 
1607 152 100057 
1608 287 100045 
1609 95 100091 
1610 883 100032 
1611 637 100035 
1612 356 100087 
1613 643 100052 
1614 620 100070 
1615 698 100085 
1616 920 100079 
1617 510 100034 
1618 85 100094 
1619 16 100000 
1620 768 100080 
1621 574 100029 
1622 902 100011 
1623 840 100029 
1624 501 100020 
1625 170 100056 
1626 517 100024 
1627 913 100074 
1628 887 100053 
1629 236 100043 
1630 832 100073 
1631 585 100016 
1632 473 100005 
1633 968 100083 
1634 623 100055 
1635 96 100090 
1636 50 100062 
1637 964 100047 
1638 484 100095 
1639 866 100072 
1640 96 100098 
1641 128 100082 
1642 348 100027 
1643 915 100001 
1644 188 100087 
1645 613 100042 
1646 980 100019 
1647 650 100029 
1648 890 100099 
1649 480 100010 
1650 910 100053 
1651 120 100062 
1652 831 100029 
1653 661 100016 
1654 340 100018 
1655 288 100087 
1656 971 100098 
1657 301 100076 
1658 681 100018 
1659 734 100072 
1660 479 100073 
1661 922 100098 
1662 389 100022 
1663 754 100067 
1664 102 100031 
1665 120 100064 
1666 671 100089 
1667 100 100050 
1668 325 100050 
1669 140 100005 
1670 842 100042 
1671 959 100006 
1672 540 100053 
1673 6 100010 
1674 138 100064 
1675 71 100056 
1676 212 100010 
1677 384 100044 
1678 14 100078 
1679 357 100027 
1680 96 100079 
1681 38 100039 
1682 525 100070 
1683 351 100071 
1684 238 100089 
1685 285 100000 
1686 147 100005 
1687 154 100051 
1688 5 100011 
1689 958 100016 
1690 803 100093 
1691 58 100028 
1692 342 100036 
1693 905 100078 
1694 347 100001 
1695 702 100072 
1696 93 100096 
1697 628 100076 
1698 805 100072 
1699 814 100027 
1700 471 100014 
1701 172 100071 
1702 586 100094 
1703 774 100081 
1704 11 100040 
1705 896 100098 
1706 38 100053 
1707 227 100049 
1708 435 100029 
1709 75 100070 
1710 929 100033 
1711 794 100007 
1712 18 100005 
1713 128 100096 
1714 186 100064 
1715 429 100026 
1716 500 100069 
1717 85 100056 
1718 395 100026 
1719 247 100094 
1720 387 100048 
1721 74 100047 
1722 922 100097 
1723 757 100067 
1724 142 100098 
1725 241 100087 
1726 91 100061 
1727 620 100067 
1728 201 100048 
1729 277 100077 
1730 720 100061 
1731 871 100063 
1732 105 100029 
1733 53 100069 
1734 291 100072 
1735 592 100066 
1736 31 100094 
1737 24 100005 
1738 688 100020 
1739 684 100053 
1740 218 100058 
1741 559 100020 
1742 718 100006 
1743 42 100021 
1744 143 100067 
1745 528 100081 
1746 220 100087 
1747 585 100027 
1748 786 100071 
1749 743 100077 
1750 566 100096 
1751 359 100054 
1752 660 100071 
1753 300 100015 
1754 798 100010 
1755 798 100015 
1756 676 100059 
1757 353 100043 
1758 885 100014 
1759 54 100024 
1760 576 100003 
1761 547 100034 
1762 41 100034 
1763 879 100069 
1764 395 100083 
1765 750 100091 
1766 974 100094 
1767 309 100034 
1768 158 100043 
1769 507 100006 
1770 720 100000 
1771 213 100094 
1772 713 100027 
1773 628 100034 
1774 812 100039 
1775 828 100045 
1776 512 100004 
1777 156 100058 
1778 444 100011 
1779 21 100090 
1780 584 100076 
1781 840 100097 
1782 721 100031 
1783 689 100049 
1784 616 100078 
1785 946 100092 
1786 737 100089 
1787 861 100038 
1788 771 100063 
1789 538 100059 
1790 808 100013 
1791 73 100099 
1792 130 100069 
1793 909 100067 
1794 368 100093 
1795 750 100094 
1796 820 100056 
1797 408 100082 
1798 899 100038 
1799 717 100044 
1800 632 100043 
1801 948 100058 
1802 141 100069 
1803 12 100054 
1804 87 100023 
1805 481 100013 
1806 60 100098 
1807 225 100035 
1808 4 100088 
1809 116 100075 
1810 306 100024 
1811 326 100011 
1812 333 100081 
1813 939 100001 
1814 303 100003 
1815 293 100014 
1816 513 100068 
1817 317 100068 
1818 545 100012 
1819 588 100091 
1820 17 100031 
1821 676 100060 
1822 773 100008 
1823 608 100000 
1824 217 100019 
1825 796 100025 
1826 588 100009 
1827 162 100040 
1828 917 100080 
1829 995 100052 
1830 297 100034 
1831 415 100084 
1832 166 100091 
1833 681 100002 
1834 1000 100019 
1835 521 100060 
1836 845 100094 
1837 775 100047 
1838 910 100030 
1839 721 100043 
1840 4 100035 
1841 185 100020 
1842 717 100003 
1843 174 100003 
1844 266 100065 
1845 22 100078 
1846 182 100000 
1847 93 100001 
1848 253 100036 
1849 484 100012 
1850 886 100013 
1851 313 100022 
1852 431 100033 
1853 614 100012 
1854 579 100073 
1855 497 100008 
1856 867 100024 
1857 720 100046 
1858 454 100050 
1859 126 100068 
1860 862 100047 
1861 30 100083 
1862 1 100096 
1863 803 100069 
1864 240 100073 
1865 242 100066 
1866 832 100070 
1867 269 100068 
1868 522 100024 
1869 285 100062 
1870 265 100035 
1871 739 100054 
1872 272 100021 
1873 323 100066 
1874 317 100026 
1875 805 100044 
1876 158 100004 
1877 41 100035 
1878 519 100054 
1879 31 100086 
1880 557 100008 
1881 144 100017 
1882 361 100038 
1883 252 100011 
1884 76 100007 
1885 761 100089 
1886 108 100074 
1887 588 100021 
1888 1000 100055 
1889 64 100068 
1890 774 100060 
1891 912 100087 
1892 854 100090 
1893 818 100014 
1894 43 100003 
1895 283 100066 
1896 886 100011 
1897 153 100031 
1898 966 100014 
1899 448 100034 
1900 184 100001 
1901 428 100025 
1902 790 100057 
1903 888 100027 
1904 23 100066 
1905 633 100003 
1906 892 100023 
1907 3 100032 
1908 458 100006 
1909 190 100048 
1910 289 100086 
1911 259 100089 
1912 80 100060 
1913 921 100029 
1914 682 100001 
1915 6 100042 
1916 897 100091 
1917 588 100070 
1918 901 100069 
1919 619 100001 
1920 81 100042 
1921 380 100009 
1922 403 100051 
1923 793 100028 
1924 414 100063 
1925 239 100073 
1926 462 100087 
1927 309 100064 
1928 455 100083 
1929 148 100008 
1930 738 100052 
1931 994 100010 
1932 532 100065 
1933 100 100012 
1934 885 100033 
1935 8 100053 
1936 34 100019 
1937 460 100013 
1938 104 100068 
1939 55 100058 
1940 102 100003 
1941 914 100097 
1942 837 100051 
1943 291 100070 
1944 463 100078 
1945 694 100086 
1946 225 100085 
1947 919 100007 
1948 406 100027 
1949 400 100075 
1950 481 100009 
1951 299 100087 
1952 206 100008 
1953 6 100047 
1954 22 100011 
1955 745 100063 
1956 646 100004 
1957 860 100096 
1958 323 100004 
1959 825 100024 
1960 875 100003 
1961 491 100036 
1962 267 100058 
1963 578 100001 
1964 345 100013 
1965 20 100043 
1966 925 100049 
1967 482 100078 
1968 489 100082 
1969 764 100027 
1970 386 100095 
1971 146 100038 
1972 761 100011 
1973 720 100078 
1974 411 100000 
1975 836 100066 
1976 513 100007 
1977 24 100067 
1978 789 100002 
1979 758 100027 
1980 98 100022 
1981 13 100092 
1982 750 100014 
1983 151 100071 
1984 639 100045 
1985 236 100089 
1986 598 100077 
1987 767 100051 
1988 653 100092 
1989 258 100023 
1990 753 100043 
1991 904 100075 
1992 892 100050 
1993 383 100029 
1994 554 100058 
1995 273 100025 
1996 757 100063 
1997 45 100022 
1998 711 100071 
1999 575 100081 
2000 963 100053 
2001 40 100009 
2002 553 100071 
2003 899 100016 
2004 300 100054 
2005 62 100027 
2006 538 100071 
2007 841 100003 
2008 839 100084 
2009 358 100096 
2010 622 100033 
2011 253 100012 
2012 374 100064 
2013 346 100093 
2014 540 100040 
2015 821 100093 
2016 907 100070 
2017 6 100059 
2018 581 100059 
2019 763 100095 
2020 740 100019 
2021 248 100090 
2022 785 100014 
2023 778 100035 
2024 848 100084 
2025 96 100006 
2026 726 100055 
2027 14 100060 
2028 760 100085 
2029 151 100041 
2030 122 100073 
2031 566 100014 
2032 801 100031 
2033 689 100007 
2034 814 100092 
2035 243 100012 
2036 143 100033 
2037 565 100052 
2038 147 100015 
2039 904 100075 
2040 449 100003 
2041 41 100069 
2042 654 100052 
2043 889 100004 
2044 313 100014 
2045 928 100027 
2046 493 100035 
2047 558 100029 
2048 34 100085 
2049 6 100005 
2050 648 100043 
2051 631 100092 
2052 242 100089 
2053 383 100065 
2054 219 100099 
2055 822 100094 
2056 863 100005 
2057 557 100004 
2058 312 100029 
2059 34 100068 
2060 724 100094 
2061 49 100057 
2062 151 100049 
2063 448 100074 
2064 219 100040 
2065 239 100061 
2066 208 100018 
2067 778 100050 
2068 145 100038 
2069 796 100030 
2070 61 100004 
2071 674 100073 
2072 670 100038 
2073 825 100094 
2074 690 100001 
2075 685 100082 
2076 828 100098 
2077 367 100008 
2078 367 100080 
2079 185 100068 
2080 350 100052 
2081 881 100059 
2082 26 100040 
2083 609 100023 
2084 848 100062 
2085 655 100001 
2086 638 100000 
2087 62 100095 
2088 571 100030 
2089 311 100085 
2090 312 100052 
2091 557 100015 
2092 119 100046 
2093 108 100064 
2094 734 100006 
2095 701 100007 
2096 800 100004 
2097 241 100015 
2098 904 100054 
2099 519 100091 
2100 195 100043 
2101 956 100071 
2102 649 100090 
2103 206 100033 
2104 111 100072 
2105 869 100036 
2106 829 100086 
2107 750 100009 
2108 615 100030 
2109 622 100054 
2110 914 100073 
2111 807 100076 
2112 245 100081 
2113 10 100018 
2114 409 100009 
2115 657 100089 
2116 422 100022 
2117 575 100057 
2118 99 100019 
2119 975 100046 
2120 633 100085 
2121 926 100030 
2122 349 100004 
2123 814 100028 
2124 49 100069 
2125 496 100048 
2126 550 100004 
2127 868 100050 
2128 536 100043 
2129 488 100010 
2130 646 100010 
2131 387 100073 
2132 612 100079 
2133 237 100081 
2134 439 100090 
2135 181 100051 
2136 812 100001 
2137 78 100025 
2138 125 100069 
2139 943 100080 
2140 481 100068 
2141 358 100024 
2142 847 100044 
2143 960 100091 
2144 863 100082 
2145 695 100072 
2146 749 100088 
2147 576 100064 
2148 35 100045 
2149 1000 100060 
2150 969 100083 
2151 179 100083 
2152 604 100056 
2153 129 100016 
2154 512 100009 
2155 46 100087 
2156 211 100083 
2157 516 100028 
2158 384 100088 
2159 286 100020 
2160 797 100082 
2161 619 100072 
2162 930 100000 
2163 422 100086 
2164 573 100074 
2165 574 100059 
2166 294 100022 
2167 383 100051 
2168 436 100081 
2169 108 100039 
2170 883 100001 
2171 958 100028 
2172 67 100014 
2173 686 100045 
2174 942 100008 
2175 787 100075 
2176 573 100018 
2177 409 100075 
2178 7 100093 
2179 150 100058 
2180 616 100052 
2181 682 100020 
2182 794 100000 
2183 298 100050 
2184 210 100057 
2185 97 100037 
2186 329 100036 
2187 804 100057 
2188 413 100093 
2189 688 100040 
2190 804 100076 
2191 651 100072 
2192 429 100007 
2193 755 100075 
2194 683 100039 
2195 855 100068 
2196 574 100084 
2197 480 100077 
2198 207 100056 
2199 499 100069 
2200 488 100016 
2201 454 100024 
2202 150 100082 
2203 396 100050 
2204 757 100003 
2205 695 100031 
2206 886 100012 
2207 425 100074 
2208 647 100041 
2209 759 100038 
2210 167 100010 
2211 907 100046 
2212 212 100094 
2213 268 100012 
2214 363 100006 
2215 340 100091 
2216 500 100010 
2217 654 100099 
2218 247 100007 
2219 833 100048 
2220 782 100093 
2221 150 100008 
2222 937 100089 
2223 626 100074 
2224 424 100068 
2225 96 100006 
2226 913 100098 
2227 798 100065 
2228 494 100061 
2229 786 100059 
2230 298 100027 
2231 962 100057 
2232 32 100079 
2233 765 100062 
2234 831 100072 
2235 736 100006 
2236 518 100019 
2237 425 100018 
2238 504 100062 
2239 298 100043 
2240 796 100071 
2241 666 100068 
2242 109 100032 
2243 622 100008 
2244 464 100078 
2245 383 100004 
2246 295 100041 
2247 576 100007 
2248 841 100026 
2249 143 100081 
2250 915 100016 
2251 381 100089 
2252 576 100085 
2253 260 100044 
2254 32 100012 
2255 420 100030 
2256 328 100095 
2257 729 100053 
2258 509 100043 
2259 733 100008 
2260 182 100026 
2261 894 100085 
2262 430 100014 
2263 35 100040 
2264 435 100008 
2265 808 100064 
2266 950 100071 
2267 875 100045 
2268 639 100014 
2269 51 100016 
2270 780 100098 
2271 621 100086 
2272 973 100000 
2273 746 100059 
2274 448 100032 
2275 16 100084 
2276 988 100038 
2277 154 100029 
2278 980 100038 
2279 799 100013 
2280 946 100065 
2281 101 100039 
2282 597 100018 
2283 71 100049 
2284 616 100059 
2285 586 100048 
2286 112 100084 
2287 328 100032 
2288 834 100030 
2289 239 100096 
2290 63 100018 
2291 130 100078 
2292 934 100085 
2293 929 100087 
2294 388 100083 
2295 127 100085 
2296 914 100077 
2297 664 100010 
2298 698 100064 
2299 981 100042 
2300 95 100048 
2301 558 100074 
2302 609 100030 
2303 282 100007 
2304 250 100005 
2305 662 100035 
2306 584 100004 
2307 80 100078 
2308 727 100073 
2309 358 100077 
2310 42 100055 
2311 376 100024 
2312 102 100003 
2313 303 100001 
2314 332 100025 
2315 632 100035 
2316 112 100081 
2317 577 100037 
2318 954 100044 
2319 135 100064 
2320 729 100076 
2321 746 100071 
2322 903 100085 
2323 766 100081 
2324 365 100092 
2325 934 100046 
2326 667 100086 
2327 350 100043 
2328 396 100056 
2329 165 100069 
2330 172 100017 
2331 557 100048 
2332 111 100086 
2333 41 100053 
2334 592 100007 
2335 467 100027 
2336 626 100064 
2337 743 100018 
2338 71 100030 
2339 135 100050 
2340 810 100004 
2341 883 100054 
2342 115 100046 
2343 332 100050 
2344 615 100004 
2345 262 100096 
2346 768 100013 
2347 944 100043 
2348 736 100098 
2349 369 100013 
2350 566 100002 
2351 129 100071 
2352 195 100041 
2353 801 100035 
2354 684 100053 
2355 816 100026 
2356 12 100045 
2357 195 100040 
2358 476 100017 
2359 63 100040 
2360 2 100051 
2361 910 100059 
2362 892 100000 
2363 364 100053 
2364 55 100050 
2365 741 100011 
2366 665 100026 
2367 358 100000 
2368 86 100059 
2369 396 100005 
2370 483 100089 
2371 852 100001 
2372 429 100029 
2373 640 100038 
2374 709 100030 
2375 283 100038 
2376 858 100013 
2377 98 100070 
2378 499 100002 
2379 646 100033 
2380 560 100062 
2381 746 100018 
2382 99 100097 
2383 677 100043 
2384 689 100073 
2385 437 100046 
2386 951 100047 
2387 993 100074 
2388 730 100066 
2389 848 100079 
2390 351 100005 
2391 795 100043 
2392 324 100001 
2393 532 100053 
2394 65 100011 
2395 658 100056 
2396 62 100010 
2397 690 100062 
2398 67 100057 
2399 995 100012 
2400 46 100009 
2401 662 100009 
2402 260 100093 
2403 729 100065 
2404 815 100001 
2405 910 100011 
2406 576 100063 
2407 580 100004 
2408 954 100060 
2409 562 100093 
2410 771 100080 
2411 955 100057 
2412 255 100097 
2413 11 100083 
2414 802 100050 
2415 772 100062 
2416 426 100021 
2417 941 100070 
2418 199 100089 
2419 760 100043 
2420 656 100022 
2421 799 100034 
2422 332 100047 
2423 130 100029 
2424 25 100078 
2425 239 100004 
2426 876 100020 
2427 398 100006 
2428 221 100049 
2429 160 100025 
2430 742 100002 
2431 100 100073 
2432 65 100042 
2433 397 100056 
2434 107 100078 
2435 579 100088 
2436 649 100081 
2437 725 100056 
2438 405 100049 
2439 832 100048 
2440 293 100023 
2441 383 100043 
2442 592 100012 
2443 447 100099 
2444 262 100052 
2445 477 100052 
2446 291 100099 
2447 78 100046 
2448 671 100095 
2449 786 100073 
2450 317 100061 
2451 110 100091 
2452 598 100025 
2453 789 100029 
2454 50 100049 
2455 339 100020 
2456 410 100071 
2457 550 100031 
2458 332 100022 
2459 553 100049 
2460 316 100078 
2461 838 100060 
2462 948 100084 
2463 399 100041 
2464 232 100018 
2465 1000 100004 
2466 952 100073 
2467 245 100053 
2468 563 100064 
2469 684 100097 
2470 4 100040 
2471 871 100051 
2472 36 100057 
2473 112 100006 
2474 324 100088 
2475 401 100083 
2476 460 100001 
2477 807 100061 
2478 493 100069 
2479 2 100041 
2480 752 100061 
2481 524 100009 
2482 121 100058 
2483 843 100029 
2484 523 100092 
2485 741 100012 
2486 489 100061 
2487 151 100085 
2488 846 100062 
2489 74 100066 
2490 730 100001 
2491 130 100090 
2492 186 100087 
2493 44 100003 
2494 659 100071 
2495 628 100083 
2496 346 100061 
2497 128 100016 
2498 579 100096 
2499 797 100008 
2500 20 100013 
2501 924 100030 
2502 117 100004 
2503 744 100031 
2504 462 100034 
2505 702 100017 
2506 660 100054 
2507 114 100090 
2508 514 100054 
2509 34 100030 
2510 449 100097 
2511 513 100030 
2512 636 100022 
2513 594 100037 
2514 618 100016 
2515 871 100037 
2516 312 100065 
2517 813 100019 
2518 490 100038 
2519 557 100097 
2520 398 100077 
2521 306 100017 
2522 918 100010 
2523 66 100022 
2524 944 100024 
2525 844 100014 
2526 411 100011 
2527 740 100075 
2528 480 100071 
2529 541 100048 
2530 707 100061 
2531 532 100037 
2532 996 100082 
2533 348 100039 
2534 487 100066 
2535 508 100010 
2536 348 100094 
2537 473 100032 
2538 939 100097 
2539 9 100038 
2540 720 100049 
2541 782 100023 
2542 558 100010 
2543 90 100093 
2544 900 100081 
2545 637 100025 
2546 73 100003 
2547 617 100063 
2548 421 100037 
2549 454 100055 
2550 333 100080 
2551 647 100002 
2552 130 100038 
2553 343 100088 
2554 287 100011 
2555 321 100004 
2556 806 100019 
2557 380 100038 
2558 886 100065 
2559 431 100005 
2560 986 100021 
2561 46 100056 
2562 505 100002 
2563 57 100056 
2564 629 100094 
2565 477 100093 
2566 554 100052 
2567 98 100083 
2568 437 100065 
2569 809 100067 
2570 407 100033 
2571 479 100033 
2572 765 100036 
2573 50 100017 
2574 725 100080 
2575 70 100059 
2576 943 100004 
2577 181 100057 
2578 741 100067 
2579 905 100091 
2580 569 100053 
2581 695 100050 
2582 826 100047 
2583 754 100014 
2584 970 100047 
2585 745 100071 
2586 566 100086 
2587 350 100063 
2588 595 100001 
2589 52 100033 
2590 570 100067 
2591 708 100022 
2592 231 100089 
2593 116 100008 
2594 788 100049 
2595 237 100057 
2596 477 100005 
2597 503 100046 
2598 936 100088 
2599 947 100025 
2600 643 100039 
2601 61 100027 
2602 241 100078 
2603 524 100006 
2604 218 100078 
2605 263 100022 
2606 726 100083 
2607 69 100074 
2608 838 100058 
2609 185 100054 
2610 760 100000 
2611 128 100038 
2612 877 100068 
2613 321 100066 
2614 360 100063 
2615 713 100000 
2616 77 100007 
2617 479 100090 
2618 635 100037 
2619 378 100065 
2620 639 100091 
2621 901 100065 
2622 223 100042 
2623 4 100076 
2624 136 100053 
2625 63 100009 
2626 5 100073 
2627 272 100085 
2628 700 100008 
2629 961 100056 
2630 998 100037 
2631 327 100082 
2632 747 100057 
2633 309 100066 
2634 752 100064 
2635 7 100053 
2636 351 100075 
2637 580 100048 
2638 768 100079 
2639 446 100036 
2640 497 100048 
2641 794 100098 
2642 759 100063 
2643 662 100082 
2644 672 100062 
2645 636 100009 
2646 767 100089 
2647 714 100004 
2648 587 100026 
2649 666 100062 
2650 845 100082 
2651 877 100073 
2652 100 100087 
2653 143 100036 
2654 254 100039 
2655 679 100001 
2656 973 100071 
2657 718 100085 
2658 75 100094 
2659 873 100046 
2660 684 100065 
2661 964 100058 
2662 759 100067 
2663 141 100045 
2664 80 100069 
2665 850 100009 
2666 877 100023 
2667 881 100098 
2668 507 100039 
2669 474 100086 
2670 852 100036 
2671 610 100087 
2672 271 100020 
2673 759 100091 
2674 933 100070 
2675 211 100037 
2676 155 100026 
2677 623 100033 
2678 553 100027 
2679 253 100010 
2680 214 100020 
2681 882 100073 
2682 253 100036 
2683 886 100052 
2684 800 100039 
2685 321 100024 
2686 471 100065 
2687 788 100059 
2688 485 100013 
2689 193 100050 
2690 32 100052 
2691 297 100078 
2692 499 100098 
2693 696 100060 
2694 745 100006 
2695 94 100027 
2696 984 100093 
2697 76 100025 
2698 856 100092 
2699 969 100049 
2700 751 100039 
2701 513 100092 
2702 394 100042 
2703 65 100025 
2704 833 100095 
2705 17 100007 
2706 712 100095 
2707 638 100014 
2708 678 100007 
2709 19 100065 
2710 684 100059 
2711 411 100027 
2712 699 100097 
2713 190 100009 
2714 170 100067 
2715 558 100000 
2716 267 100058 
2717 188 100036 
2718 929 100048 
2719 820 100072 
2720 217 100026 
2721 442 100055 
2722 793 100079 
2723 863 100016 
2724 705 100029 
2725 820 100046 
2726 717 100094 
2727 10 100098 
2728 76 100052 
2729 491 100069 
2730 248 100013 
2731 552 100095 
2732 2 100005 
2733 704 100066 
2734 353 100006 
2735 370 100013 
2736 895 100030 
2737 992 100008 
2738 416 100085 
2739 656 100061 
2740 640 100014 
2741 55 100081 
2742 944 100015 
2743 268 100045 
2744 301 100025 
2745 919 100013 
2746 869 100059 
2747 596 100074 
2748 150 100072 
2749 920 100060 
2750 453 100052 
2751 991 100027 
2752 752 100071 
2753 79 100020 
2754 985 100064 
2755 756 100036 
2756 527 100008 
2757 449 100088 
2758 946 100059 
2759 824 100099 
2760 187 100002 
2761 62 100093 
2762 438 100060 
2763 86 100074 
2764 325 100039 
2765 920 100092 
2766 202 100090 
2767 774 100075 
2768 672 100028 
2769 235 100033 
2770 463 100076 
2771 960 100050 
2772 538 100088 
2773 764 100070 
2774 495 100053 
2775 64 100034 
2776 474 100089 
2777 164 100085 
2778 366 100000 
2779 385 100055 
2780 25 100093 
2781 820 100005 
2782 363 100057 
2783 156 100024 
2784 867 100022 
2785 416 100025 
2786 478 100033 
2787 720 100014 
2788 941 100078 
2789 134 100022 
2790 761 100002 
2791 80 100007 
2792 742 100095 
2793 62 100061 
2794 473 100024 
2795 314 100060 
2796 424 100051 
2797 657 100098 
2798 412 100092 
2799 756 100079 
2800 429 100081 
2801 963 100038 
2802 779 100040 
2803 855 100097 
2804 36 100086 
2805 434 100070 
2806 750 100000 
2807 734 100028 
2808 771 100096 
2809 94 100069 
2810 892 100059 
2811 901 100045 
2812 44 100061 
2813 65 100069 
2814 226 100099 
2815 876 100079 
2816 242 100036 
2817 927 100058 
2818 89 100040 
2819 682 100086 
2820 266 100019 
2821 900 100001 
2822 466 100033 
2823 340 100057 
2824 341 100087 
2825 298 100021 
2826 394 100009 
2827 405 100052 
2828 514 100051 
2829 578 100073 
2830 304 100043 
2831 21 100001 
2832 62 100097 
2833 576 100011 
2834 484 100037 
2835 269 100078 
2836 893 100074 
2837 793 100062 
2838 824 100044 
2839 303 100005 
2840 703 100001 
2841 573 100073 
2842 448 100054 
2843 663 100054 
2844 214 100045 
2845 879 100066 
2846 3 100083 
2847 206 100033 
2848 548 100070 
2849 42 100083 
2850 945 100036 
2851 275 100025 
2852 839 100051 
2853 763 100083 
2854 244 100090 
2855 666 100037 
2856 791 100074 
2857 75 100009 
2858 9 100099 
2859 943 100077 
2860 644 100098 
2861 212 100095 
2862 358 100067 
2863 625 100094 
2864 170 100028 
2865 257 100037 
2866 891 100068 
2867 385 100058 
2868 158 100038 
2869 48 100091 
2870 875 100062 
2871 834 100028 
2872 871 100034 
2873 344 100082 
2874 618 100055 
2875 472 100017 
2876 224 100087 
2877 509 100006 
2878 566 100091 
2879 643 100080 
2880 226 100018 
2881 385 100012 
2882 655 100021 
2883 43 100077 
2884 372 100091 
2885 642 100054 
2886 608 100052 
2887 395 100095 
2888 925 100025 
2889 305 100098 
2890 230 100062 
2891 887 100065 
2892 333 100020 
2893 614 100086 
2894 237 100064 
2895 87 100064 
2896 521 100062 
2897 430 100078 
2898 712 100007 
2899 300 100047 
2900 622 100001 
2901 783 100072 
2902 728 100032 
2903 408 100017 
2904 595 100054 
2905 536 100062 
2906 833 100076 
2907 592 100026 
2908 841 100097 
2909 172 100003 
2910 186 100017 
2911 627 100054 
2912 156 100014 
2913 157 100002 
2914 259 100043 
2915 969 100024 
2916 800 100033 
2917 2 100009 
2918 238 100075 
2919 854 100055 
2920 566 100034 
2921 939 100014 
2922 728 100010 
2923 742 100072 
2924 830 100045 
2925 185 100057 
2926 630 100038 
2927 752 100021 
2928 837 100083 
2929 425 100080 
2930 66 100044 
2931 126 100099 
2932 134 100003 
2933 823 100084 
2934 342 100035 
2935 544 100016 
2936 218 100097 
2937 557 100031 
2938 366 100051 
2939 846 100005 
2940 914 100018 
2941 907 100032 
2942 471 100011 
2943 717 100081 
2944 201 100093 
2945 838 100044 
2946 812 100026 
2947 678 100040 
2948 820 100042 
2949 643 100035 
2950 437 100039 
2951 604 100085 
2952 355 100095 
2953 554 100067 
2954 559 100072 
2955 636 100076 
2956 871 100090 
2957 917 100076 
2958 689 100097 
2959 20 100035 
2960 540 100036 
2961 160 100065 
2962 978 100073 
2963 470 100088 
2964 286 100000 
2965 120 100013 
2966 310 100008 
2967 948 100077 
2968 917 100016 
2969 830 100051 
2970 416 100003 
2971 443 100011 
2972 410 100038 
2973 939 100057 
2974 271 100035 
2975 978 100039 
2976 706 100019 
2977 747 100089 
2978 811 100038 
2979 377 100023 
2980 912 100099 
2981 108 100026 
2982 910 100008 
2983 980 100009 
2984 652 100067 
2985 662 100092 
2986 180 100022 
2987 720 100034 
2988 1000 100065 
2989 681 100011 
2990 805 100066 
2991 474 100004 
2992 662 100007 
2993 988 100067 
2994 912 100064 
2995 12 100044 
2996 845 100024 
2997 330 100071 
2998 208 100094 
2999 514 100061 
3000 532 100045 
3001 572 100024 
3002 336 100096 
3003 894 100054 
3004 723 100049 
3005 468 100018 
3006 896 100020 
3007 273 100091 
3008 622 100012 
3009 869 100071 
3010 63 100012 
3011 883 100080 
3012 755 100007 
3013 654 100082 
3014 392 100094 
3015 623 100044 
3016 832 100074 
3017 470 100061 
3018 895 100090 
3019 426 100051 
3020 24 100096 
3021 598 100062 
3022 763 100011 
3023 811 100087 
3024 69 100018 
3025 148 100053 
3026 979 100088 
3027 810 100042 
3028 972 100047 
3029 468 100048 
3030 803 100081 
3031 898 100046 
3032 846 100005 
3033 886 100053 
3034 838 100075 
3035 256 100016 
3036 939 100063 
3037 149 100079 
3038 498 100011 
3039 771 100017 
3040 422 100060 
3041 996 100041 
3042 881 100062 
3043 444 100083 
3044 909 100090 
3045 240 100049 
3046 844 100097 
3047 325 100068 
3048 312 100004 
3049 962 100090 
3050 864 100055 
3051 636 100053 
3052 399 100093 
3053 204 100073 
3054 858 100026 
3055 918 100096 
3056 590 100088 
3057 545 100023 
3058 412 100097 
3059 454 100071 
3060 475 100014 
3061 183 100017 
3062 640 100041 
3063 349 100002 
3064 891 100069 
3065 238 100062 
3066 337 100098 
3067 873 100031 
3068 378 100004 
3069 63 100093 
3070 415 100050 
3071 824 100065 
3072 458 100024 
3073 319 100075 
3074 73 100098 
3075 587 100036 
3076 576 100056 
3077 915 100012 
3078 314 100098 
3079 494 100059 
3080 132 100077 
3081 892 100023 
3082 910 100085 
3083 404 100090 
3084 807 100054 
3085 994 100005 
3086 355 100026 
3087 92 100060 
3088 20 100037 
3089 266 100021 
3090 891 100087 
3091 441 100089 
3092 793 100092 
3093 418 100023 
3094 774 100030 
3095 43 100068 
3096 757 100020 
3097 553 100040 
3098 450 100099 
3099 256 100001 
3100 633 100004 
3101 370 100030 
3102 421 100034 
3103 591 100020 
3104 993 100066 
3105 103 100038 
3106 14 100063 
3107 121 100048 
3108 802 100017 
3109 631 100088 
3110 305 100016 
3111 529 100028 
3112 987 100013 
3113 330 100024 
3114 706 100000 
3115 418 100037 
3116 765 100010 
3117 417 100000 
3118 542 100071 
3119 885 100033 
3120 773 100085 
3121 537 100000 
3122 543 100003 
3123 618 100077 
3124 895 100076 
3125 510 100036 
3126 478 100096 
3127 147 100064 
3128 770 100094 
3129 226 100033 
3130 753 100040 
3131 894 100041 
3132 280 100064 
3133 341 100004 
3134 196 100032 
3135 449 100020 
3136 36 100080 
3137 395 100004 
3138 521 100016 
3139 46 100073 
3140 547 100093 
3141 563 100047 
3142 762 100078 
3143 110 100075 
3144 454 100089 
3145 132 100038 
3146 107 100048 
3147 848 100058 
3148 684 100049 
3149 185 100000 
3150 418 100073 
3151 904 100041 
3152 58 100084 
3153 819 100054 
3154 41 100059 
3155 266 100020 
3156 324 100056 
3157 843 100086 
3158 504 100071 
3159 38 100038 
3160 426 100027 
3161 799 100002 
3162 101 100011 
3163 251 100063 
3164 446 100022 
3165 712 100085 
3166 461 100066 
3167 86 100055 
3168 602 100001 
3169 580 100003 
3170 986 100063 
3171 841 100017 
3172 885 100041 
3173 640 100095 
3174 964 100010 
3175 343 100004 
3176 788 100027 
3177 724 100095 
3178 866 100033 
3179 211 100045 
3180 706 100039 
3181 849 100032 
3182 56 100000 
3183 430 100062 
3184 362 100026 
3185 243 100021 
3186 888 100045 
3187 72 100068 
3188 625 100003 
3189 304 100084 
3190 611 100096 
3191 780 100046 
3192 991 100011 
3193 384 100012 
3194 215 100095 
3195 510 100055 
3196 292 100052 
3197 373 100007 
3198 264 100006 
3199 733 100063 
3200 725 100009 
3201 970 100017 
3202 184 100040 
3203 907 100046 
3204 182 100095 
3205 390 100003 
3206 985 100071 
3207 218 100007 
3208 918 100013 
3209 32 100053 
3210 791 100068 
3211 166 100002 
3212 176 100025 
3213 585 100036 
3214 984 100008 
3215 687 100042 
3216 798 100012 
3217 119 100036 
3218 933 100004 
3219 445 100067 
3220 510 100013 
3221 118 100026 
3222 656 100077 
3223 164 100088 
3224 119 100062 
3225 526 100046 
3226 934 100044 
3227 400 100094 
3228 162 100097 
3229 650 100089 
3230 292 100019 
3231 495 100042 
3232 834 100060 
3233 421 100000 
3234 828 100081 
3235 211 100074 
3236 774 100065 
3237 756 100019 
3238 814 100074 
3239 695 100001 
3240 588 100034 
3241 392 100079 
3242 225 100079 
3243 495 100058 
3244 661 100077 
3245 595 100048 
3246 961 100018 
3247 98 100064 
3248 358 100084 
3249 951 100046 
3250 72 100059 
3251 609 100024 
3252 866 100014 
3253 532 100056 
3254 295 100056 
3255 71 100097 
3256 466 100012 
3257 145 100072 
3258 219 100034 
3259 352 100042 
3260 887 100037 
3261 824 100027 
3262 282 100089 
3263 644 100027 
3264 948 100066 
3265 804 100047 
3266 901 100083 
3267 963 100088 
3268 734 100002 
3269 955 100035 
3270 942 100093 
3271 231 100028 
3272 709 100054 
3273 365 100065 
3274 89 100084 
3275 423 100031 
3276 298 100069 
3277 765 100040 
3278 836 100076 
3279 864 100028 
3280 897 100016 
3281 781 100057 
3282 160 100092 
3283 388 100075 
3284 398 100087 
3285 67 100082 
3286 599 100032 
3287 36 100011 
3288 489 100002 
3289 577 100094 
3290 230 100093 
3291 207 100077 
3292 356 100064 
3293 774 100094 
3294 858 100052 
3295 235 100078 
3296 521 100051 
3297 447 100038 
3298 740 100039 
3299 784 100016 
3300 958 100074 
3301 466 100008 
3302 247 100057 
3303 386 100086 
3304 330 100025 
3305 519 100083 
3306 238 100026 
3307 725 100011 
3308 287 100044 
3309 839 100076 
3310 552 100000 
3311 856 100042 
3312 752 100071 
3313 311 100016 
3314 670 100067 
3315 829 100028 
3316 402 100046 
3317 139 100008 
3318 825 100049 
3319 732 100088 
3320 692 100086 
3321 637 100076 
3322 854 100098 
3323 605 100085 
3324 696 100011 
3325 245 100052 
3326 115 100080 
3327 117 100035 
3328 217 100064 
3329 487 100037 
3330 193 100075 
3331 565 100079 
3332 109 100001 
3333 530 100056 
3334 570 100043 
3335 879 100041 
3336 219 100003 
3337 309 100077 
3338 921 100061 
3339 274 100000 
3340 707 100061 
3341 906 100081 
3342 478 100025 
3343 667 100038 
3344 602 100073 
3345 133 100020 
3346 481 100042 
3347 220 100087 
3348 693 100085 
3349 76 100091 
3350 316 100003 
3351 359 100039 
3352 378 100066 
3353 189 100034 
3354 260 100071 
3355 401 100000 
3356 76 100056 
3357 796 100027 
3358 934 100046 
3359 129 100023 
3360 478 100047 
3361 428 100064 
3362 523 100073 
3363 104 100027 
3364 588 100067 
3365 203 100009 
3366 318 100082 
3367 968 100027 
3368 655 100072 
3369 40 100095 
3370 666 100037 
3371 270 100016 
3372 599 100006 
3373 798 100029 
3374 534 100063 
3375 625 100033 
3376 672 100082 
3377 32 100047 
3378 179 100030 
3379 426 100045 
3380 744 100087 
3381 565 100037 
3382 450 100002 
3383 653 100083 
3384 244 100009 
3385 35 100032 
3386 359 100006 
3387 644 100021 
3388 600 100028 
3389 948 100041 
3390 795 100032 
3391 288 100084 
3392 278 100074 
3393 966 100060 
3394 339 100072 
3395 25 100021 
3396 947 100072 
3397 676 100073 
3398 860 100029 
3399 730 100003 
3400 543 100089 
3401 384 100001 
3402 968 100094 
3403 552 100022 
3404 195 100050 
3405 755 100074 
3406 751 100074 
3407 426 100017 
3408 602 100090 
3409 680 100026 
3410 793 100072 
3411 135 100064 
3412 546 100087 
3413 846 100040 
3414 896 100051 
3415 748 100010 
3416 250 100055 
3417 5 100035 
3418 369 100081 
3419 166 100036 
3420 395 100040 
3421 13 100028 
3422 209 100068 
3423 698 100016 
3424 57 100056 
3425 428 100079 
3426 785 100060 
3427 121 100098 
3428 977 100061 
3429 510 100066 
3430 67 100054 
3431 271 100009 
3432 914 100076 
3433 348 100040 
3434 244 100016 
3435 177 100090 
3436 230 100034 
3437 240 100019 
3438 930 100062 
3439 916 100092 
3440 935 100026 
3441 61 100094 
3442 742 100026 
3443 371 100050 
3444 572 100067 
3445 40 100047 
3446 801 100076 
3447 719 100036 
3448 979 100072 
3449 323 100045 
3450 207 100022 
3451 974 100005 
3452 926 100055 
3453 655 100027 
3454 304 100065 
3455 374 100021 
3456 360 100096 
3457 127 100051 
3458 588 100065 
3459 32 100073 
3460 767 100068 
3461 833 100099 
3462 772 100076 
3463 127 100006 
3464 329 100055 
3465 29 100011 
3466 46 100024 
3467 792 100009 
3468 593 100056 
3469 782 100028 
3470 263 100020 
3471 850 100089 
3472 760 100076 
3473 454 100094 
3474 40 100070 
3475 565 100062 
3476 406 100091 
3477 459 100018 
3478 979 100095 
3479 612 100059 
3480 96 100080 
3481 878 100028 
3482 884 100080 
3483 77 100021 
3484 905 100057 
3485 305 100018 
3486 546 100079 
3487 629 100065 
3488 291 100076 
3489 918 100027 
3490 373 100016 
3491 302 100069 
3492 444 100063 
3493 44 100032 
3494 543 100032 
3495 698 100060 
3496 852 100053 
3497 51 100073 
3498 597 100076 
3499 279 100081 
3500 163 100077 
3501 428 100005 
3502 869 100078 
3503 306 100071 
3504 77 100018 
3505 571 100049 
3506 415 100059 
3507 894 100004 
3508 287 100057 
3509 407 100037 
3510 806 100015 
3511 108 100044 
3512 473 100032 
3513 406 100019 
3514 366 100019 
3515 50 100050 
3516 539 100094 
3517 899 100057 
3518 85 100026 
3519 662 100015 
3520 922 100072 
3521 378 100074 
3522 235 100055 
3523 994 100068 
3524 522 100065 
3525 136 100045 
3526 908 100088 
3527 423 100052 
3528 570 100058 
3529 845 100040 
3530 74 100006 
3531 467 100039 
3532 749 100094 
3533 595 100098 
3534 949 100054 
3535 861 100084 
3536 965 100002 
3537 774 100049 
3538 997 100057 
3539 469 100012 
3540 160 100086 
3541 427 100020 
3542 595 100075 
3543 439 100036 
3544 525 100062 
3545 587 100026 
3546 846 100036 
3547 630 100078 
3548 861 100062 
3549 359 100028 
3550 9 100006 
3551 122 100063 
3552 684 100078 
3553 539 100002 
3554 935 100024 
3555 628 100094 
3556 110 100069 
3557 684 100010 
3558 66 100033 
3559 95 100087 
3560 156 100018 
3561 324 100095 
3562 669 100045 
3563 255 100040 
3564 935 100010 
3565 698 100043 
3566 438 100062 
3567 130 100040 
3568 665 100070 
3569 381 100089 
3570 544 100020 
3571 259 100022 
3572 449 100091 
3573 816 100068 
3574 362 100021 
3575 516 100086 
3576 813 100048 
3577 108 100009 
3578 675 100097 
3579 865 100083 
3580 798 100085 
3581 850 100056 
3582 816 100007 
3583 633 100089 
3584 489 100051 
3585 592 100071 
3586 593 100057 
3587 566 100097 
3588 35 100090 
3589 177 100032 
3590 881 100064 
3591 857 100080 
3592 802 100001 
3593 815 100083 
3594 397 100025 
3595 681 100091 
3596 896 100028 
3597 939 100093 
3598 393 100084 
3599 523 100021 
3600 681 100069 
3601 8 100034 
3602 776 100048 
3603 808 100038 
3604 929 100066 
3605 453 100043 
3606 27 100020 
3607 675 100081 
3608 608 100021 
3609 881 100012 
3610 918 100000 
3611 826 100047 
3612 31 100063 
3613 207 100075 
3614 832 100049 
3615 419 100018 
3616 411 100096 
3617 450 100099 
3618 1000 100040 
3619 62 100018 
3620 39 100005 
3621 943 100057 
3622 659 100055 
3623 342 100043 
3624 955 100079 
3625 375 100038 
3626 930 100086 
3627 977 100012 
3628 777 100014 
3629 700 100038 
3630 766 100011 
3631 253 100012 
3632 684 100031 
3633 408 100030 
3634 670 100001 
3635 515 100013 
3636 625 100065 
3637 139 100051 
3638 357 100017 
3639 38 100099 
3640 559 100064 
3641 636 100016 
3642 758 100083 
3643 938 100049 
3644 240 100037 
3645 252 100075 
3646 625 100009 
3647 655 100096 
3648 512 100095 
3649 920 100051 
3650 253 100072 
3651 236 100082 
3652 202 100071 
3653 5 100035 
3654 534 100016 
3655 846 100091 
3656 488 100021 
3657 252 100049 
3658 46 100000 
3659 528 100007 
3660 977 100003 
3661 157 100064 
3662 556 100035 
3663 275 100022 
3664 386 100068 
3665 629 100098 
3666 314 100024 
3667 589 100097 
3668 264 100047 
3669 194 100042 
3670 233 100062 
3671 667 100059 
3672 434 100051 
3673 955 100047 
3674 469 100012 
3675 809 100009 
3676 433 100058 
3677 450 100094 
3678 436 100046 
3679 29 100033 
3680 464 100014 
3681 91 100016 
3682 536 100057 
3683 953 100055 
3684 86 100004 
3685 372 100093 
3686 906 100038 
3687 936 100059 
3688 256 100081 
3689 205 100073 
3690 463 100007 
3691 38 100092 
3692 410 100032 
3693 207 100046 
3694 932 100072 
3695 114 100081 
3696 677 100073 
3697 678 100075 
3698 971 100071 
3699 558 100048 
3700 591 100028 
3701 377 100010 
3702 934 100053 
3703 810 100001 
3704 720 100010 
3705 990 100051 
3706 752 100062 
3707 790 100063 
3708 776 100021 
3709 1000 100086 
3710 521 100051 
3711 806 100043 
3712 148 100060 
3713 443 100012 
3714 520 100043 
3715 909 100003 
3716 728 100065 
3717 236 100035 
3718 712 100077 
3719 509 100076 
3720 332 100033 
3721 259 100065 
3722 173 100008 
3723 907 100087 
3724 905 100083 
3725 250 100072 
3726 742 100023 
3727 573 100099 
3728 19 100048 
3729 565 100068 
3730 226 100084 
3731 989 100096 
3732 646 100016 
3733 961 100082 
3734 765 100088 
3735 533 100074 
3736 786 100031 
3737 87 100026 
3738 834 100025 
3739 338 100063 
3740 288 100024 
3741 311 100098 
3742 55 100094 
3743 970 100072 
3744 796 100009 
3745 295 100053 
3746 678 100026 
3747 392 100073 
3748 99 100061 
3749 620 100089 
3750 384 100073 
3751 869 100015 
3752 500 100084 
3753 901 100068 
3754 866 100029 
3755 334 100072 
3756 945 100037 
3757 237 100026 
3758 753 100070 
3759 850 100035 
3760 356 100027 
3761 431 100077 
3762 815 100074 
3763 826 100087 
3764 364 100067 
3765 769 100026 
3766 517 100081 
3767 833 100024 
3768 359 100023 
3769 963 100074 
3770 625 100081 
3771 932 100098 
3772 895 100062 
3773 31 100046 
3774 303 100094 
3775 465 100067 
3776 767 100089 
3777 392 100074 
3778 617 100075 
3779 137 100077 
3780 733 100059 
3781 813 100075 
3782 889 100019 
3783 607 100093 
3784 311 100070 
3785 196 100072 
3786 315 100092 
3787 872 100004 
3788 296 100091 
3789 633 100076 
3790 510 100015 
3791 714 100029 
3792 282 100073 
3793 718 100078 
3794 537 100021 
3795 343 100020 
3796 922 100065 
3797 130 100082 
3798 88 100027 
3799 401 100061 
3800 456 100043 
3801 813 100066 
3802 637 100014 
3803 725 100054 
3804 710 100011 
3805 287 100031 
3806 401 100055 
3807 50 100004 
3808 166 100085 
3809 286 100067 
3810 51 100060 
3811 673 100003 
3812 655 100061 
3813 838 100081 
3814 572 100029 
3815 212 100028 
3816 350 100059 
3817 864 100080 
3818 339 100000 
3819 648 100050 
3820 918 100036 
3821 694 100090 
3822 932 100056 
3823 637 100093 
3824 578 100081 
3825 530 100071 
3826 81 100097 
3827 186 100012 
3828 808 100047 
3829 444 100039 
3830 188 100058 
3831 259 100079 
3832 741 100009 
3833 659 100054 
3834 736 100017 
3835 341 100013 
3836 453 100016 
3837 544 100039 
3838 588 100046 
3839 534 100011 
3840 441 100095 
3841 392 100040 
3842 417 100099 
3843 999 100027 
3844 488 100094 
3845 360 100059 
3846 73 100013 
3847 771 100090 
3848 873 100067 
3849 625 100036 
3850 712 100081 
3851 391 100029 
3852 373 100051 
3853 195 100093 
3854 756 100095 
3855 714 100023 
3856 919 100049 
3857 267 100084 
3858 647 100078 
3859 972 100013 
3860 157 100092 
3861 255 100031 
3862 953 100038 
3863 344 100096 
3864 278 100075 
3865 630 100023 
3866 816 100084 
3867 827 100046 
3868 307 100027 
3869 666 100067 
3870 633 100021 
3871 396 100013 
3872 231 100064 
3873 143 100073 
3874 382 100059 
3875 996 100085 
3876 257 100018 
3877 739 100018 
3878 583 100053 
3879 701 100066 
3880 839 100078 
3881 398 100065 
3882 595 100003 
3883 885 100019 
3884 899 100054 
3885 185 100059 
3886 550 100087 
3887 161 100072 
3888 711 100060 
3889 872 100045 
3890 946 100045 
3891 100 100092 
3892 778 100095 
3893 938 100052 
3894 888 100023 
3895 975 100047 
3896 770 100012 
3897 789 100019 
3898 325 100037 
3899 448 100077 
3900 168 100074 
3901 652 100024 
3902 128 100026 
3903 437 100012 
3904 89 100009 
3905 978 100099 
3906 112 100032 
3907 391 100070 
3908 266 100074 
3909 998 100053 
3910 239 100099 
3911 386 100036 
3912 81 100049 
3913 471 100037 
3914 627 100094 
3915 465 100071 
3916 408 100072 
3917 647 100046 
3918 682 100076 
3919 356 100018 
3920 83 100023 
3921 178 100067 
3922 3 100016 
3923 819 100042 
3924 126 100022 
3925 709 100073 
3926 73 100045 
3927 609 100040 
3928 377 100004 
3929 345 100079 
3930 232 100046 
3931 811 100002 
3932 622 100075 
3933 175 100013 
3934 736 100083 
3935 41 100030 
3936 799 100081 
3937 563 100092 
3938 823 100062 
3939 938 100028 
3940 482 100072 
3941 410 100059 
3942 369 100038 
3943 969 100028 
3944 214 100046 
3945 878 100022 
3946 881 100078 
3947 948 100089 
3948 277 100022 
3949 374 100057 
3950 270 100074 
3951 265 100023 
3952 258 100024 
3953 88 100084 
3954 681 100089 
3955 624 100073 
3956 858 100052 
3957 137 100081 
3958 803 100049 
3959 782 100091 
3960 188 100063 
3961 841 100048 
3962 17 100021 
3963 374 100089 
3964 419 100088 
3965 490 100054 
3966 426 100086 
3967 887 100057 
3968 328 100064 
3969 951 100070 
3970 124 100093 
3971 907 100033 
3972 834 100082 
3973 991 100086 
3974 596 100046 
3975 875 100046 
3976 167 100027 
3977 88 100078 
3978 373 100068 
3979 61 100033 
3980 922 100094 
3981 750 100012 
3982 461 100066 
3983 608 100034 
3984 661 100008 
3985 803 100074 
3986 365 100030 
3987 36 100095 
3988 166 100013 
3989 566 100022 
3990 327 100042 
3991 797 100049 
3992 915 100089 
3993 247 100061 
3994 56 100021 
3995 502 100010 
3996 575 100096 
3997 798 100055 
3998 133 100094 
3999 800 100063 
4000 917 100014 
4001 801 100056 
4002 31 100021 
4003 386 100048 
4004 825 100022 
4005 612 100081 
4006 561 100043 
4007 776 100074 
4008 732 100051 
4009 160 100095 
4010 950 100030 
4011 381 100012 
4012 62 100069 
4013 446 100071 
4014 13 100010 
4015 818 100050 
4016 820 100096 
4017 11 100016 
4018 847 100093 
4019 583 100043 
4020 617 100097 
4021 508 100011 
4022 437 100063 
4023 383 100044 
4024 78 100067 
4025 728 100042 
4026 196 100014 
4027 454 100018 
4028 83 100023 
4029 627 100056 
4030 818 100067 
4031 579 100027 
4032 261 100031 
4033 487 100010 
4034 840 100019 
4035 712 100085 
4036 304 100086 
4037 914 100057 
4038 255 100018 
4039 231 100061 
4040 564 100034 
4041 956 100040 
4042 925 100058 
4043 52 100056 
4044 770 100020 
4045 847 100034 
4046 455 100080 
4047 967 100013 
4048 238 100039 
4049 751 100082 
4050 886 100053 
4051 457 100085 
4052 612 100081 
4053 242 100005 
4054 196 100006 
4055 907 100057 
4056 988 100055 
4057 455 100023 
4058 669 100061 
4059 908 100059 
4060 71 100057 
4061 424 100069 
4062 9 100077 
4063 618 100073 
4064 721 100075 
4065 601 100060 
4066 22 100013 
4067 477 100040 
4068 199 100065 
4069 296 100024 
4070 271 100005 
4071 240 100002 
4072 856 100092 
4073 229 100033 
4074 433 100051 
4075 193 100007 
4076 670 100058 
4077 457 100045 
4078 34 100079 
4079 311 100043 
4080 180 100065 
4081 24 100072 
4082 739 100074 
4083 857 100065 
4084 46 100051 
4085 33 100038 
4086 61 100058 
4087 562 100033 
4088 646 100043 
4089 250 100056 
4090 381 100048 
4091 825 100067 
4092 395 100086 
4093 766 100098 
4094 33 100016 
4095 18 100017 
4096 329 100067 
4097 840 100062 
4098 217 100029 
4099 840 100065 
4100 870 100027 
4101 655 100075 
4102 553 100086 
4103 949 100012 
4104 864 100061 
4105 498 100074 
4106 947 100013 
4107 741 100044 
4108 697 100059 
4109 795 100013 
4110 400 100006 
4111 337 100098 
4112 421 100002 
4113 886 100038 
4114 373 100081 
4115 935 100091 
4116 297 100053 
4117 256 100019 
4118 375 100011 
4119 108 100015 
4120 11 100034 
4121 626 100009 
4122 754 100057 
4123 452 100013 
4124 30 100091 
4125 716 100064 
4126 331 100093 
4127 982 100044 
4128 228 100009 
4129 84 100060 
4130 603 100002 
4131 770 100000 
4132 668 100036 
4133 551 100047 
4134 524 100043 
4135 780 100069 
4136 403 100073 
4137 716 100036 
4138 755 100068 
4139 144 100099 
4140 532 100078 
4141 94 100088 
4142 782 100011 
4143 429 100047 
4144 154 100058 
4145 176 100084 
4146 230 100060 
4147 261 100004 
4148 706 100050 
4149 32 100033 
4150 963 100061 
4151 120 100099 
4152 372 100063 
4153 854 100062 
4154 140 100006 
4155 710 100009 
4156 377 100066 
4157 212 100038 
4158 918 100054 
4159 452 100064 
4160 451 100091 
4161 109 100062 
4162 114 100035 
4163 67 100006 
4164 57 100049 
4165 823 100074 
4166 17 100090 
4167 614 100064 
4168 202 100048 
4169 731 100013 
4170 57 100080 
4171 857 100076 
4172 479 100062 
4173 257 100012 
4174 855 100017 
4175 205 100099 
4176 507 100069 
4177 791 100067 
4178 963 100084 
4179 880 100082 
4180 44 100089 
4181 937 100027 
4182 801 100049 
4183 671 100093 
4184 681 100056 
4185 471 100060 
4186 548 100057 
4187 614 100043 
4188 939 100081 
4189 707 100091 
4190 467 100061 
4191 620 100067 
4192 534 100068 
4193 674 100081 
4194 638 100098 
4195 890 100065 
4196 702 100052 
4197 824 100030 
4198 872 100038 
4199 338 100021 
4200 628 100047 
4201 254 100051 
4202 860 100029 
4203 977 100027 
4204 777 100080 
4205 86 100020 
4206 328 100065 
4207 943 100048 
4208 735 100047 
4209 234 100033 
4210 975 100062 
4211 427 100099 
4212 573 100044 
4213 162 100033 
4214 192 100041 
4215 401 100081 
4216 209 100036 
4217 637 100097 
4218 466 100033 
4219 598 100007 
4220 45 100079 
4221 572 100013 
4222 706 100033 
4223 808 100068 
4224 524 100036 
4225 932 100084 
4226 656 100007 
4227 848 100007 
4228 819 100043 
4229 562 100006 
4230 744 100011 
4231 721 100028 
4232 811 100029 
4233 374 100064 
4234 252 100024 
4235 968 100048 
4236 363 100017 
4237 114 100060 
4238 692 100093 
4239 339 100080 
4240 863 100001 
4241 418 100076 
4242 88 100021 
4243 188 100090 
4244 574 100043 
4245 940 100067 
4246 209 100035 
4247 965 100075 
4248 5 100040 
4249 55 100099 
4250 822 100034 
4251 403 100001 
4252 702 100007 
4253 965 100035 
4254 210 100010 
4255 381 100066 
4256 310 100007 
4257 634 100058 
4258 720 100036 
4259 404 100023 
4260 680 100040 
4261 516 100074 
4262 770 100085 
4263 266 100022 
4264 836 100094 
4265 883 100034 
4266 474 100099 
4267 5 100083 
4268 540 100022 
4269 960 100028 
4270 633 100022 
4271 930 100090 
4272 939 100073 
4273 743 100011 
4274 790 100084 
4275 444 100043 
4276 238 100040 
4277 934 100045 
4278 44 100026 
4279 636 100044 
4280 724 100058 
4281 806 100017 
4282 39 100048 
4283 528 100094 
4284 552 100099 
4285 463 100061 
4286 684 100056 
4287 518 100075 
4288 211 100033 
4289 957 100041 
4290 510 100038 
4291 495 100069 
4292 436 100089 
4293 199 100094 
4294 661 100076 
4295 22 100049 
4296 810 100057 
4297 612 100064 
4298 774 100044 
4299 233 100093 
4300 325 100081 
4301 278 100052 
4302 304 100017 
4303 908 100074 
4304 722 100025 
4305 608 100050 
4306 499 100045 
4307 418 100086 
4308 478 100028 
4309 193 100095 
4310 272 100030 
4311 574 100082 
4312 560 100076 
4313 553 100095 
4314 301 100035 
4315 995 100044 
4316 81 100031 
4317 1 100080 
4318 40 100003 
4319 57 100066 
4320 540 100026 
4321 293 100000 
4322 489 100074 
4323 57 100053 
4324 912 100089 
4325 498 100003 
4326 490 100013 
4327 613 100027 
4328 114 100017 
4329 401 100094 
4330 840 100034 
4331 987 100036 
4332 294 100096 
4333 396 100012 
4334 568 100073 
4335 721 100060 
4336 597 100096 
4337 782 100009 
4338 620 100044 
4339 383 100007 
4340 941 100080 
4341 661 100053 
4342 678 100023 
4343 362 100091 
4344 246 100036 
4345 89 100093 
4346 954 100016 
4347 621 100045 
4348 273 100061 
4349 676 100010 
4350 277 100035 
4351 567 100056 
4352 849 100098 
4353 545 100043 
4354 546 100059 
4355 817 100015 
4356 547 100088 
4357 710 100039 
4358 905 100082 
4359 407 100075 
4360 703 100059 
4361 796 100084 
4362 183 100081 
4363 524 100062 
4364 102 100074 
4365 339 100097 
4366 683 100061 
4367 120 100072 
4368 788 100026 
4369 385 100004 
4370 588 100083 
4371 435 100014 
4372 237 100026 
4373 10 100096 
4374 102 100045 
4375 640 100046 
4376 873 100016 
4377 718 100015 
4378 532 100069 
4379 965 100064 
4380 537 100082 
4381 919 100092 
4382 204 100096 
4383 431 100083 
4384 777 100058 
4385 746 100083 
4386 656 100016 
4387 1000 100092 
4388 606 100026 
4389 763 100011 
4390 145 100097 
4391 595 100056 
4392 831 100036 
4393 595 100050 
4394 916 100089 
4395 715 100010 
4396 454 100031 
4397 339 100045 
4398 182 100003 
4399 473 100055 
4400 854 100079 
4401 728 100079 
4402 857 100075 
4403 181 100023 
4404 179 100036 
4405 623 100062 
4406 383 100016 
4407 818 100011 
4408 7 100095 
4409 735 100018 
4410 339 100056 
4411 716 100013 
4412 769 100079 
4413 475 100023 
4414 197 100011 
4415 202 100072 
4416 829 100025 
4417 527 100050 
4418 516 100099 
4419 294 100018 
4420 409 100059 
4421 776 100060 
4422 83 100001 
4423 73 100032 
4424 523 100012 
4425 263 100025 
4426 30 100082 
4427 362 100092 
4428 798 100015 
4429 36 100030 
4430 980 100035 
4431 102 100043 
4432 619 100039 
4433 476 100087 
4434 356 100033 
4435 286 100007 
4436 250 100013 
4437 548 100073 
4438 33 100012 
4439 342 100086 
4440 328 100069 
4441 877 100064 
4442 952 100043 
4443 169 100064 
4444 680 100002 
4445 640 100046 
4446 631 100006 
4447 400 100088 
4448 933 100050 
4449 561 100002 
4450 269 100023 
4451 730 100071 
4452 955 100020 
4453 942 100077 
4454 710 100070 
4455 995 100078 
4456 835 100064 
4457 119 100075 
4458 166 100036 
4459 951 100056 
4460 821 100074 
4461 109 100019 
4462 426 100087 
4463 709 100070 
4464 661 100022 
4465 956 100082 
4466 660 100099 
4467 630 100001 
4468 848 100049 
4469 418 100060 
4470 654 100002 
4471 420 100039 
4472 990 100098 
4473 32 100055 
4474 323 100004 
4475 846 100045 
4476 167 100053 
4477 118 100021 
4478 579 100063 
4479 688 100066 
4480 504 100067 
4481 560 100009 
4482 21 100008 
4483 421 100081 
4484 685 100071 
4485 485 100058 
4486 4 100044 
4487 527 100063 
4488 734 100095 
4489 924 100026 
4490 420 100024 
4491 850 100090 
4492 619 100012 
4493 655 100048 
4494 587 100052 
4495 838 100011 
4496 890 100037 
4497 257 100034 
4498 378 100095 
4499 436 100024 
4500 686 100004 
4501 817 100015 
4502 188 100000 
4503 878 100034 
4504 14 100086 
4505 751 100053 
4506 163 100054 
4507 32 100032 
4508 518 100083 
4509 140 100000 
4510 304 100069 
4511 259 100041 
4512 71 100067 
4513 539 100077 
4514 737 100083 
4515 318 100078 
4516 982 100054 
4517 252 100099 
4518 290 100043 
4519 581 100033 
4520 596 100008 
4521 77 100009 
4522 471 100028 
4523 596 100079 
4524 722 100082 
4525 697 100045 
4526 125 100079 
4527 242 100066 
4528 274 100066 
4529 251 100090 
4530 334 100088 
4531 201 100062 
4532 275 100070 
4533 81 100054 
4534 107 100084 
4535 49 100039 
4536 779 100054 
4537 603 100044 
4538 762 100033 
4539 578 100066 
4540 12 100000 
4541 794 100063 
4542 895 100032 
4543 128 100071 
4544 273 100090 
4545 291 100021 
4546 532 100058 
4547 478 100009 
4548 295 100092 
4549 796 100060 
4550 587 100083 
4551 750 100085 
4552 911 100061 
4553 491 100012 
4554 384 100066 
4555 853 100061 
4556 728 100006 
4557 388 100026 
4558 401 100002 
4559 49 100079 
4560 711 100015 
4561 921 100014 
4562 887 100018 
4563 996 100018 
4564 32 100091 
4565 137 100081 
4566 197 100069 
4567 352 100071 
4568 755 100096 
4569 451 100087 
4570 653 100078 
4571 722 100073 
4572 194 100052 
4573 970 100066 
4574 880 100012 
4575 641 100067 
4576 607 100017 
4577 472 100053 
4578 148 100011 
4579 941 100002 
4580 984 100029 
4581 956 100005 
4582 141 100013 
4583 450 100008 
4584 301 100001 
4585 614 100047 
4586 150 100013 
4587 636 100070 
4588 862 100010 
4589 287 100007 
4590 590 100087 
4591 67 100046 
4592 750 100015 
4593 916 100034 
4594 238 100081 
4595 630 100016 
4596 588 100096 
4597 130 100084 
4598 207 100099 
4599 873 100081 
4600 647 100038 
4601 576 100094 
4602 502 100063 
4603 544 100051 
4604 407 100047 
4605 505 100057 
4606 978 100070 
4607 347 100006 
4608 841 100094 
4609 305 100037 
4610 10 100068 
4611 522 100033 
4612 505 100013 
4613 301 100027 
4614 240 100059 
4615 792 100085 
4616 350 100045 
4617 125 100038 
4618 610 100017 
4619 338 100072 
4620 435 100053 
4621 796 100013 
4622 846 100061 
4623 775 100063 
4624 2 100038 
4625 236 100038 
4626 627 100081 
4627 367 100021 
4628 481 100035 
4629 139 100068 
4630 468 100098 
4631 653 100036 
4632 366 100050 
4633 594 100070 
4634 357 100002 
4635 86 100027 
4636 836 100018 
4637 962 100053 
4638 6 100060 
4639 337 100030 
4640 750 100095 
4641 495 100001 
4642 589 100027 
4643 518 100095 
4644 81 100044 
4645 183 100008 
4646 990 100031 
4647 202 100016 
4648 451 100047 
4649 785 100053 
4650 580 100094 
4651 775 100077 
4652 168 100095 
4653 904 100066 
4654 998 100040 
4655 989 100042 
4656 737 100036 
4657 128 100010 
4658 165 100094 
4659 910 100079 
4660 988 100002 
4661 277 100023 
4662 826 100078 
4663 395 100066 
4664 401 100046 
4665 584 100049 
4666 354 100021 
4667 970 100057 
4668 217 100015 
4669 355 100069 
4670 339 100063 
4671 529 100088 
4672 599 100066 
4673 698 100010 
4674 574 100063 
4675 321 100046 
4676 472 100098 
4677 817 100042 
4678 533 100048 
4679 53 100085 
4680 508 100040 
4681 898 100061 
4682 947 100056 
4683 498 100048 
4684 292 100060 
4685 510 100080 
4686 193 100044 
4687 903 100060 
4688 468 100025 
4689 489 100003 
4690 341 100093 
4691 708 100060 
4692 184 100096 
4693 584 100047 
4694 914 100084 
4695 388 100022 
4696 152 100061 
4697 3 100064 
4698 92 100082 
4699 940 100005 
4700 405 100000 
4701 989 100072 
4702 698 100052 
4703 939 100061 
4704 699 100025 
4705 257 100014 
4706 469 100068 
4707 594 100056 
4708 359 100040 
4709 164 100000 
4710 357 100014 
4711 227 100020 
4712 609 100049 
4713 151 100052 
4714 568 100099 
4715 556 100037 
4716 232 100008 
4717 580 100010 
4718 356 100093 
4719 459 100031 
4720 322 100046 
4721 342 100083 
4722 602 100084 
4723 56 100062 
4724 707 100001 
4725 243 100027 
4726 675 100058 
4727 576 100005 
4728 586 100027 
4729 227 100020 
4730 164 100068 
4731 13 100087 
4732 209 100064 
4733 719 100052 
4734 139 100098 
4735 745 100020 
4736 828 100015 
4737 964 100095 
4738 177 100042 
4739 474 100071 
4740 398 100024 
4741 16 100029 
4742 103 100073 
4743 812 100073 
4744 849 100041 
4745 145 100068 
4746 539 100040 
4747 389 100081 
4748 292 100087 
4749 699 100076 
4750 474 100039 
4751 161 100081 
4752 500 100085 
4753 712 100096 
4754 925 100013 
4755 227 100043 
4756 342 100085 
4757 711 100031 
4758 510 100018 
4759 766 100089 
4760 344 100037 
4761 879 100080 
4762 113 100051 
4763 541 100011 
4764 133 100031 
4765 666 100084 
4766 309 100009 
4767 721 100032 
4768 143 100044 
4769 213 100072 
4770 835 100045 
4771 864 100001 
4772 21 100036 
4773 460 100008 
4774 227 100061 
4775 240 100060 
4776 532 100063 
4777 352 100088 
4778 971 100089 
4779 356 100098 
4780 160 100030 
4781 354 100098 
4782 473 100099 
4783 146 100061 
4784 178 100048 
4785 815 100081 
4786 166 100019 
4787 453 100042 
4788 504 100008 
4789 755 100079 
4790 219 100098 
4791 119 100035 
4792 570 100025 
4793 720 100008 
4794 732 100047 
4795 892 100038 
4796 144 100073 
4797 894 100076 
4798 209 100017 
4799 539 100003 
4800 191 100008 
4801 226 100048 
4802 218 100082 
4803 110 100045 
4804 667 100063 
4805 257 100098 
4806 40 100074 
4807 462 100074 
4808 580 100029 
4809 579 100044 
4810 385 100064 
4811 161 100066 
4812 11 100075 
4813 362 100028 
4814 970 100007 
4815 646 100027 
4816 27 100061 
4817 274 100050 
4818 212 100066 
4819 470 100031 
4820 402 100043 
4821 352 100059 
4822 377 100044 
4823 530 100092 
4824 247 100020 
4825 389 100036 
4826 493 100048 
4827 577 100014 
4828 75 100030 
4829 410 100008 
4830 439 100042 
4831 920 100040 
4832 346 100047 
4833 91 100029 
4834 47 100015 
4835 169 100003 
4836 169 100069 
4837 958 100040 
4838 959 100061 
4839 207 100033 
4840 439 100026 
4841 699 100024 
4842 13 100028 
4843 262 100043 
4844 357 100096 
4845 331 100022 
4846 685 100069 
4847 941 100087 
4848 704 100070 
4849 138 100047 
4850 456 100082 
4851 733 100030 
4852 699 100000 
4853 662 100008 
4854 49 100043 
4855 352 100014 
4856 447 100007 
4857 767 100036 
4858 131 100011 
4859 868 100053 
4860 677 100090 
4861 911 100057 
4862 670 100092 
4863 864 100028 
4864 584 100062 
4865 522 100039 
4866 922 100018 
4867 412 100088 
4868 342 100078 
4869 868 100034 
4870 256 100012 
4871 90 100083 
4872 317 100023 
4873 991 100064 
4874 366 100085 
4875 649 100023 
4876 104 100092 
4877 852 100097 
4878 361 100000 
4879 702 100009 
4880 248 100018 
4881 454 100040 
4882 529 100055 
4883 786 100015 
4884 149 100033 
4885 341 100012 
4886 42 100027 
4887 193 100063 
4888 492 100037 
4889 542 100056 
4890 439 100062 
4891 399 100086 
4892 552 100053 
4893 605 100013 
4894 719 100020 
4895 570 100073 
4896 403 100023 
4897 652 100076 
4898 98 100086 
4899 317 100002 
4900 11 100082 
4901 635 100097 
4902 426 100069 
4903 288 100019 
4904 383 100002 
4905 344 100036 
4906 660 100043 
4907 602 100077 
4908 737 100091 
4909 846 100011 
4910 710 100088 
4911 65 100042 
4912 580 100013 
4913 872 100053 
4914 840 100098 
4915 303 100015 
4916 133 100089 
4917 340 100069 
4918 149 100089 
4919 516 100086 
4920 428 100070 
4921 505 100016 
4922 81 100023 
4923 840 100068 
4924 857 100068 
4925 539 100070 
4926 602 100084 
4927 903 100092 
4928 873 100080 
4929 980 100089 
4930 304 100043 
4931 148 100030 
4932 664 100053 
4933 90 100024 
4934 990 100043 
4935 769 100045 
4936 413 100000 
4937 718 100053 
4938 913 100034 
4939 243 100081 
4940 451 100017 
4941 576 100018 
4942 806 100073 
4943 504 100036 
4944 540 100083 
4945 37 100039 
4946 485 100021 
4947 329 100096 
4948 662 100079 
4949 155 100057 
4950 466 100007 
4951 914 100039 
4952 720 100022 
4953 537 100073 
4954 264 100068 
4955 495 100066 
4956 643 100029 
4957 898 100079 
4958 374 100034 
4959 783 100046 
4960 330 100040 
4961 40 100031 
4962 932 100089 
4963 74 100041 
4964 356 100067 
4965 610 100066 
4966 868 100006 
4967 956 100097 
4968 815 100062 
4969 280 100033 
4970 891 100042 
4971 993 100091 
4972 860 100022 
4973 467 100065 
4974 143 100027 
4975 73 100057 
4976 855 100025 
4977 80 100085 
4978 664 100082 
4979 691 100028 
4980 902 100069 
4981 395 100066 
4982 920 100090 
4983 939 100054 
4984 439 100069 
4985 22 100041 
4986 269 100035 
4987 453 100029 
4988 212 100098 
4989 97 100000 
4990 68 100053 
4991 769 100034 
4992 495 100047 
4993 817 100084 
4994 437 100080 
4995 663 100098 
4996 192 100045 
4997 187 100029 
4998 299 100078 
4999 378 100015 
5000 156 100003 
