npieces: 5000
capacity: 370069
1 867 768 
2 1084 985 
3 1039 939 
4 181 80 
5 561 461 
6 521 422 
7 522 422 
8 508 408 
9 1049 950 
10 514 415 
11 791 692 
12 1067 968 
13 449 349 
14 860 761 
15 1058 957 
16 790 689 
17 675 574 
18 185 85 
19 647 546 
20 376 275 
21 834 734 
22 576 476 
23 256 157 
24 384 283 
25 1056 957 
26 810 709 
27 439 339 
28 409 308 
29 851 750 
30 808 708 
31 431 330 
32 875 776 
33 545 444 
34 1047 946 
35 561 461 
36 779 678 
37 329 229 
38 868 769 
39 481 381 
40 119 19 
41 445 344 
42 363 262 
43 1042 943 
44 518 418 
45 460 360 
46 1082 983 
47 902 802 
48 641 542 
49 1083 984 
50 698 597 
51 636 535 
52 624 525 
53 379 278 
54 173 73 
55 532 433 
56 431 332 
57 646 546 
58 283 183 
59 929 829 
60 130 31 
61 609 509 
62 946 847 
63 644 544 
64 138 39 
65 521 420 
66 221 121 
67 136 37 
68 958 859 
69 448 349 
70 578 478 
71 953 854 
72 1022 922 
73 890 791 
74 1095 996 
75 1084 984 
76 897 797 
77 103 3 
78 157 56 
79 206 105 
80 522 423 
81 345 246 
82 239 138 
83 1096 995 
84 619 518 
85 882 782 
86 394 294 
87 971 872 
88 126 25 
89 1078 979 
90 971 872 
91 368 269 
92 829 729 
93 657 557 
94 360 260 
95 844 745 
96 981 882 
97 605 506 
98 744 645 
99 760 661 
100 980 881 
101 314 214 
102 1034 933 
103 911 811 
104 153 53 
105 887 786 
106 1090 991 
107 109 8 
108 627 527 
109 955 855 
110 807 706 
111 422 323 
112 904 804 
113 373 274 
114 697 598 
115 905 806 
116 339 239 
117 996 896 
118 978 878 
119 302 202 
120 542 441 
121 251 152 
122 266 165 
123 536 436 
124 198 99 
125 555 454 
126 920 819 
127 889 788 
128 147 48 
129 1015 915 
130 772 672 
131 998 898 
132 259 158 
133 156 55 
134 153 53 
135 508 409 
136 687 587 
137 149 50 
138 171 71 
139 283 182 
140 142 41 
141 1047 948 
142 201 101 
143 261 160 
144 687 588 
145 798 698 
146 698 599 
147 618 519 
148 212 112 
149 772 673 
150 147 47 
151 578 478 
152 552 453 
153 918 818 
154 1014 913 
155 647 546 
156 928 829 
157 259 159 
158 120 20 
159 511 410 
160 647 546 
161 582 482 
162 834 735 
163 586 487 
164 742 642 
165 229 130 
166 762 663 
167 1071 971 
168 1015 916 
169 641 542 
170 386 286 
171 615 515 
172 662 562 
173 509 409 
174 485 386 
175 812 711 
176 931 831 
177 458 359 
178 307 206 
179 498 399 
180 940 840 
181 425 324 
182 909 809 
183 897 797 
184 714 613 
185 685 585 
186 925 826 
187 330 231 
188 114 14 
189 923 824 
190 601 502 
191 158 59 
192 636 535 
193 281 181 
194 729 629 
195 453 354 
196 634 534 
197 1007 908 
198 222 122 
199 771 671 
200 1029 930 
201 676 575 
202 101 1 
203 746 647 
204 494 395 
205 932 831 
206 876 777 
207 662 561 
208 657 558 
209 619 520 
210 821 722 
211 417 317 
212 317 216 
213 907 807 
214 376 277 
215 314 214 
216 772 672 
217 650 549 
218 549 448 
219 173 74 
220 419 319 
221 374 274 
222 877 777 
223 1019 918 
224 580 480 
225 1025 924 
226 637 536 
227 247 148 
228 470 370 
229 597 496 
230 1027 927 
231 137 38 
232 856 755 
233 936 837 
234 903 803 
235 879 778 
236 223 124 
237 891 790 
238 781 682 
239 962 861 
240 701 601 
241 227 126 
242 616 516 
243 1069 970 
244 884 784 
245 151 51 
246 943 843 
247 269 170 
248 153 54 
249 864 765 
250 952 853 
251 863 763 
252 610 511 
253 722 621 
254 674 574 
255 776 676 
256 609 509 
257 958 857 
258 941 841 
259 776 676 
260 121 21 
261 633 532 
262 267 166 
263 812 711 
264 610 511 
265 891 792 
266 861 762 
267 552 451 
268 175 76 
269 1080 981 
270 961 860 
271 889 788 
272 636 536 
273 645 544 
274 798 699 
275 993 894 
276 570 471 
277 476 375 
278 1071 971 
279 333 233 
280 244 145 
281 213 113 
282 418 319 
283 904 804 
284 1010 911 
285 724 625 
286 488 389 
287 247 148 
288 600 501 
289 1014 913 
290 836 735 
291 712 611 
292 356 256 
293 1053 953 
294 690 590 
295 567 467 
296 442 343 
297 218 119 
298 1020 919 
299 591 490 
300 151 52 
301 425 325 
302 876 775 
303 306 206 
304 503 402 
305 803 704 
306 523 424 
307 253 152 
308 529 430 
309 280 180 
310 943 844 
311 614 514 
312 682 583 
313 287 187 
314 362 262 
315 294 194 
316 794 695 
317 824 725 
318 162 62 
319 138 39 
320 1078 977 
321 804 703 
322 544 443 
323 908 808 
324 1014 915 
325 707 606 
326 643 544 
327 663 562 
328 575 475 
329 1095 994 
330 1068 969 
331 115 16 
332 360 260 
333 970 869 
334 384 285 
335 342 242 
336 971 872 
337 351 251 
338 488 387 
339 684 585 
340 240 140 
341 405 306 
342 435 335 
343 874 774 
344 238 137 
345 485 385 
346 599 499 
347 1067 968 
348 619 518 
349 1087 986 
350 844 744 
351 842 741 
352 941 841 
353 1046 945 
354 160 61 
355 586 485 
356 985 885 
357 233 132 
358 719 620 
359 272 171 
360 687 587 
361 863 762 
362 966 865 
363 362 261 
364 1024 923 
365 170 70 
366 504 404 
367 933 833 
368 134 33 
369 671 572 
370 400 299 
371 421 320 
372 581 482 
373 587 488 
374 280 179 
375 1056 957 
376 514 414 
377 375 275 
378 577 478 
379 441 340 
380 744 645 
381 347 247 
382 808 708 
383 610 509 
384 713 612 
385 460 360 
386 112 12 
387 461 360 
388 963 863 
389 317 218 
390 509 409 
391 1010 911 
392 386 286 
393 971 871 
394 242 143 
395 102 1 
396 382 282 
397 619 520 
398 679 580 
399 576 475 
400 483 382 
401 926 825 
402 319 218 
403 595 494 
404 707 608 
405 588 487 
406 164 65 
407 1089 990 
408 714 615 
409 672 571 
410 635 535 
411 819 719 
412 497 396 
413 698 597 
414 236 137 
415 540 440 
416 334 235 
417 198 99 
418 350 249 
419 756 657 
420 1013 912 
421 350 250 
422 971 871 
423 906 806 
424 760 660 
425 637 537 
426 1037 938 
427 351 251 
428 587 488 
429 206 107 
430 979 878 
431 284 183 
432 642 542 
433 774 674 
434 992 893 
435 1038 939 
436 288 189 
437 578 478 
438 435 336 
439 134 34 
440 112 11 
441 354 254 
442 698 597 
443 541 440 
444 607 506 
445 1095 996 
446 748 648 
447 329 229 
448 586 485 
449 504 403 
450 1096 995 
451 876 777 
452 926 826 
453 430 329 
454 828 728 
455 1027 927 
456 730 631 
457 900 799 
458 536 435 
459 272 172 
460 178 78 
461 665 566 
462 879 778 
463 579 478 
464 127 27 
465 1014 913 
466 321 222 
467 179 79 
468 270 170 
469 754 655 
470 1061 962 
471 797 697 
472 1088 987 
473 778 679 
474 604 504 
475 701 600 
476 1092 992 
477 1022 923 
478 580 481 
479 369 269 
480 464 363 
481 547 448 
482 168 67 
483 219 120 
484 126 26 
485 318 218 
486 399 298 
487 696 595 
488 314 213 
489 757 658 
490 268 169 
491 1095 995 
492 383 284 
493 454 353 
494 693 592 
495 620 519 
496 879 779 
497 815 716 
498 521 421 
499 836 737 
500 234 135 
501 243 143 
502 753 653 
503 725 626 
504 978 879 
505 489 388 
506 103 2 
507 306 207 
508 784 685 
509 279 179 
510 424 323 
511 275 176 
512 1016 917 
513 149 49 
514 837 737 
515 681 581 
516 855 755 
517 576 475 
518 410 310 
519 941 841 
520 609 510 
521 756 657 
522 345 245 
523 446 345 
524 485 385 
525 696 597 
526 834 735 
527 311 211 
528 267 166 
529 782 683 
530 453 354 
531 1070 969 
532 335 235 
533 773 673 
534 110 9 
535 536 437 
536 402 302 
537 970 870 
538 685 585 
539 991 892 
540 782 682 
541 808 708 
542 836 735 
543 920 821 
544 910 810 
545 210 111 
546 1032 932 
547 1004 905 
548 486 387 
549 912 813 
550 776 675 
551 125 26 
552 848 748 
553 593 493 
554 508 407 
555 498 398 
556 706 606 
557 375 274 
558 659 559 
559 967 866 
560 338 237 
561 779 679 
562 927 828 
563 742 641 
564 187 87 
565 824 723 
566 322 223 
567 639 540 
568 509 409 
569 303 204 
570 248 149 
571 340 240 
572 396 295 
573 617 517 
574 305 204 
575 728 629 
576 719 619 
577 1068 969 
578 1082 981 
579 751 652 
580 597 498 
581 275 175 
582 165 66 
583 986 886 
584 537 436 
585 282 182 
586 290 191 
587 1068 969 
588 981 882 
589 788 688 
590 958 858 
591 287 187 
592 1100 1000 
593 1036 936 
594 905 804 
595 123 22 
596 918 818 
597 522 421 
598 388 287 
599 280 181 
600 844 744 
601 260 159 
602 930 831 
603 832 731 
604 127 28 
605 483 383 
606 681 580 
607 533 432 
608 492 392 
609 764 664 
610 681 580 
611 473 373 
612 166 66 
613 717 618 
614 318 218 
615 425 324 
616 332 233 
617 128 27 
618 272 172 
619 656 555 
620 276 175 
621 1034 934 
622 321 222 
623 396 295 
624 898 798 
625 930 830 
626 260 161 
627 406 307 
628 890 789 
629 156 57 
630 379 280 
631 549 448 
632 127 26 
633 594 494 
634 876 775 
635 529 428 
636 452 352 
637 694 593 
638 513 412 
639 154 53 
640 645 544 
641 1096 996 
642 461 360 
643 208 109 
644 397 296 
645 498 397 
646 135 36 
647 624 525 
648 1028 929 
649 529 429 
650 931 830 
651 400 299 
652 734 634 
653 489 388 
654 766 667 
655 801 702 
656 163 64 
657 205 104 
658 776 676 
659 835 734 
660 380 280 
661 1063 964 
662 800 699 
663 595 495 
664 876 776 
665 687 587 
666 546 445 
667 905 804 
668 310 211 
669 225 124 
670 1020 919 
671 272 173 
672 512 412 
673 591 492 
674 190 90 
675 134 35 
676 403 303 
677 589 490 
678 1060 960 
679 133 33 
680 641 541 
681 1015 915 
682 187 86 
683 846 746 
684 969 870 
685 208 108 
686 622 522 
687 203 103 
688 378 278 
689 571 470 
690 233 133 
691 212 112 
692 613 514 
693 501 401 
694 964 864 
695 460 359 
696 431 330 
697 119 19 
698 1021 920 
699 462 362 
700 369 270 
701 715 616 
702 487 387 
703 540 440 
704 776 675 
705 925 825 
706 404 305 
707 939 840 
708 970 869 
709 603 502 
710 458 358 
711 1082 983 
712 759 660 
713 228 127 
714 1032 932 
715 845 744 
716 445 345 
717 887 788 
718 624 523 
719 871 771 
720 531 431 
721 813 714 
722 1056 955 
723 685 584 
724 1033 932 
725 410 310 
726 633 534 
727 879 779 
728 386 287 
729 668 569 
730 483 384 
731 276 175 
732 341 241 
733 1065 964 
734 468 368 
735 1074 973 
736 961 862 
737 1055 955 
738 898 798 
739 945 844 
740 639 539 
741 416 316 
742 761 661 
743 757 656 
744 987 887 
745 586 486 
746 891 792 
747 711 612 
748 975 875 
749 441 340 
750 331 230 
751 141 41 
752 1025 924 
753 158 58 
754 652 551 
755 1074 975 
756 545 446 
757 529 428 
758 835 734 
759 765 665 
760 747 648 
761 424 323 
762 1051 951 
763 487 387 
764 408 308 
765 277 177 
766 659 560 
767 586 485 
768 274 173 
769 230 129 
770 765 665 
771 595 494 
772 1068 968 
773 918 818 
774 1034 933 
775 335 235 
776 344 245 
777 239 139 
778 190 89 
779 731 631 
780 546 446 
781 427 326 
782 694 594 
783 111 10 
784 249 148 
785 899 798 
786 924 824 
787 368 269 
788 875 775 
789 863 762 
790 996 895 
791 653 554 
792 535 436 
793 702 602 
794 254 154 
795 672 573 
796 434 334 
797 594 494 
798 916 816 
799 114 15 
800 499 399 
801 545 444 
802 125 25 
803 523 423 
804 472 373 
805 174 73 
806 283 184 
807 932 833 
808 188 88 
809 359 260 
810 773 672 
811 133 33 
812 331 232 
813 452 351 
814 1003 903 
815 1059 958 
816 956 856 
817 300 199 
818 683 584 
819 396 297 
820 1037 936 
821 733 633 
822 551 450 
823 1010 909 
824 871 772 
825 888 789 
826 225 124 
827 170 70 
828 507 407 
829 760 661 
830 1071 971 
831 623 524 
832 672 573 
833 415 316 
834 588 487 
835 460 359 
836 621 522 
837 332 232 
838 208 108 
839 582 482 
840 544 445 
841 916 817 
842 305 204 
843 357 257 
844 340 241 
845 189 90 
846 274 175 
847 321 220 
848 132 32 
849 346 245 
850 793 692 
851 328 228 
852 797 696 
853 1077 977 
854 1012 911 
855 439 339 
856 251 152 
857 530 429 
858 704 603 
859 665 566 
860 621 521 
861 374 275 
862 604 503 
863 905 804 
864 163 62 
865 132 32 
866 142 43 
867 104 5 
868 1049 950 
869 628 528 
870 622 521 
871 1025 925 
872 746 647 
873 401 300 
874 217 118 
875 925 824 
876 319 218 
877 545 445 
878 316 216 
879 128 29 
880 721 620 
881 866 767 
882 234 135 
883 641 542 
884 1044 944 
885 252 153 
886 385 285 
887 231 132 
888 258 159 
889 1093 994 
890 172 72 
891 944 844 
892 149 50 
893 696 595 
894 394 293 
895 106 6 
896 735 636 
897 333 232 
898 271 172 
899 637 538 
900 879 778 
901 107 8 
902 380 280 
903 240 139 
904 1055 956 
905 511 411 
906 689 590 
907 161 62 
908 208 107 
909 140 41 
910 407 306 
911 716 617 
912 1024 923 
913 714 615 
914 554 455 
915 683 582 
916 716 616 
917 877 778 
918 970 869 
919 340 239 
920 319 218 
921 142 43 
922 863 762 
923 301 201 
924 541 442 
925 400 299 
926 624 524 
927 664 563 
928 648 548 
929 739 638 
930 496 395 
931 354 253 
932 904 805 
933 454 354 
934 750 649 
935 1048 947 
936 705 605 
937 1019 918 
938 654 555 
939 605 506 
940 766 667 
941 1018 917 
942 425 326 
943 332 231 
944 369 269 
945 759 658 
946 800 700 
947 217 117 
948 340 239 
949 864 763 
950 699 599 
951 793 693 
952 173 72 
953 268 169 
954 1055 954 
955 928 828 
956 791 691 
957 920 819 
958 250 149 
959 342 242 
960 829 729 
961 619 520 
962 707 607 
963 691 591 
964 549 449 
965 591 491 
966 384 283 
967 115 15 
968 356 257 
969 273 174 
970 609 510 
971 255 156 
972 384 283 
973 999 898 
974 657 556 
975 165 64 
976 872 771 
977 589 490 
978 324 224 
979 462 362 
980 1083 982 
981 962 862 
982 471 370 
983 570 469 
984 927 826 
985 840 739 
986 156 56 
987 338 238 
988 886 786 
989 385 285 
990 421 320 
991 456 356 
992 326 225 
993 186 86 
994 966 865 
995 356 256 
996 166 67 
997 635 534 
998 467 367 
999 848 748 
1000 1077 977 
1001 592 491 
1002 505 406 
1003 394 294 
1004 1096 995 
1005 861 760 
1006 191 92 
1007 486 387 
1008 1024 925 
1009 946 847 
1010 308 209 
1011 761 662 
1012 232 132 
1013 389 288 
1014 907 807 
1015 717 616 
1016 235 136 
1017 357 258 
1018 639 539 
1019 274 175 
1020 765 666 
1021 530 431 
1022 831 732 
1023 278 177 
1024 833 733 
1025 286 186 
1026 885 785 
1027 867 767 
1028 715 614 
1029 668 569 
1030 1042 941 
1031 1050 949 
1032 207 108 
1033 879 780 
1034 729 628 
1035 1065 966 
1036 821 722 
1037 467 366 
1038 922 821 
1039 111 10 
1040 240 139 
1041 990 889 
1042 1042 943 
1043 196 97 
1044 662 563 
1045 248 148 
1046 211 110 
1047 1097 998 
1048 878 778 
1049 387 286 
1050 129 28 
1051 427 326 
1052 942 841 
1053 654 553 
1054 334 234 
1055 478 377 
1056 560 460 
1057 260 161 
1058 953 854 
1059 153 53 
1060 996 896 
1061 521 421 
1062 905 804 
1063 1101 1000 
1064 112 12 
1065 909 810 
1066 516 416 
1067 1080 980 
1068 444 345 
1069 226 125 
1070 652 551 
1071 1039 938 
1072 313 212 
1073 195 95 
1074 623 523 
1075 326 226 
1076 484 384 
1077 868 768 
1078 802 702 
1079 457 358 
1080 820 719 
1081 1074 974 
1082 271 171 
1083 697 596 
1084 324 224 
1085 400 300 
1086 980 881 
1087 1072 971 
1088 931 831 
1089 890 790 
1090 812 713 
1091 982 882 
1092 148 49 
1093 774 673 
1094 658 557 
1095 1090 989 
1096 738 639 
1097 417 317 
1098 300 201 
1099 909 810 
1100 683 584 
1101 935 836 
1102 263 164 
1103 113 14 
1104 142 41 
1105 118 18 
1106 456 357 
1107 437 338 
1108 394 294 
1109 399 300 
1110 948 847 
1111 526 425 
1112 612 511 
1113 319 219 
1114 1002 903 
1115 1094 993 
1116 682 582 
1117 717 616 
1118 935 835 
1119 627 527 
1120 328 229 
1121 412 311 
1122 389 290 
1123 673 573 
1124 1078 978 
1125 594 494 
1126 244 144 
1127 475 374 
1128 1024 925 
1129 240 140 
1130 772 672 
1131 914 814 
1132 649 550 
1133 127 28 
1134 831 730 
1135 1086 987 
1136 910 809 
1137 156 57 
1138 328 228 
1139 652 552 
1140 1096 995 
1141 445 346 
1142 576 475 
1143 602 503 
1144 585 484 
1145 360 261 
1146 541 441 
1147 289 188 
1148 233 132 
1149 232 132 
1150 393 293 
1151 738 638 
1152 163 63 
1153 176 77 
1154 949 848 
1155 1004 903 
1156 343 243 
1157 991 891 
1158 464 364 
1159 1077 977 
1160 347 247 
1161 556 456 
1162 682 581 
1163 477 376 
1164 1071 972 
1165 489 389 
1166 125 25 
1167 135 36 
1168 137 37 
1169 138 37 
1170 486 385 
1171 402 301 
1172 229 128 
1173 770 671 
1174 420 320 
1175 612 511 
1176 110 11 
1177 758 659 
1178 468 368 
1179 921 822 
1180 325 226 
1181 501 402 
1182 1095 994 
1183 405 304 
1184 954 853 
1185 916 815 
1186 808 708 
1187 907 808 
1188 481 380 
1189 166 66 
1190 694 594 
1191 227 126 
1192 850 749 
1193 484 385 
1194 323 223 
1195 236 137 
1196 908 809 
1197 562 462 
1198 573 474 
1199 171 71 
1200 935 836 
1201 147 46 
1202 233 132 
1203 1060 961 
1204 505 404 
1205 649 550 
1206 730 630 
1207 1037 938 
1208 634 535 
1209 339 238 
1210 256 157 
1211 929 830 
1212 866 767 
1213 564 463 
1214 995 896 
1215 330 229 
1216 164 63 
1217 609 510 
1218 810 710 
1219 340 239 
1220 825 724 
1221 829 728 
1222 460 361 
1223 930 830 
1224 202 102 
1225 907 806 
1226 339 239 
1227 164 65 
1228 345 246 
1229 1061 960 
1230 994 893 
1231 770 669 
1232 587 488 
1233 807 707 
1234 488 388 
1235 849 748 
1236 571 472 
1237 569 469 
1238 124 23 
1239 916 815 
1240 403 302 
1241 465 365 
1242 883 784 
1243 138 37 
1244 471 372 
1245 650 549 
1246 195 95 
1247 832 732 
1248 1000 900 
1249 181 82 
1250 266 165 
1251 903 804 
1252 135 36 
1253 140 40 
1254 807 706 
1255 134 33 
1256 927 827 
1257 485 384 
1258 553 452 
1259 666 567 
1260 344 243 
1261 144 43 
1262 1063 962 
1263 954 854 
1264 916 815 
1265 480 381 
1266 853 754 
1267 1032 933 
1268 975 875 
1269 984 885 
1270 163 64 
1271 539 440 
1272 364 265 
1273 877 777 
1274 469 368 
1275 1054 955 
1276 411 312 
1277 576 476 
1278 678 577 
1279 563 462 
1280 297 196 
1281 245 146 
1282 596 497 
1283 957 857 
1284 1062 963 
1285 205 104 
1286 976 877 
1287 826 727 
1288 271 172 
1289 1067 966 
1290 947 848 
1291 673 572 
1292 452 351 
1293 146 46 
1294 132 32 
1295 412 313 
1296 742 641 
1297 1009 908 
1298 994 894 
1299 312 212 
1300 490 391 
1301 561 461 
1302 815 716 
1303 678 578 
1304 691 591 
1305 541 442 
1306 362 262 
1307 244 143 
1308 247 148 
1309 624 524 
1310 511 411 
1311 991 890 
1312 373 273 
1313 916 815 
1314 1064 964 
1315 296 196 
1316 942 842 
1317 773 673 
1318 853 753 
1319 371 271 
1320 1059 960 
1321 478 377 
1322 1093 992 
1323 677 576 
1324 135 35 
1325 983 882 
1326 228 127 
1327 697 598 
1328 794 695 
1329 250 151 
1330 283 183 
1331 791 691 
1332 206 105 
1333 1099 998 
1334 429 329 
1335 707 608 
1336 892 793 
1337 548 447 
1338 373 274 
1339 637 538 
1340 301 200 
1341 808 708 
1342 787 688 
1343 302 201 
1344 982 881 
1345 437 336 
1346 921 820 
1347 432 333 
1348 325 225 
1349 269 170 
1350 634 535 
1351 484 385 
1352 989 888 
1353 1093 993 
1354 234 135 
1355 407 306 
1356 170 71 
1357 155 54 
1358 436 337 
1359 266 167 
1360 934 833 
1361 443 343 
1362 961 862 
1363 988 887 
1364 792 692 
1365 836 736 
1366 1011 912 
1367 700 600 
1368 811 711 
1369 549 449 
1370 327 227 
1371 792 692 
1372 454 355 
1373 472 373 
1374 226 126 
1375 302 203 
1376 159 60 
1377 466 366 
1378 318 217 
1379 176 77 
1380 658 559 
1381 1023 924 
1382 387 287 
1383 747 647 
1384 702 603 
1385 513 413 
1386 198 99 
1387 878 779 
1388 734 634 
1389 279 179 
1390 1033 932 
1391 910 810 
1392 219 118 
1393 719 619 
1394 255 154 
1395 184 83 
1396 409 310 
1397 1079 978 
1398 757 656 
1399 143 42 
1400 915 816 
1401 1077 976 
1402 407 306 
1403 376 276 
1404 411 310 
1405 203 102 
1406 282 182 
1407 898 799 
1408 951 851 
1409 885 785 
1410 352 252 
1411 1072 972 
1412 1048 949 
1413 114 14 
1414 141 40 
1415 1051 950 
1416 279 178 
1417 203 102 
1418 711 612 
1419 941 842 
1420 623 524 
1421 572 473 
1422 923 824 
1423 858 759 
1424 675 575 
1425 640 540 
1426 105 4 
1427 1009 909 
1428 635 536 
1429 505 405 
1430 830 730 
1431 332 231 
1432 120 21 
1433 560 459 
1434 595 494 
1435 784 683 
1436 1061 961 
1437 531 432 
1438 346 247 
1439 771 670 
1440 777 678 
1441 597 497 
1442 1024 925 
1443 750 650 
1444 702 602 
1445 726 626 
1446 670 571 
1447 286 185 
1448 1058 957 
1449 800 699 
1450 424 324 
1451 214 113 
1452 586 487 
1453 196 95 
1454 779 679 
1455 506 407 
1456 896 796 
1457 790 690 
1458 416 316 
1459 267 166 
1460 469 369 
1461 323 224 
1462 1025 926 
1463 731 631 
1464 553 454 
1465 759 659 
1466 844 744 
1467 619 520 
1468 864 763 
1469 279 179 
1470 270 170 
1471 370 271 
1472 632 532 
1473 407 308 
1474 873 772 
1475 897 798 
1476 811 711 
1477 520 421 
1478 427 327 
1479 321 222 
1480 1064 963 
1481 176 77 
1482 699 600 
1483 738 637 
1484 654 553 
1485 971 870 
1486 585 486 
1487 631 530 
1488 209 108 
1489 471 372 
1490 613 513 
1491 338 237 
1492 565 466 
1493 466 365 
1494 376 275 
1495 894 794 
1496 599 498 
1497 914 815 
1498 340 240 
1499 785 684 
1500 400 301 
1501 185 86 
1502 1083 983 
1503 497 396 
1504 875 774 
1505 177 77 
1506 397 296 
1507 492 392 
1508 936 836 
1509 526 426 
1510 536 437 
1511 161 62 
1512 265 165 
1513 225 124 
1514 880 779 
1515 516 417 
1516 694 595 
1517 851 750 
1518 844 744 
1519 524 424 
1520 868 768 
1521 599 499 
1522 352 252 
1523 887 787 
1524 479 378 
1525 196 97 
1526 383 282 
1527 234 135 
1528 141 41 
1529 813 712 
1530 137 37 
1531 667 567 
1532 219 118 
1533 727 626 
1534 1048 949 
1535 333 234 
1536 761 660 
1537 343 242 
1538 469 369 
1539 534 434 
1540 1006 905 
1541 323 223 
1542 801 701 
1543 1045 944 
1544 159 59 
1545 131 32 
1546 888 787 
1547 527 427 
1548 128 28 
1549 457 358 
1550 767 667 
1551 813 712 
1552 995 895 
1553 155 55 
1554 367 268 
1555 692 592 
1556 414 315 
1557 804 703 
1558 1055 954 
1559 779 679 
1560 384 285 
1561 291 190 
1562 363 264 
1563 220 120 
1564 268 167 
1565 923 823 
1566 512 413 
1567 623 524 
1568 657 557 
1569 303 204 
1570 1054 953 
1571 453 354 
1572 872 773 
1573 410 309 
1574 875 774 
1575 528 429 
1576 560 460 
1577 948 848 
1578 614 513 
1579 824 723 
1580 753 653 
1581 436 335 
1582 884 784 
1583 167 66 
1584 942 842 
1585 442 343 
1586 903 803 
1587 920 819 
1588 542 442 
1589 424 325 
1590 665 564 
1591 814 713 
1592 377 276 
1593 835 736 
1594 572 473 
1595 581 480 
1596 213 112 
1597 272 172 
1598 770 670 
1599 883 784 
1600 1046 946 
1601 894 795 
1602 1066 966 
1603 1084 984 
1604 795 696 
1605 215 115 
1606 493 393 
1607 1081 981 
1608 366 265 
1609 503 404 
1610 1055 956 
1611 446 347 
1612 634 533 
1613 396 297 
1614 483 382 
1615 1067 968 
1616 814 713 
1617 305 204 
1618 369 270 
1619 1081 981 
1620 391 290 
1621 207 107 
1622 603 504 
1623 515 414 
1624 235 134 
1625 387 287 
1626 818 719 
1627 955 855 
1628 755 656 
1629 743 642 
1630 503 402 
1631 625 526 
1632 558 459 
1633 1058 958 
1634 524 424 
1635 131 30 
1636 167 67 
1637 695 594 
1638 128 29 
1639 211 111 
1640 108 9 
1641 274 174 
1642 224 125 
1643 235 136 
1644 648 549 
1645 216 115 
1646 617 518 
1647 869 768 
1648 543 444 
1649 370 269 
1650 781 680 
1651 491 390 
1652 918 817 
1653 918 819 
1654 322 221 
1655 313 213 
1656 513 413 
1657 575 475 
1658 248 147 
1659 776 676 
1660 365 264 
1661 980 880 
1662 409 310 
1663 180 80 
1664 211 111 
1665 315 214 
1666 294 193 
1667 718 617 
1668 866 766 
1669 460 361 
1670 687 588 
1671 351 252 
1672 609 509 
1673 584 483 
1674 1057 956 
1675 320 221 
1676 369 269 
1677 1096 997 
1678 739 639 
1679 319 218 
1680 301 202 
1681 751 651 
1682 354 255 
1683 1034 933 
1684 332 232 
1685 1021 922 
1686 353 252 
1687 756 656 
1688 652 551 
1689 760 659 
1690 177 76 
1691 467 368 
1692 467 368 
1693 618 519 
1694 129 29 
1695 424 323 
1696 266 167 
1697 855 754 
1698 451 350 
1699 343 244 
1700 1060 961 
1701 502 402 
1702 1038 939 
1703 824 724 
1704 105 5 
1705 299 198 
1706 893 792 
1707 461 360 
1708 962 861 
1709 342 241 
1710 334 235 
1711 459 359 
1712 799 699 
1713 290 190 
1714 943 843 
1715 864 763 
1716 153 54 
1717 1071 971 
1718 377 277 
1719 448 349 
1720 809 708 
1721 212 112 
1722 1032 931 
1723 663 562 
1724 716 615 
1725 772 671 
1726 1088 989 
1727 381 282 
1728 885 786 
1729 535 435 
1730 757 658 
1731 249 149 
1732 200 99 
1733 598 498 
1734 544 445 
1735 770 670 
1736 205 104 
1737 153 53 
1738 821 722 
1739 599 498 
1740 943 844 
1741 642 541 
1742 212 111 
1743 380 279 
1744 107 8 
1745 248 149 
1746 762 662 
1747 938 839 
1748 448 348 
1749 1008 908 
1750 539 439 
1751 223 124 
1752 794 693 
1753 156 57 
1754 196 96 
1755 199 99 
1756 946 846 
1757 156 55 
1758 897 798 
1759 782 683 
1760 925 825 
1761 205 104 
1762 256 155 
1763 888 789 
1764 576 477 
1765 105 4 
1766 1004 904 
1767 416 315 
1768 666 567 
1769 1022 921 
1770 334 233 
1771 439 338 
1772 687 586 
1773 262 161 
1774 378 278 
1775 109 10 
1776 149 49 
1777 1092 993 
1778 922 822 
1779 133 34 
1780 301 201 
1781 273 174 
1782 512 411 
1783 1082 982 
1784 718 618 
1785 891 791 
1786 1006 906 
1787 815 715 
1788 319 220 
1789 715 616 
1790 391 290 
1791 180 79 
1792 703 604 
1793 352 251 
1794 311 210 
1795 432 331 
1796 1042 942 
1797 899 798 
1798 112 12 
1799 767 666 
1800 526 426 
1801 310 209 
1802 938 838 
1803 174 73 
1804 220 121 
1805 227 127 
1806 203 102 
1807 787 687 
1808 1033 934 
1809 822 722 
1810 408 307 
1811 473 372 
1812 460 359 
1813 396 296 
1814 1045 944 
1815 527 427 
1816 863 762 
1817 646 546 
1818 599 498 
1819 1022 921 
1820 471 371 
1821 686 585 
1822 169 70 
1823 384 285 
1824 631 530 
1825 775 674 
1826 874 774 
1827 1052 952 
1828 964 863 
1829 1037 937 
1830 591 491 
1831 343 244 
1832 636 536 
1833 106 6 
1834 836 737 
1835 884 783 
1836 913 814 
1837 719 620 
1838 356 256 
1839 203 102 
1840 378 278 
1841 1051 951 
1842 1075 974 
1843 296 196 
1844 399 299 
1845 566 467 
1846 268 167 
1847 517 418 
1848 1041 942 
1849 774 673 
1850 315 216 
1851 914 814 
1852 451 352 
1853 208 108 
1854 736 637 
1855 370 270 
1856 847 748 
1857 706 605 
1858 820 720 
1859 721 620 
1860 939 840 
1861 775 676 
1862 1054 955 
1863 173 73 
1864 621 522 
1865 757 656 
1866 420 321 
1867 735 635 
1868 465 364 
1869 639 539 
1870 614 515 
1871 493 393 
1872 175 74 
1873 934 833 
1874 802 703 
1875 279 179 
1876 203 104 
1877 1002 903 
1878 301 200 
1879 1095 996 
1880 353 254 
1881 248 149 
1882 382 283 
1883 879 778 
1884 667 566 
1885 1042 942 
1886 369 269 
1887 871 770 
1888 279 178 
1889 193 93 
1890 314 215 
1891 201 102 
1892 596 496 
1893 803 704 
1894 1024 924 
1895 220 120 
1896 1011 911 
1897 882 782 
1898 524 423 
1899 561 462 
1900 796 697 
1901 575 474 
1902 517 416 
1903 923 822 
1904 868 769 
1905 466 367 
1906 320 221 
1907 580 480 
1908 215 116 
1909 102 3 
1910 136 35 
1911 918 817 
1912 1069 969 
1913 681 582 
1914 897 796 
1915 624 524 
1916 392 291 
1917 958 858 
1918 306 207 
1919 803 704 
1920 496 395 
1921 509 410 
1922 688 589 
1923 676 575 
1924 229 128 
1925 440 340 
1926 618 519 
1927 567 466 
1928 651 552 
1929 677 577 
1930 280 179 
1931 235 135 
1932 129 30 
1933 895 794 
1934 329 230 
1935 984 885 
1936 121 20 
1937 487 386 
1938 182 81 
1939 863 764 
1940 324 224 
1941 580 480 
1942 371 270 
1943 828 728 
1944 149 48 
1945 174 75 
1946 853 754 
1947 665 565 
1948 530 431 
1949 611 510 
1950 415 314 
1951 1014 913 
1952 652 552 
1953 1006 907 
1954 683 583 
1955 665 566 
1956 714 615 
1957 990 890 
1958 393 292 
1959 427 327 
1960 562 461 
1961 862 761 
1962 1016 916 
1963 122 23 
1964 807 706 
1965 495 394 
1966 1011 911 
1967 131 31 
1968 694 594 
1969 198 98 
1970 759 659 
1971 690 591 
1972 151 51 
1973 497 397 
1974 864 764 
1975 1046 946 
1976 719 619 
1977 626 525 
1978 443 342 
1979 527 428 
1980 920 819 
1981 111 10 
1982 1052 951 
1983 905 804 
1984 364 264 
1985 701 601 
1986 683 584 
1987 1080 980 
1988 642 542 
1989 764 663 
1990 254 154 
1991 738 638 
1992 681 581 
1993 386 285 
1994 535 435 
1995 883 782 
1996 417 318 
1997 1054 955 
1998 877 776 
1999 281 180 
2000 402 301 
2001 290 190 
2002 759 658 
2003 766 665 
2004 163 62 
2005 224 124 
2006 455 355 
2007 553 454 
2008 1006 905 
2009 407 307 
2010 532 432 
2011 109 10 
2012 643 543 
2013 733 632 
2014 338 238 
2015 310 211 
2016 271 172 
2017 897 796 
2018 553 454 
2019 1022 921 
2020 329 229 
2021 962 862 
2022 376 275 
2023 413 312 
2024 148 49 
2025 330 229 
2026 172 72 
2027 1087 988 
2028 877 778 
2029 1024 925 
2030 681 580 
2031 367 268 
2032 816 715 
2033 651 551 
2034 331 231 
2035 389 289 
2036 379 280 
2037 294 194 
2038 383 284 
2039 400 301 
2040 390 291 
2041 147 47 
2042 1083 983 
2043 363 263 
2044 824 723 
2045 650 550 
2046 1018 918 
2047 959 859 
2048 753 652 
2049 646 547 
2050 741 642 
2051 585 484 
2052 296 195 
2053 576 477 
2054 337 236 
2055 336 236 
2056 228 129 
2057 1078 979 
2058 901 802 
2059 964 864 
2060 361 261 
2061 292 191 
2062 286 185 
2063 1099 998 
2064 680 580 
2065 705 604 
2066 758 658 
2067 890 791 
2068 261 162 
2069 189 90 
2070 731 631 
2071 331 231 
2072 764 664 
2073 873 774 
2074 880 780 
2075 415 314 
2076 706 606 
2077 121 20 
2078 901 800 
2079 859 759 
2080 596 495 
2081 268 167 
2082 536 435 
2083 617 518 
2084 301 201 
2085 336 237 
2086 506 407 
2087 216 115 
2088 1049 948 
2089 928 829 
2090 287 186 
2091 373 274 
2092 205 104 
2093 693 594 
2094 853 752 
2095 959 858 
2096 516 417 
2097 546 447 
2098 446 346 
2099 312 213 
2100 1000 900 
2101 1021 922 
2102 526 427 
2103 496 396 
2104 460 361 
2105 382 283 
2106 699 599 
2107 544 444 
2108 676 576 
2109 104 3 
2110 727 628 
2111 297 197 
2112 546 446 
2113 202 103 
2114 398 298 
2115 932 831 
2116 986 887 
2117 489 389 
2118 1081 980 
2119 394 293 
2120 414 315 
2121 255 155 
2122 395 295 
2123 486 387 
2124 727 627 
2125 929 829 
2126 581 480 
2127 798 698 
2128 197 98 
2129 160 61 
2130 732 632 
2131 1005 905 
2132 162 62 
2133 189 90 
2134 555 456 
2135 669 570 
2136 785 686 
2137 151 52 
2138 275 175 
2139 426 325 
2140 231 131 
2141 911 811 
2142 612 513 
2143 344 245 
2144 156 57 
2145 426 325 
2146 699 599 
2147 226 126 
2148 848 748 
2149 627 526 
2150 559 459 
2151 756 657 
2152 674 573 
2153 244 143 
2154 525 426 
2155 240 139 
2156 138 37 
2157 420 321 
2158 830 730 
2159 1017 916 
2160 321 222 
2161 1028 929 
2162 1056 955 
2163 678 579 
2164 171 71 
2165 896 796 
2166 997 896 
2167 735 636 
2168 425 326 
2169 525 425 
2170 889 788 
2171 511 412 
2172 1050 949 
2173 655 555 
2174 1028 927 
2175 629 529 
2176 851 751 
2177 475 374 
2178 460 361 
2179 489 388 
2180 941 841 
2181 884 783 
2182 623 523 
2183 205 104 
2184 400 299 
2185 820 719 
2186 359 258 
2187 767 666 
2188 1050 951 
2189 867 766 
2190 688 589 
2191 964 864 
2192 321 222 
2193 165 65 
2194 231 132 
2195 999 900 
2196 178 79 
2197 562 461 
2198 796 697 
2199 123 24 
2200 151 50 
2201 871 771 
2202 621 520 
2203 572 473 
2204 851 750 
2205 1073 972 
2206 412 312 
2207 818 719 
2208 309 209 
2209 626 525 
2210 438 337 
2211 148 48 
2212 1091 990 
2213 702 602 
2214 144 45 
2215 1012 913 
2216 432 333 
2217 263 163 
2218 494 393 
2219 451 351 
2220 516 416 
2221 871 771 
2222 512 411 
2223 315 215 
2224 719 618 
2225 314 214 
2226 864 763 
2227 753 652 
2228 965 864 
2229 933 832 
2230 687 587 
2231 1067 967 
2232 1045 945 
2233 173 74 
2234 997 897 
2235 850 750 
2236 644 544 
2237 850 750 
2238 933 834 
2239 820 719 
2240 946 846 
2241 516 416 
2242 923 822 
2243 887 787 
2244 358 258 
2245 1089 988 
2246 227 128 
2247 1026 926 
2248 286 186 
2249 727 628 
2250 786 685 
2251 535 435 
2252 949 849 
2253 324 225 
2254 413 313 
2255 637 537 
2256 988 889 
2257 1051 951 
2258 428 327 
2259 845 746 
2260 677 576 
2261 615 515 
2262 195 96 
2263 220 121 
2264 1097 996 
2265 778 678 
2266 429 328 
2267 109 9 
2268 1053 952 
2269 219 120 
2270 626 525 
2271 383 282 
2272 476 375 
2273 130 31 
2274 948 849 
2275 922 821 
2276 138 38 
2277 907 808 
2278 401 301 
2279 303 204 
2280 167 67 
2281 854 754 
2282 298 198 
2283 930 829 
2284 686 586 
2285 915 816 
2286 941 842 
2287 882 782 
2288 713 612 
2289 858 757 
2290 758 657 
2291 779 679 
2292 859 759 
2293 356 255 
2294 361 261 
2295 441 341 
2296 838 739 
2297 1098 998 
2298 1079 980 
2299 280 179 
2300 1093 993 
2301 408 307 
2302 431 331 
2303 875 776 
2304 1024 924 
2305 503 403 
2306 334 234 
2307 498 397 
2308 148 49 
2309 1023 924 
2310 1073 972 
2311 843 742 
2312 508 408 
2313 521 420 
2314 929 829 
2315 355 254 
2316 151 50 
2317 266 167 
2318 448 348 
2319 842 741 
2320 197 98 
2321 1042 943 
2322 772 672 
2323 408 307 
2324 433 334 
2325 399 299 
2326 344 245 
2327 934 835 
2328 873 774 
2329 838 738 
2330 731 630 
2331 680 579 
2332 677 577 
2333 859 759 
2334 647 546 
2335 724 624 
2336 649 548 
2337 625 524 
2338 396 296 
2339 839 740 
2340 297 196 
2341 1062 961 
2342 655 556 
2343 230 130 
2344 755 656 
2345 696 595 
2346 479 378 
2347 331 230 
2348 525 426 
2349 340 239 
2350 461 360 
2351 514 414 
2352 919 820 
2353 353 254 
2354 368 269 
2355 929 829 
2356 833 733 
2357 299 200 
2358 611 510 
2359 457 357 
2360 937 836 
2361 641 540 
2362 874 773 
2363 181 82 
2364 508 409 
2365 166 67 
2366 254 154 
2367 239 139 
2368 1091 992 
2369 325 226 
2370 127 28 
2371 822 722 
2372 842 743 
2373 665 566 
2374 801 702 
2375 1004 904 
2376 1081 980 
2377 955 855 
2378 1039 940 
2379 431 332 
2380 1044 945 
2381 388 287 
2382 706 605 
2383 928 827 
2384 215 114 
2385 717 618 
2386 683 584 
2387 785 686 
2388 864 764 
2389 106 6 
2390 1006 905 
2391 685 585 
2392 586 485 
2393 653 554 
2394 398 299 
2395 563 463 
2396 411 312 
2397 659 560 
2398 895 796 
2399 998 897 
2400 124 23 
2401 607 508 
2402 1035 934 
2403 841 742 
2404 502 401 
2405 503 404 
2406 399 298 
2407 141 42 
2408 446 347 
2409 156 55 
2410 1017 916 
2411 516 417 
2412 948 849 
2413 243 144 
2414 249 148 
2415 1077 978 
2416 824 724 
2417 910 811 
2418 156 57 
2419 523 422 
2420 967 866 
2421 928 828 
2422 177 77 
2423 594 495 
2424 510 410 
2425 128 28 
2426 169 69 
2427 191 92 
2428 868 767 
2429 960 861 
2430 212 112 
2431 550 449 
2432 414 315 
2433 104 3 
2434 233 133 
2435 917 817 
2436 374 275 
2437 1046 946 
2438 914 815 
2439 819 718 
2440 393 294 
2441 127 28 
2442 621 522 
2443 799 700 
2444 835 735 
2445 991 890 
2446 631 532 
2447 344 243 
2448 948 849 
2449 301 200 
2450 210 111 
2451 152 52 
2452 196 95 
2453 774 675 
2454 1071 971 
2455 908 809 
2456 336 235 
2457 806 707 
2458 873 774 
2459 554 454 
2460 995 894 
2461 703 603 
2462 801 701 
2463 455 356 
2464 1054 953 
2465 170 70 
2466 421 322 
2467 733 634 
2468 225 124 
2469 631 530 
2470 242 142 
2471 135 36 
2472 521 421 
2473 938 838 
2474 1017 917 
2475 554 454 
2476 451 350 
2477 167 68 
2478 1010 911 
2479 437 336 
2480 502 401 
2481 982 881 
2482 958 858 
2483 206 105 
2484 120 21 
2485 477 378 
2486 630 531 
2487 744 644 
2488 691 592 
2489 932 831 
2490 432 332 
2491 773 672 
2492 969 868 
2493 262 162 
2494 392 292 
2495 990 890 
2496 303 204 
2497 891 790 
2498 449 348 
2499 677 578 
2500 234 133 
2501 124 25 
2502 665 566 
2503 1065 965 
2504 308 207 
2505 583 484 
2506 107 6 
2507 363 263 
2508 319 220 
2509 284 183 
2510 886 786 
2511 683 582 
2512 272 173 
2513 883 784 
2514 297 196 
2515 967 868 
2516 869 770 
2517 406 307 
2518 657 556 
2519 543 443 
2520 316 216 
2521 629 528 
2522 725 624 
2523 596 496 
2524 942 842 
2525 940 841 
2526 865 765 
2527 287 186 
2528 591 490 
2529 1038 939 
2530 504 404 
2531 542 441 
2532 857 758 
2533 525 426 
2534 1011 912 
2535 286 185 
2536 970 869 
2537 843 743 
2538 1024 924 
2539 642 542 
2540 902 801 
2541 784 683 
2542 293 192 
2543 571 472 
2544 130 29 
2545 542 443 
2546 1077 978 
2547 946 846 
2548 555 454 
2549 976 875 
2550 1034 935 
2551 191 92 
2552 591 492 
2553 570 469 
2554 117 17 
2555 452 351 
2556 820 719 
2557 941 841 
2558 652 551 
2559 169 68 
2560 1022 923 
2561 441 340 
2562 765 666 
2563 482 383 
2564 659 558 
2565 734 635 
2566 857 756 
2567 301 200 
2568 1100 999 
2569 258 158 
2570 524 425 
2571 719 620 
2572 450 351 
2573 492 391 
2574 948 847 
2575 801 700 
2576 701 601 
2577 679 578 
2578 804 703 
2579 634 535 
2580 494 394 
2581 721 621 
2582 240 139 
2583 420 320 
2584 1064 963 
2585 298 199 
2586 724 624 
2587 608 508 
2588 113 12 
2589 309 210 
2590 582 483 
2591 887 786 
2592 677 577 
2593 286 186 
2594 520 421 
2595 270 170 
2596 970 870 
2597 1034 933 
2598 598 497 
2599 812 713 
2600 399 300 
2601 581 482 
2602 287 186 
2603 590 489 
2604 992 892 
2605 305 204 
2606 203 104 
2607 638 539 
2608 235 136 
2609 795 694 
2610 902 801 
2611 561 462 
2612 1057 958 
2613 394 295 
2614 566 465 
2615 803 702 
2616 915 814 
2617 1064 965 
2618 1048 948 
2619 1052 952 
2620 836 737 
2621 382 283 
2622 116 17 
2623 701 602 
2624 878 778 
2625 552 452 
2626 635 534 
2627 658 557 
2628 378 278 
2629 692 591 
2630 387 288 
2631 663 564 
2632 152 53 
2633 703 603 
2634 125 26 
2635 399 300 
2636 1067 968 
2637 557 458 
2638 791 690 
2639 807 708 
2640 288 187 
2641 227 127 
2642 541 441 
2643 720 620 
2644 173 74 
2645 510 409 
2646 510 409 
2647 331 231 
2648 600 501 
2649 917 816 
2650 121 22 
2651 775 674 
2652 192 93 
2653 730 629 
2654 412 312 
2655 808 708 
2656 307 206 
2657 143 43 
2658 737 637 
2659 553 454 
2660 392 293 
2661 558 458 
2662 732 632 
2663 736 635 
2664 478 377 
2665 371 272 
2666 482 383 
2667 1097 998 
2668 479 380 
2669 901 800 
2670 282 182 
2671 1075 976 
2672 381 281 
2673 920 821 
2674 857 758 
2675 948 848 
2676 346 245 
2677 959 860 
2678 534 434 
2679 895 795 
2680 746 647 
2681 410 311 
2682 331 230 
2683 927 828 
2684 990 889 
2685 891 791 
2686 619 520 
2687 1094 994 
2688 761 662 
2689 539 439 
2690 333 233 
2691 121 22 
2692 864 764 
2693 905 805 
2694 943 843 
2695 944 843 
2696 215 114 
2697 1085 986 
2698 102 1 
2699 444 343 
2700 507 408 
2701 665 566 
2702 910 811 
2703 250 150 
2704 774 675 
2705 706 607 
2706 174 73 
2707 137 36 
2708 170 71 
2709 395 296 
2710 568 469 
2711 372 273 
2712 473 373 
2713 192 92 
2714 663 564 
2715 480 379 
2716 146 45 
2717 565 466 
2718 847 747 
2719 229 130 
2720 198 98 
2721 356 255 
2722 703 603 
2723 232 133 
2724 776 675 
2725 135 34 
2726 209 110 
2727 1091 991 
2728 770 669 
2729 451 352 
2730 694 594 
2731 1059 958 
2732 583 483 
2733 1099 998 
2734 918 819 
2735 605 504 
2736 1060 960 
2737 144 45 
2738 101 2 
2739 369 269 
2740 1006 906 
2741 962 861 
2742 1007 906 
2743 591 490 
2744 1003 902 
2745 569 468 
2746 1074 975 
2747 599 498 
2748 292 192 
2749 635 534 
2750 963 863 
2751 969 868 
2752 901 802 
2753 929 828 
2754 942 842 
2755 975 874 
2756 774 673 
2757 443 342 
2758 297 196 
2759 330 229 
2760 826 725 
2761 599 500 
2762 146 47 
2763 334 235 
2764 635 534 
2765 833 734 
2766 942 843 
2767 391 291 
2768 1037 938 
2769 388 289 
2770 949 848 
2771 426 326 
2772 591 492 
2773 893 794 
2774 963 864 
2775 528 429 
2776 760 660 
2777 566 466 
2778 202 103 
2779 130 31 
2780 400 299 
2781 695 594 
2782 689 588 
2783 646 545 
2784 1056 957 
2785 290 190 
2786 634 535 
2787 586 485 
2788 961 862 
2789 416 316 
2790 664 563 
2791 475 374 
2792 947 847 
2793 847 747 
2794 366 267 
2795 1012 912 
2796 228 129 
2797 546 446 
2798 681 582 
2799 749 650 
2800 851 751 
2801 141 40 
2802 881 780 
2803 985 885 
2804 898 797 
2805 1101 1000 
2806 173 72 
2807 927 827 
2808 264 164 
2809 632 532 
2810 667 566 
2811 870 771 
2812 954 853 
2813 275 175 
2814 935 836 
2815 356 257 
2816 750 651 
2817 223 124 
2818 367 266 
2819 956 856 
2820 441 340 
2821 519 418 
2822 1046 947 
2823 1061 961 
2824 178 78 
2825 164 64 
2826 896 796 
2827 543 443 
2828 742 643 
2829 724 623 
2830 974 874 
2831 1095 995 
2832 331 231 
2833 344 245 
2834 313 214 
2835 998 898 
2836 930 830 
2837 218 118 
2838 348 249 
2839 199 100 
2840 1053 953 
2841 912 811 
2842 439 338 
2843 801 701 
2844 1003 903 
2845 895 796 
2846 361 261 
2847 342 243 
2848 363 262 
2849 586 487 
2850 678 579 
2851 564 465 
2852 966 865 
2853 500 401 
2854 770 670 
2855 668 567 
2856 171 72 
2857 308 209 
2858 344 243 
2859 504 404 
2860 441 341 
2861 716 617 
2862 877 776 
2863 436 335 
2864 255 155 
2865 1081 982 
2866 448 349 
2867 1083 983 
2868 1042 943 
2869 664 565 
2870 968 869 
2871 858 759 
2872 341 241 
2873 482 382 
2874 431 331 
2875 186 86 
2876 220 121 
2877 805 706 
2878 587 487 
2879 581 480 
2880 441 340 
2881 314 214 
2882 947 848 
2883 155 56 
2884 1026 925 
2885 371 272 
2886 479 378 
2887 308 208 
2888 906 806 
2889 297 198 
2890 476 375 
2891 792 693 
2892 355 255 
2893 1057 956 
2894 572 471 
2895 1058 957 
2896 326 227 
2897 264 164 
2898 239 138 
2899 359 258 
2900 925 824 
2901 584 485 
2902 461 361 
2903 728 629 
2904 769 668 
2905 347 246 
2906 110 10 
2907 400 301 
2908 765 666 
2909 222 121 
2910 582 483 
2911 1044 944 
2912 218 117 
2913 678 579 
2914 928 828 
2915 321 222 
2916 334 234 
2917 979 880 
2918 634 535 
2919 824 723 
2920 995 896 
2921 836 737 
2922 469 369 
2923 905 804 
2924 244 144 
2925 667 567 
2926 973 872 
2927 907 806 
2928 146 46 
2929 763 662 
2930 743 644 
2931 1014 915 
2932 725 624 
2933 770 669 
2934 1101 1000 
2935 779 678 
2936 648 548 
2937 895 794 
2938 370 271 
2939 144 43 
2940 175 75 
2941 477 377 
2942 300 201 
2943 126 26 
2944 967 866 
2945 174 75 
2946 794 693 
2947 535 435 
2948 361 262 
2949 859 760 
2950 330 230 
2951 102 1 
2952 282 181 
2953 1011 911 
2954 534 433 
2955 606 505 
2956 710 609 
2957 1014 915 
2958 102 2 
2959 1092 993 
2960 370 269 
2961 394 293 
2962 231 132 
2963 336 235 
2964 282 183 
2965 378 278 
2966 1085 984 
2967 806 705 
2968 826 726 
2969 185 84 
2970 797 698 
2971 379 280 
2972 103 4 
2973 502 401 
2974 339 240 
2975 428 327 
2976 439 339 
2977 494 393 
2978 104 4 
2979 556 455 
2980 365 265 
2981 999 898 
2982 756 655 
2983 398 298 
2984 208 109 
2985 735 635 
2986 626 526 
2987 689 589 
2988 508 409 
2989 795 695 
2990 874 775 
2991 565 464 
2992 259 160 
2993 997 897 
2994 407 306 
2995 429 330 
2996 675 575 
2997 627 527 
2998 302 201 
2999 452 351 
3000 112 13 
3001 1006 905 
3002 1013 914 
3003 1089 988 
3004 929 828 
3005 437 337 
3006 709 609 
3007 938 839 
3008 996 895 
3009 335 235 
3010 437 337 
3011 748 649 
3012 744 644 
3013 1032 931 
3014 1078 978 
3015 568 469 
3016 653 554 
3017 670 571 
3018 260 161 
3019 875 776 
3020 262 161 
3021 952 852 
3022 1001 900 
3023 669 568 
3024 265 166 
3025 1060 961 
3026 322 221 
3027 731 631 
3028 307 206 
3029 796 697 
3030 128 28 
3031 172 72 
3032 259 159 
3033 448 348 
3034 466 367 
3035 787 686 
3036 480 380 
3037 648 547 
3038 609 508 
3039 1069 969 
3040 812 711 
3041 156 57 
3042 168 67 
3043 975 874 
3044 242 143 
3045 659 558 
3046 393 294 
3047 384 283 
3048 878 778 
3049 613 512 
3050 1046 945 
3051 334 233 
3052 636 537 
3053 196 97 
3054 592 492 
3055 305 204 
3056 397 296 
3057 625 526 
3058 1097 998 
3059 854 755 
3060 585 484 
3061 1096 996 
3062 1070 969 
3063 903 803 
3064 617 517 
3065 903 803 
3066 198 99 
3067 337 238 
3068 1062 963 
3069 504 405 
3070 1069 968 
3071 298 198 
3072 648 547 
3073 874 773 
3074 869 770 
3075 901 801 
3076 133 33 
3077 1013 913 
3078 534 435 
3079 816 715 
3080 361 261 
3081 414 313 
3082 659 559 
3083 462 361 
3084 827 728 
3085 148 48 
3086 841 741 
3087 774 674 
3088 729 629 
3089 1027 928 
3090 359 260 
3091 1083 982 
3092 901 802 
3093 1028 928 
3094 141 40 
3095 325 224 
3096 298 198 
3097 282 183 
3098 856 756 
3099 1018 918 
3100 959 859 
3101 468 367 
3102 561 462 
3103 674 573 
3104 469 370 
3105 760 660 
3106 341 240 
3107 595 495 
3108 886 787 
3109 786 685 
3110 144 43 
3111 891 790 
3112 648 548 
3113 899 799 
3114 279 179 
3115 237 136 
3116 218 119 
3117 426 327 
3118 557 456 
3119 342 243 
3120 561 462 
3121 683 582 
3122 125 24 
3123 578 479 
3124 829 728 
3125 897 796 
3126 925 824 
3127 996 897 
3128 543 443 
3129 204 103 
3130 639 538 
3131 775 676 
3132 780 681 
3133 862 762 
3134 521 422 
3135 1051 951 
3136 401 301 
3137 588 489 
3138 808 707 
3139 608 507 
3140 241 141 
3141 886 785 
3142 294 195 
3143 857 756 
3144 404 303 
3145 1087 986 
3146 263 164 
3147 465 365 
3148 1081 981 
3149 570 470 
3150 609 508 
3151 923 822 
3152 982 883 
3153 596 497 
3154 711 610 
3155 1058 959 
3156 857 758 
3157 587 488 
3158 783 682 
3159 744 644 
3160 519 420 
3161 896 796 
3162 433 334 
3163 245 144 
3164 348 248 
3165 370 270 
3166 660 559 
3167 305 204 
3168 161 60 
3169 109 10 
3170 432 331 
3171 972 871 
3172 1042 942 
3173 331 230 
3174 707 606 
3175 736 636 
3176 1082 982 
3177 149 49 
3178 518 419 
3179 604 505 
3180 721 620 
3181 953 854 
3182 943 842 
3183 503 404 
3184 713 612 
3185 740 640 
3186 455 354 
3187 882 782 
3188 784 683 
3189 609 509 
3190 786 685 
3191 1021 921 
3192 515 416 
3193 346 246 
3194 644 544 
3195 1071 971 
3196 506 406 
3197 231 130 
3198 125 25 
3199 198 99 
3200 538 438 
3201 652 552 
3202 348 249 
3203 636 536 
3204 786 687 
3205 735 635 
3206 285 186 
3207 146 47 
3208 109 8 
3209 472 373 
3210 357 256 
3211 656 555 
3212 694 593 
3213 579 479 
3214 308 209 
3215 967 868 
3216 444 344 
3217 968 868 
3218 499 399 
3219 238 139 
3220 620 519 
3221 743 643 
3222 398 298 
3223 1070 970 
3224 1100 1000 
3225 783 684 
3226 1084 983 
3227 744 645 
3228 287 187 
3229 1067 967 
3230 955 854 
3231 969 869 
3232 320 220 
3233 438 338 
3234 1098 997 
3235 124 25 
3236 237 136 
3237 725 626 
3238 109 8 
3239 969 869 
3240 666 565 
3241 203 102 
3242 975 874 
3243 1041 941 
3244 1082 983 
3245 820 720 
3246 344 243 
3247 1100 1000 
3248 402 303 
3249 625 525 
3250 686 585 
3251 676 575 
3252 503 404 
3253 798 698 
3254 237 136 
3255 215 116 
3256 600 500 
3257 356 255 
3258 392 293 
3259 218 118 
3260 859 760 
3261 162 61 
3262 577 476 
3263 126 25 
3264 930 829 
3265 710 609 
3266 1020 919 
3267 196 96 
3268 884 784 
3269 307 208 
3270 796 695 
3271 578 477 
3272 810 711 
3273 647 547 
3274 447 346 
3275 921 820 
3276 536 436 
3277 1038 938 
3278 112 13 
3279 752 653 
3280 974 874 
3281 998 898 
3282 405 306 
3283 796 697 
3284 741 640 
3285 557 457 
3286 980 881 
3287 743 642 
3288 496 395 
3289 730 630 
3290 706 607 
3291 792 693 
3292 154 53 
3293 392 291 
3294 664 563 
3295 500 400 
3296 230 130 
3297 512 413 
3298 922 822 
3299 730 630 
3300 403 303 
3301 701 600 
3302 365 264 
3303 803 704 
3304 1089 988 
3305 832 733 
3306 781 680 
3307 416 315 
3308 764 664 
3309 800 701 
3310 733 634 
3311 513 414 
3312 430 329 
3313 280 180 
3314 723 623 
3315 327 226 
3316 926 827 
3317 349 249 
3318 904 803 
3319 413 314 
3320 849 749 
3321 950 850 
3322 300 200 
3323 223 122 
3324 333 234 
3325 151 50 
3326 362 261 
3327 534 434 
3328 943 843 
3329 650 549 
3330 367 266 
3331 111 10 
3332 588 487 
3333 875 776 
3334 791 691 
3335 288 189 
3336 407 308 
3337 320 219 
3338 430 331 
3339 980 880 
3340 768 669 
3341 1021 920 
3342 148 48 
3343 277 177 
3344 679 580 
3345 960 859 
3346 814 715 
3347 631 530 
3348 778 678 
3349 1060 961 
3350 602 502 
3351 529 429 
3352 696 596 
3353 863 763 
3354 313 213 
3355 531 431 
3356 554 454 
3357 351 250 
3358 947 848 
3359 843 743 
3360 267 167 
3361 989 890 
3362 1034 933 
3363 689 589 
3364 257 158 
3365 630 529 
3366 916 815 
3367 209 109 
3368 547 448 
3369 571 470 
3370 1079 980 
3371 159 59 
3372 1044 945 
3373 351 252 
3374 148 48 
3375 435 335 
3376 477 378 
3377 1009 910 
3378 448 348 
3379 947 848 
3380 422 321 
3381 941 842 
3382 415 315 
3383 918 818 
3384 346 246 
3385 547 448 
3386 636 537 
3387 229 130 
3388 308 209 
3389 453 354 
3390 247 148 
3391 979 878 
3392 532 431 
3393 302 203 
3394 649 549 
3395 1051 951 
3396 391 292 
3397 886 786 
3398 241 141 
3399 917 816 
3400 203 104 
3401 658 558 
3402 374 274 
3403 1081 982 
3404 1041 940 
3405 859 760 
3406 990 889 
3407 987 887 
3408 1048 948 
3409 297 198 
3410 304 203 
3411 698 597 
3412 743 644 
3413 495 396 
3414 621 522 
3415 462 362 
3416 1081 980 
3417 117 18 
3418 518 418 
3419 912 811 
3420 360 261 
3421 126 27 
3422 822 722 
3423 226 127 
3424 935 835 
3425 581 481 
3426 1070 970 
3427 483 383 
3428 263 163 
3429 296 196 
3430 778 677 
3431 785 685 
3432 905 804 
3433 749 650 
3434 234 134 
3435 794 694 
3436 650 551 
3437 184 85 
3438 993 892 
3439 790 690 
3440 164 65 
3441 350 250 
3442 332 231 
3443 277 176 
3444 170 70 
3445 754 654 
3446 383 282 
3447 1033 933 
3448 1097 997 
3449 429 329 
3450 204 105 
3451 455 355 
3452 269 168 
3453 679 580 
3454 197 98 
3455 790 691 
3456 1079 978 
3457 505 404 
3458 794 694 
3459 827 726 
3460 325 224 
3461 371 270 
3462 489 390 
3463 273 173 
3464 999 899 
3465 992 891 
3466 419 319 
3467 530 430 
3468 335 234 
3469 326 227 
3470 221 120 
3471 308 208 
3472 150 50 
3473 286 187 
3474 846 745 
3475 847 747 
3476 884 783 
3477 237 137 
3478 1064 964 
3479 1070 970 
3480 1086 986 
3481 945 844 
3482 385 285 
3483 277 178 
3484 725 626 
3485 251 150 
3486 830 731 
3487 813 714 
3488 120 21 
3489 647 547 
3490 211 110 
3491 231 131 
3492 241 142 
3493 950 850 
3494 1028 929 
3495 700 599 
3496 401 301 
3497 867 768 
3498 252 151 
3499 863 764 
3500 481 381 
3501 157 57 
3502 1020 919 
3503 276 176 
3504 233 134 
3505 716 617 
3506 110 9 
3507 608 507 
3508 1078 977 
3509 865 764 
3510 413 312 
3511 702 602 
3512 533 434 
3513 384 284 
3514 1004 903 
3515 773 672 
3516 985 885 
3517 1014 913 
3518 331 230 
3519 680 580 
3520 544 443 
3521 603 503 
3522 482 381 
3523 962 863 
3524 542 443 
3525 761 661 
3526 464 365 
3527 776 677 
3528 992 892 
3529 213 114 
3530 464 364 
3531 916 817 
3532 1060 959 
3533 917 816 
3534 458 358 
3535 928 827 
3536 380 279 
3537 192 91 
3538 193 94 
3539 104 3 
3540 294 193 
3541 389 288 
3542 642 541 
3543 904 804 
3544 529 430 
3545 709 608 
3546 579 479 
3547 191 92 
3548 1058 958 
3549 592 492 
3550 1071 971 
3551 219 120 
3552 834 733 
3553 773 672 
3554 781 681 
3555 741 642 
3556 820 720 
3557 767 666 
3558 374 275 
3559 216 116 
3560 586 486 
3561 396 297 
3562 1049 950 
3563 873 772 
3564 517 416 
3565 843 744 
3566 349 248 
3567 939 840 
3568 406 307 
3569 222 122 
3570 101 1 
3571 677 577 
3572 557 458 
3573 720 621 
3574 1079 980 
3575 1037 937 
3576 601 502 
3577 534 433 
3578 847 748 
3579 993 894 
3580 268 168 
3581 156 56 
3582 1004 905 
3583 892 791 
3584 663 563 
3585 712 613 
3586 646 547 
3587 184 83 
3588 673 572 
3589 891 791 
3590 759 659 
3591 788 687 
3592 518 419 
3593 554 453 
3594 881 782 
3595 1057 958 
3596 246 145 
3597 315 216 
3598 967 867 
3599 1029 928 
3600 703 602 
3601 618 518 
3602 847 746 
3603 248 149 
3604 597 498 
3605 600 499 
3606 608 508 
3607 886 785 
3608 341 241 
3609 754 655 
3610 498 399 
3611 773 672 
3612 278 177 
3613 184 85 
3614 452 353 
3615 1101 1000 
3616 104 4 
3617 355 255 
3618 637 538 
3619 390 291 
3620 917 816 
3621 497 397 
3622 759 660 
3623 337 236 
3624 1089 989 
3625 489 389 
3626 135 36 
3627 1051 951 
3628 197 98 
3629 188 89 
3630 787 688 
3631 118 19 
3632 170 69 
3633 673 574 
3634 939 840 
3635 596 497 
3636 391 290 
3637 1086 985 
3638 954 854 
3639 608 507 
3640 1011 912 
3641 677 577 
3642 397 296 
3643 709 608 
3644 158 58 
3645 501 402 
3646 1031 931 
3647 208 108 
3648 1037 937 
3649 227 126 
3650 914 815 
3651 743 642 
3652 464 364 
3653 694 595 
3654 946 847 
3655 783 683 
3656 606 505 
3657 558 457 
3658 740 639 
3659 521 422 
3660 696 595 
3661 463 362 
3662 385 286 
3663 819 720 
3664 105 4 
3665 632 531 
3666 710 611 
3667 654 555 
3668 205 105 
3669 411 311 
3670 309 210 
3671 1069 968 
3672 407 307 
3673 517 416 
3674 842 742 
3675 579 478 
3676 959 858 
3677 866 767 
3678 379 278 
3679 735 635 
3680 782 682 
3681 133 33 
3682 430 329 
3683 948 847 
3684 594 495 
3685 935 834 
3686 855 756 
3687 265 166 
3688 1069 970 
3689 677 578 
3690 917 816 
3691 463 364 
3692 104 3 
3693 210 109 
3694 450 350 
3695 668 568 
3696 627 526 
3697 391 292 
3698 721 621 
3699 1032 931 
3700 446 345 
3701 250 150 
3702 858 759 
3703 261 160 
3704 629 529 
3705 703 604 
3706 814 714 
3707 847 747 
3708 127 26 
3709 833 734 
3710 1096 995 
3711 127 28 
3712 329 230 
3713 869 768 
3714 271 170 
3715 312 211 
3716 478 378 
3717 790 689 
3718 207 106 
3719 656 555 
3720 753 654 
3721 981 880 
3722 514 415 
3723 269 168 
3724 470 371 
3725 298 199 
3726 347 247 
3727 823 723 
3728 1080 980 
3729 455 354 
3730 441 340 
3731 318 218 
3732 747 647 
3733 1081 982 
3734 921 822 
3735 694 594 
3736 720 619 
3737 217 116 
3738 918 819 
3739 788 687 
3740 775 674 
3741 106 5 
3742 758 657 
3743 907 808 
3744 619 518 
3745 824 725 
3746 675 576 
3747 265 165 
3748 855 756 
3749 1020 921 
3750 214 113 
3751 469 370 
3752 530 430 
3753 702 603 
3754 375 275 
3755 422 323 
3756 141 42 
3757 160 59 
3758 774 675 
3759 493 392 
3760 939 838 
3761 856 757 
3762 548 449 
3763 188 88 
3764 651 550 
3765 996 895 
3766 250 151 
3767 763 663 
3768 373 273 
3769 1054 953 
3770 694 594 
3771 692 593 
3772 165 65 
3773 682 581 
3774 678 577 
3775 146 46 
3776 766 665 
3777 763 662 
3778 615 515 
3779 507 406 
3780 339 239 
3781 303 202 
3782 630 531 
3783 929 828 
3784 444 345 
3785 367 266 
3786 424 325 
3787 474 373 
3788 749 649 
3789 130 31 
3790 444 343 
3791 1100 1000 
3792 432 331 
3793 880 780 
3794 734 635 
3795 937 836 
3796 279 179 
3797 580 480 
3798 645 545 
3799 305 206 
3800 926 826 
3801 333 234 
3802 386 287 
3803 183 83 
3804 749 648 
3805 336 237 
3806 982 883 
3807 490 391 
3808 227 128 
3809 600 499 
3810 624 524 
3811 411 310 
3812 429 328 
3813 800 700 
3814 993 894 
3815 437 337 
3816 932 832 
3817 850 750 
3818 336 236 
3819 483 382 
3820 412 312 
3821 592 491 
3822 202 102 
3823 829 730 
3824 872 772 
3825 524 424 
3826 630 531 
3827 995 895 
3828 373 273 
3829 447 346 
3830 184 85 
3831 389 289 
3832 659 559 
3833 717 616 
3834 132 33 
3835 639 538 
3836 281 182 
3837 187 86 
3838 369 270 
3839 584 483 
3840 918 819 
3841 123 22 
3842 856 755 
3843 880 780 
3844 821 722 
3845 857 758 
3846 318 219 
3847 654 553 
3848 685 586 
3849 274 174 
3850 1039 938 
3851 170 69 
3852 555 454 
3853 787 688 
3854 603 502 
3855 434 335 
3856 812 712 
3857 379 280 
3858 676 576 
3859 653 553 
3860 665 566 
3861 1049 948 
3862 912 811 
3863 744 645 
3864 1012 911 
3865 606 507 
3866 861 761 
3867 980 881 
3868 289 188 
3869 444 343 
3870 600 499 
3871 735 634 
3872 477 377 
3873 832 732 
3874 1035 935 
3875 998 897 
3876 671 571 
3877 276 176 
3878 638 537 
3879 967 867 
3880 516 417 
3881 367 267 
3882 544 444 
3883 607 506 
3884 631 532 
3885 651 550 
3886 787 688 
3887 490 391 
3888 244 144 
3889 234 134 
3890 470 371 
3891 388 289 
3892 624 523 
3893 676 575 
3894 285 186 
3895 1090 989 
3896 600 499 
3897 350 250 
3898 347 247 
3899 232 133 
3900 702 602 
3901 1052 953 
3902 308 209 
3903 278 179 
3904 567 467 
3905 780 680 
3906 805 705 
3907 392 293 
3908 1055 955 
3909 463 364 
3910 868 769 
3911 332 231 
3912 693 594 
3913 522 421 
3914 648 549 
3915 122 22 
3916 719 618 
3917 282 181 
3918 647 547 
3919 1030 929 
3920 176 76 
3921 811 711 
3922 687 588 
3923 475 376 
3924 595 495 
3925 806 707 
3926 703 602 
3927 676 575 
3928 958 859 
3929 433 334 
3930 886 786 
3931 173 73 
3932 443 343 
3933 393 292 
3934 212 113 
3935 1082 982 
3936 677 576 
3937 404 304 
3938 1093 993 
3939 371 271 
3940 367 268 
3941 779 680 
3942 479 378 
3943 164 63 
3944 333 232 
3945 224 123 
3946 927 827 
3947 173 73 
3948 1052 951 
3949 647 548 
3950 524 424 
3951 730 630 
3952 417 316 
3953 211 110 
3954 727 627 
3955 490 390 
3956 840 739 
3957 220 119 
3958 768 669 
3959 783 683 
3960 443 342 
3961 684 583 
3962 288 187 
3963 1016 915 
3964 656 556 
3965 1012 912 
3966 679 579 
3967 714 613 
3968 831 730 
3969 778 677 
3970 273 174 
3971 405 304 
3972 663 563 
3973 975 876 
3974 874 773 
3975 451 352 
3976 206 105 
3977 1049 950 
3978 897 798 
3979 423 323 
3980 209 108 
3981 905 804 
3982 434 335 
3983 969 870 
3984 620 519 
3985 469 369 
3986 563 463 
3987 974 874 
3988 850 751 
3989 167 68 
3990 637 537 
3991 815 714 
3992 434 333 
3993 697 596 
3994 957 857 
3995 295 196 
3996 693 593 
3997 113 12 
3998 634 534 
3999 473 373 
4000 673 574 
4001 570 470 
4002 428 329 
4003 834 735 
4004 166 67 
4005 1012 913 
4006 126 26 
4007 497 397 
4008 547 446 
4009 866 765 
4010 915 815 
4011 438 339 
4012 476 376 
4013 304 204 
4014 714 615 
4015 188 88 
4016 192 93 
4017 526 425 
4018 579 480 
4019 889 789 
4020 446 346 
4021 1077 977 
4022 115 14 
4023 593 492 
4024 420 319 
4025 923 822 
4026 720 621 
4027 734 635 
4028 881 781 
4029 219 120 
4030 790 691 
4031 350 249 
4032 316 215 
4033 527 428 
4034 974 873 
4035 497 398 
4036 206 106 
4037 915 815 
4038 1068 969 
4039 127 28 
4040 506 406 
4041 638 538 
4042 795 694 
4043 1005 906 
4044 441 340 
4045 648 549 
4046 1060 961 
4047 816 717 
4048 874 775 
4049 906 805 
4050 483 383 
4051 747 646 
4052 624 525 
4053 138 39 
4054 522 421 
4055 228 129 
4056 681 581 
4057 456 356 
4058 490 391 
4059 476 377 
4060 390 289 
4061 786 686 
4062 373 274 
4063 564 463 
4064 168 67 
4065 611 511 
4066 1092 991 
4067 943 842 
4068 485 385 
4069 819 718 
4070 725 625 
4071 562 462 
4072 422 322 
4073 222 122 
4074 472 371 
4075 530 431 
4076 235 136 
4077 969 870 
4078 943 844 
4079 768 668 
4080 513 413 
4081 507 406 
4082 1063 964 
4083 881 782 
4084 236 136 
4085 529 430 
4086 977 878 
4087 717 616 
4088 242 143 
4089 106 7 
4090 146 46 
4091 299 198 
4092 113 12 
4093 326 227 
4094 758 658 
4095 755 656 
4096 669 570 
4097 233 134 
4098 191 91 
4099 827 726 
4100 786 687 
4101 1058 957 
4102 175 74 
4103 917 818 
4104 341 241 
4105 595 496 
4106 625 525 
4107 294 195 
4108 662 563 
4109 614 513 
4110 533 433 
4111 891 790 
4112 764 663 
4113 222 123 
4114 235 135 
4115 770 669 
4116 255 154 
4117 187 86 
4118 1084 985 
4119 853 754 
4120 682 581 
4121 962 863 
4122 496 395 
4123 909 809 
4124 1011 911 
4125 263 162 
4126 729 628 
4127 312 211 
4128 322 222 
4129 293 194 
4130 215 116 
4131 371 272 
4132 593 493 
4133 928 828 
4134 627 526 
4135 190 89 
4136 928 829 
4137 167 66 
4138 401 301 
4139 978 878 
4140 562 462 
4141 928 827 
4142 988 888 
4143 279 179 
4144 1047 948 
4145 794 693 
4146 674 575 
4147 1054 954 
4148 977 876 
4149 137 38 
4150 626 525 
4151 369 270 
4152 601 502 
4153 928 828 
4154 515 414 
4155 342 243 
4156 877 778 
4157 878 777 
4158 1051 952 
4159 653 553 
4160 616 517 
4161 583 482 
4162 519 419 
4163 581 480 
4164 439 339 
4165 1010 909 
4166 400 299 
4167 174 75 
4168 1055 955 
4169 884 784 
4170 1093 994 
4171 730 631 
4172 451 352 
4173 347 247 
4174 149 48 
4175 503 402 
4176 730 629 
4177 599 500 
4178 984 885 
4179 513 414 
4180 122 21 
4181 225 126 
4182 888 787 
4183 1080 981 
4184 277 178 
4185 169 68 
4186 537 438 
4187 137 36 
4188 201 100 
4189 574 473 
4190 448 349 
4191 862 762 
4192 1092 991 
4193 931 831 
4194 701 600 
4195 515 415 
4196 117 16 
4197 683 582 
4198 413 313 
4199 740 639 
4200 881 782 
4201 271 172 
4202 273 173 
4203 938 839 
4204 438 338 
4205 495 395 
4206 302 202 
4207 201 100 
4208 292 193 
4209 396 296 
4210 453 352 
4211 804 704 
4212 851 750 
4213 851 751 
4214 135 34 
4215 369 270 
4216 302 203 
4217 774 674 
4218 439 340 
4219 480 379 
4220 1050 950 
4221 1070 969 
4222 288 188 
4223 1034 933 
4224 904 805 
4225 157 57 
4226 357 258 
4227 632 533 
4228 265 165 
4229 1100 999 
4230 812 713 
4231 515 414 
4232 1031 932 
4233 816 716 
4234 825 726 
4235 704 605 
4236 968 868 
4237 379 280 
4238 753 654 
4239 430 329 
4240 646 545 
4241 932 832 
4242 492 393 
4243 293 194 
4244 395 295 
4245 508 409 
4246 399 299 
4247 992 891 
4248 338 238 
4249 728 628 
4250 123 23 
4251 286 185 
4252 715 616 
4253 175 74 
4254 601 500 
4255 128 27 
4256 652 551 
4257 380 280 
4258 109 10 
4259 1005 906 
4260 932 833 
4261 772 673 
4262 871 771 
4263 333 232 
4264 1091 990 
4265 467 368 
4266 200 100 
4267 143 42 
4268 507 406 
4269 440 341 
4270 472 371 
4271 732 632 
4272 769 668 
4273 799 700 
4274 189 88 
4275 989 889 
4276 899 799 
4277 1071 972 
4278 481 382 
4279 661 562 
4280 714 614 
4281 1094 995 
4282 987 888 
4283 160 61 
4284 581 481 
4285 111 12 
4286 786 686 
4287 798 699 
4288 408 309 
4289 847 746 
4290 754 655 
4291 416 317 
4292 1048 949 
4293 305 204 
4294 730 630 
4295 105 4 
4296 598 499 
4297 164 65 
4298 741 640 
4299 1090 990 
4300 634 535 
4301 862 763 
4302 773 674 
4303 663 562 
4304 953 852 
4305 299 198 
4306 544 444 
4307 140 40 
4308 228 127 
4309 850 751 
4310 918 818 
4311 640 539 
4312 590 489 
4313 115 15 
4314 252 151 
4315 948 848 
4316 823 722 
4317 818 718 
4318 751 650 
4319 370 271 
4320 491 390 
4321 615 514 
4322 823 722 
4323 353 254 
4324 214 113 
4325 611 512 
4326 600 499 
4327 1079 979 
4328 440 340 
4329 204 103 
4330 1045 945 
4331 469 368 
4332 1091 991 
4333 743 642 
4334 398 298 
4335 322 222 
4336 163 63 
4337 1033 932 
4338 859 758 
4339 746 645 
4340 922 823 
4341 1056 955 
4342 157 56 
4343 250 151 
4344 1021 920 
4345 212 111 
4346 584 483 
4347 927 826 
4348 759 659 
4349 740 641 
4350 596 495 
4351 943 844 
4352 911 810 
4353 953 854 
4354 264 163 
4355 450 351 
4356 288 189 
4357 489 388 
4358 262 162 
4359 249 148 
4360 1062 961 
4361 229 129 
4362 780 680 
4363 525 425 
4364 396 296 
4365 628 529 
4366 177 76 
4367 472 373 
4368 152 53 
4369 667 566 
4370 506 406 
4371 627 528 
4372 249 150 
4373 562 463 
4374 291 191 
4375 234 134 
4376 767 666 
4377 968 867 
4378 202 101 
4379 470 370 
4380 486 387 
4381 609 509 
4382 121 22 
4383 440 341 
4384 1014 915 
4385 914 815 
4386 821 721 
4387 482 382 
4388 667 568 
4389 187 88 
4390 742 642 
4391 1021 920 
4392 862 761 
4393 797 696 
4394 504 405 
4395 124 25 
4396 115 15 
4397 582 481 
4398 163 64 
4399 194 95 
4400 770 671 
4401 1057 957 
4402 182 83 
4403 128 27 
4404 922 821 
4405 673 572 
4406 476 376 
4407 443 343 
4408 660 560 
4409 314 213 
4410 1033 933 
4411 381 281 
4412 942 842 
4413 813 713 
4414 458 358 
4415 539 440 
4416 715 615 
4417 200 101 
4418 960 861 
4419 1038 939 
4420 1093 994 
4421 922 822 
4422 1048 948 
4423 914 815 
4424 362 261 
4425 232 132 
4426 124 23 
4427 650 551 
4428 858 759 
4429 1062 961 
4430 144 45 
4431 112 11 
4432 721 621 
4433 357 257 
4434 410 309 
4435 279 180 
4436 366 267 
4437 694 594 
4438 480 379 
4439 718 619 
4440 758 658 
4441 910 811 
4442 1037 938 
4443 123 23 
4444 173 74 
4445 649 550 
4446 323 224 
4447 1002 901 
4448 642 542 
4449 499 399 
4450 892 791 
4451 653 552 
4452 695 596 
4453 673 572 
4454 956 856 
4455 652 552 
4456 704 604 
4457 904 804 
4458 370 271 
4459 289 188 
4460 882 782 
4461 871 770 
4462 1047 948 
4463 637 538 
4464 107 6 
4465 142 42 
4466 707 606 
4467 344 243 
4468 589 489 
4469 117 16 
4470 916 815 
4471 423 322 
4472 123 23 
4473 928 829 
4474 146 45 
4475 327 227 
4476 766 665 
4477 823 723 
4478 840 740 
4479 617 518 
4480 974 873 
4481 890 790 
4482 129 30 
4483 1038 938 
4484 635 534 
4485 342 242 
4486 226 125 
4487 671 572 
4488 1058 959 
4489 380 281 
4490 552 453 
4491 989 888 
4492 1089 989 
4493 633 532 
4494 104 5 
4495 976 876 
4496 423 323 
4497 987 887 
4498 865 764 
4499 620 521 
4500 604 503 
4501 490 391 
4502 633 533 
4503 414 315 
4504 453 352 
4505 903 804 
4506 746 645 
4507 1097 998 
4508 1043 943 
4509 214 113 
4510 1021 921 
4511 117 16 
4512 293 192 
4513 405 305 
4514 415 315 
4515 351 252 
4516 771 672 
4517 220 121 
4518 671 572 
4519 510 411 
4520 593 494 
4521 166 67 
4522 203 104 
4523 279 178 
4524 224 123 
4525 195 94 
4526 204 103 
4527 885 784 
4528 223 124 
4529 363 264 
4530 356 255 
4531 634 534 
4532 167 68 
4533 362 262 
4534 122 21 
4535 131 31 
4536 793 692 
4537 981 880 
4538 455 355 
4539 748 647 
4540 978 877 
4541 908 808 
4542 596 496 
4543 995 894 
4544 294 194 
4545 206 105 
4546 922 821 
4547 200 100 
4548 334 233 
4549 598 497 
4550 743 644 
4551 624 524 
4552 291 192 
4553 630 529 
4554 836 737 
4555 813 714 
4556 398 297 
4557 533 433 
4558 928 827 
4559 204 103 
4560 285 184 
4561 394 295 
4562 726 625 
4563 533 433 
4564 950 849 
4565 569 470 
4566 1067 966 
4567 137 37 
4568 233 133 
4569 652 553 
4570 140 39 
4571 979 879 
4572 448 347 
4573 442 343 
4574 845 745 
4575 483 382 
4576 532 432 
4577 1017 917 
4578 160 61 
4579 175 75 
4580 751 650 
4581 1047 946 
4582 827 726 
4583 108 8 
4584 570 470 
4585 673 572 
4586 300 200 
4587 903 802 
4588 1050 951 
4589 682 581 
4590 973 872 
4591 1044 944 
4592 1036 936 
4593 269 170 
4594 523 424 
4595 504 403 
4596 233 134 
4597 819 719 
4598 885 785 
4599 915 814 
4600 147 48 
4601 481 382 
4602 141 40 
4603 691 590 
4604 838 737 
4605 658 559 
4606 888 787 
4607 613 513 
4608 181 82 
4609 731 631 
4610 975 875 
4611 996 896 
4612 958 858 
4613 520 419 
4614 694 594 
4615 939 838 
4616 508 408 
4617 1078 979 
4618 289 188 
4619 867 768 
4620 303 204 
4621 212 113 
4622 1067 967 
4623 247 148 
4624 671 571 
4625 533 433 
4626 825 724 
4627 832 732 
4628 455 354 
4629 805 705 
4630 865 765 
4631 247 146 
4632 420 320 
4633 1012 911 
4634 187 87 
4635 735 635 
4636 1017 918 
4637 116 15 
4638 179 79 
4639 1009 910 
4640 426 327 
4641 417 317 
4642 898 799 
4643 160 60 
4644 255 154 
4645 161 60 
4646 178 79 
4647 164 63 
4648 992 893 
4649 714 615 
4650 416 317 
4651 873 772 
4652 444 345 
4653 946 846 
4654 212 112 
4655 991 891 
4656 1047 946 
4657 624 525 
4658 329 230 
4659 654 555 
4660 194 94 
4661 494 395 
4662 462 363 
4663 285 185 
4664 854 755 
4665 1009 910 
4666 390 291 
4667 498 399 
4668 414 315 
4669 126 25 
4670 200 101 
4671 425 326 
4672 237 136 
4673 748 647 
4674 739 639 
4675 610 510 
4676 527 426 
4677 922 823 
4678 266 166 
4679 1080 979 
4680 369 270 
4681 1045 944 
4682 785 685 
4683 757 656 
4684 515 414 
4685 248 147 
4686 774 674 
4687 472 372 
4688 850 749 
4689 339 238 
4690 826 726 
4691 798 697 
4692 773 673 
4693 544 445 
4694 272 171 
4695 412 313 
4696 821 721 
4697 805 705 
4698 329 230 
4699 894 794 
4700 219 119 
4701 990 890 
4702 368 268 
4703 1060 961 
4704 1032 933 
4705 139 38 
4706 714 614 
4707 915 816 
4708 230 129 
4709 447 346 
4710 578 479 
4711 484 385 
4712 222 122 
4713 506 405 
4714 693 594 
4715 558 458 
4716 853 754 
4717 261 162 
4718 258 158 
4719 941 840 
4720 496 396 
4721 184 83 
4722 648 547 
4723 929 830 
4724 136 36 
4725 701 600 
4726 543 444 
4727 672 573 
4728 256 156 
4729 403 304 
4730 330 229 
4731 399 299 
4732 279 179 
4733 568 469 
4734 433 333 
4735 274 174 
4736 594 493 
4737 397 298 
4738 197 98 
4739 764 664 
4740 740 640 
4741 314 213 
4742 838 737 
4743 743 642 
4744 142 42 
4745 803 703 
4746 448 348 
4747 301 202 
4748 875 774 
4749 693 592 
4750 815 716 
4751 316 215 
4752 715 614 
4753 728 629 
4754 363 262 
4755 1053 953 
4756 612 511 
4757 975 876 
4758 290 191 
4759 614 515 
4760 821 722 
4761 1064 964 
4762 558 459 
4763 535 435 
4764 137 38 
4765 628 528 
4766 738 639 
4767 673 574 
4768 190 89 
4769 935 834 
4770 337 236 
4771 259 158 
4772 321 222 
4773 349 249 
4774 336 237 
4775 202 101 
4776 931 830 
4777 218 117 
4778 664 565 
4779 396 297 
4780 532 433 
4781 259 160 
4782 600 499 
4783 684 584 
4784 910 811 
4785 1088 988 
4786 420 319 
4787 775 675 
4788 270 169 
4789 406 305 
4790 272 172 
4791 849 748 
4792 630 531 
4793 177 77 
4794 489 390 
4795 1076 977 
4796 749 650 
4797 585 484 
4798 1038 939 
4799 764 665 
4800 1067 968 
4801 692 591 
4802 1081 980 
4803 998 899 
4804 841 740 
4805 698 598 
4806 821 722 
4807 439 340 
4808 944 845 
4809 659 560 
4810 662 563 
4811 780 679 
4812 815 716 
4813 197 96 
4814 1096 996 
4815 991 892 
4816 991 892 
4817 723 623 
4818 592 493 
4819 208 107 
4820 918 819 
4821 523 422 
4822 1022 922 
4823 363 264 
4824 283 184 
4825 959 859 
4826 923 823 
4827 1059 958 
4828 984 884 
4829 388 288 
4830 924 825 
4831 153 54 
4832 366 267 
4833 125 25 
4834 157 57 
4835 443 343 
4836 550 450 
4837 703 604 
4838 844 745 
4839 751 652 
4840 133 32 
4841 461 360 
4842 235 134 
4843 894 795 
4844 747 647 
4845 989 888 
4846 899 798 
4847 175 74 
4848 550 449 
4849 226 127 
4850 574 473 
4851 239 138 
4852 177 77 
4853 399 300 
4854 919 818 
4855 611 510 
4856 526 425 
4857 922 821 
4858 274 173 
4859 863 762 
4860 636 535 
4861 1090 989 
4862 171 72 
4863 616 517 
4864 414 314 
4865 964 863 
4866 286 187 
4867 565 465 
4868 396 295 
4869 999 898 
4870 462 362 
4871 675 576 
4872 842 743 
4873 1002 901 
4874 987 887 
4875 730 630 
4876 148 49 
4877 700 601 
4878 326 226 
4879 263 163 
4880 797 698 
4881 488 388 
4882 878 779 
4883 1083 984 
4884 1042 942 
4885 254 154 
4886 375 276 
4887 938 838 
4888 642 541 
4889 737 636 
4890 661 561 
4891 583 484 
4892 933 833 
4893 542 442 
4894 237 137 
4895 300 200 
4896 817 716 
4897 1062 962 
4898 144 44 
4899 1046 946 
4900 273 172 
4901 723 624 
4902 657 556 
4903 306 206 
4904 388 289 
4905 626 526 
4906 699 598 
4907 851 752 
4908 614 515 
4909 726 627 
4910 611 512 
4911 404 303 
4912 595 494 
4913 696 597 
4914 159 58 
4915 849 748 
4916 146 47 
4917 302 201 
4918 148 47 
4919 910 810 
4920 353 253 
4921 418 319 
4922 429 330 
4923 714 613 
4924 136 35 
4925 147 48 
4926 592 491 
4927 137 37 
4928 997 898 
4929 581 481 
4930 518 418 
4931 703 602 
4932 148 49 
4933 1043 944 
4934 1028 928 
4935 937 838 
4936 1043 943 
4937 750 651 
4938 183 82 
4939 668 568 
4940 257 156 
4941 803 702 
4942 348 247 
4943 1072 973 
4944 306 206 
4945 398 299 
4946 450 351 
4947 250 151 
4948 155 55 
4949 949 849 
4950 287 187 
4951 563 464 
4952 740 641 
4953 835 735 
4954 414 314 
4955 720 621 
4956 567 468 
4957 386 287 
4958 931 831 
4959 639 540 
4960 1055 956 
4961 131 30 
4962 921 821 
4963 899 800 
4964 802 701 
4965 475 376 
4966 984 885 
4967 861 762 
4968 1005 904 
4969 649 550 
4970 711 612 
4971 595 495 
4972 849 750 
4973 580 481 
4974 603 504 
4975 337 238 
4976 246 145 
4977 208 109 
4978 548 449 
4979 195 96 
4980 482 383 
4981 1013 913 
4982 1039 938 
4983 548 448 
4984 547 448 
4985 648 547 
4986 273 174 
4987 102 3 
4988 632 533 
4989 674 575 
4990 690 589 
4991 498 399 
4992 766 665 
4993 353 254 
4994 875 774 
4995 816 717 
4996 165 65 
4997 691 592 
4998 905 805 
4999 877 776 
5000 690 589 
