npieces: 5000
capacity: 1024067
1 293 193 
2 807 706 
3 608 508 
4 261 161 
5 922 822 
6 426 327 
7 114 15 
8 462 361 
9 115 15 
10 499 400 
11 514 413 
12 636 537 
13 402 302 
14 446 346 
15 498 398 
16 566 466 
17 860 759 
18 914 814 
19 743 643 
20 656 556 
21 530 431 
22 192 93 
23 609 510 
24 937 836 
25 1041 942 
26 963 862 
27 623 524 
28 104 5 
29 379 279 
30 529 429 
31 295 195 
32 182 81 
33 601 501 
34 1055 955 
35 993 894 
36 267 167 
37 595 494 
38 653 554 
39 570 470 
40 1039 940 
41 230 129 
42 730 631 
43 116 16 
44 736 635 
45 717 617 
46 605 504 
47 144 43 
48 676 575 
49 1085 985 
50 849 750 
51 987 888 
52 1018 918 
53 708 607 
54 686 586 
55 591 490 
56 570 469 
57 918 819 
58 589 488 
59 641 542 
60 435 336 
61 857 758 
62 467 368 
63 668 569 
64 612 512 
65 250 149 
66 783 682 
67 930 830 
68 151 52 
69 1001 902 
70 995 895 
71 866 767 
72 112 11 
73 1013 912 
74 128 29 
75 972 873 
76 377 278 
77 528 428 
78 813 713 
79 391 290 
80 707 608 
81 458 359 
82 622 523 
83 887 788 
84 811 711 
85 347 247 
86 555 455 
87 500 401 
88 245 146 
89 129 28 
90 812 713 
91 913 814 
92 311 210 
93 170 70 
94 738 637 
95 581 482 
96 928 827 
97 735 635 
98 331 230 
99 259 158 
100 133 34 
101 250 151 
102 955 854 
103 735 636 
104 833 734 
105 823 723 
106 805 704 
107 542 441 
108 772 672 
109 948 848 
110 391 291 
111 633 532 
112 186 85 
113 934 835 
114 276 175 
115 116 15 
116 332 232 
117 1053 953 
118 308 207 
119 830 731 
120 213 114 
121 725 625 
122 409 310 
123 946 845 
124 617 516 
125 1004 903 
126 856 756 
127 120 21 
128 973 873 
129 664 564 
130 357 257 
131 336 235 
132 642 543 
133 467 368 
134 571 470 
135 391 290 
136 903 804 
137 599 499 
138 909 808 
139 714 615 
140 190 90 
141 1081 981 
142 801 702 
143 805 705 
144 409 309 
145 886 787 
146 987 888 
147 1068 968 
148 1020 921 
149 830 730 
150 932 832 
151 396 295 
152 330 230 
153 383 283 
154 911 810 
155 271 171 
156 177 78 
157 149 48 
158 265 165 
159 254 155 
160 512 411 
161 264 163 
162 956 856 
163 453 352 
164 944 843 
165 271 171 
166 787 688 
167 263 164 
168 346 245 
169 868 767 
170 875 775 
171 825 724 
172 344 243 
173 533 434 
174 135 35 
175 292 192 
176 189 88 
177 197 96 
178 331 231 
179 859 760 
180 894 793 
181 546 445 
182 207 106 
183 401 302 
184 666 566 
185 926 826 
186 1054 955 
187 549 448 
188 579 479 
189 828 729 
190 195 95 
191 720 620 
192 397 296 
193 897 798 
194 425 326 
195 1031 931 
196 546 447 
197 377 277 
198 735 635 
199 939 840 
200 920 819 
201 803 704 
202 399 298 
203 180 80 
204 671 572 
205 380 280 
206 550 450 
207 262 162 
208 300 199 
209 166 65 
210 816 715 
211 562 462 
212 1053 953 
213 461 360 
214 1066 966 
215 316 215 
216 254 153 
217 313 214 
218 773 673 
219 679 579 
220 620 520 
221 1056 955 
222 455 354 
223 635 535 
224 846 745 
225 522 421 
226 510 409 
227 866 765 
228 655 555 
229 549 449 
230 1029 928 
231 1058 959 
232 679 580 
233 666 566 
234 447 348 
235 1008 907 
236 601 501 
237 322 223 
238 694 595 
239 1098 998 
240 918 818 
241 132 31 
242 1016 917 
243 1014 915 
244 708 609 
245 456 356 
246 672 572 
247 631 531 
248 684 583 
249 171 70 
250 762 662 
251 1023 924 
252 260 160 
253 1066 966 
254 363 263 
255 921 821 
256 739 638 
257 319 218 
258 1094 994 
259 313 213 
260 451 350 
261 728 629 
262 874 775 
263 669 568 
264 620 520 
265 430 329 
266 479 379 
267 815 716 
268 946 845 
269 539 438 
270 680 581 
271 266 165 
272 430 329 
273 502 401 
274 553 452 
275 604 503 
276 747 648 
277 803 704 
278 903 804 
279 1087 986 
280 975 874 
281 239 138 
282 1092 992 
283 464 365 
284 603 504 
285 1046 946 
286 1066 966 
287 328 229 
288 355 254 
289 262 162 
290 875 776 
291 543 444 
292 364 265 
293 157 58 
294 1092 991 
295 1009 908 
296 460 360 
297 693 592 
298 213 112 
299 159 59 
300 641 541 
301 371 270 
302 859 760 
303 210 111 
304 567 467 
305 597 497 
306 133 33 
307 886 785 
308 338 239 
309 914 813 
310 1064 965 
311 791 691 
312 987 888 
313 679 580 
314 155 55 
315 320 219 
316 669 568 
317 618 518 
318 644 543 
319 149 48 
320 263 162 
321 1059 960 
322 993 892 
323 908 809 
324 849 748 
325 283 183 
326 196 97 
327 688 587 
328 353 252 
329 847 747 
330 670 570 
331 477 377 
332 737 637 
333 1051 950 
334 737 638 
335 646 547 
336 757 657 
337 456 356 
338 609 508 
339 253 154 
340 624 525 
341 872 771 
342 500 400 
343 323 223 
344 717 618 
345 757 658 
346 447 348 
347 294 193 
348 594 495 
349 272 171 
350 893 793 
351 705 606 
352 822 722 
353 414 314 
354 1043 942 
355 475 374 
356 507 406 
357 753 653 
358 850 749 
359 1047 948 
360 199 100 
361 752 651 
362 895 794 
363 675 574 
364 241 140 
365 459 359 
366 920 821 
367 445 346 
368 133 34 
369 504 405 
370 249 148 
371 629 529 
372 1095 995 
373 1070 969 
374 1009 908 
375 738 638 
376 347 247 
377 959 860 
378 507 407 
379 920 821 
380 785 686 
381 1028 928 
382 976 877 
383 490 390 
384 546 445 
385 846 745 
386 306 205 
387 452 353 
388 995 896 
389 207 107 
390 111 10 
391 1059 960 
392 187 87 
393 773 672 
394 1045 944 
395 846 746 
396 936 835 
397 372 273 
398 800 701 
399 687 588 
400 300 199 
401 942 842 
402 967 867 
403 700 599 
404 270 169 
405 923 824 
406 101 2 
407 668 567 
408 301 200 
409 512 412 
410 291 192 
411 340 240 
412 402 301 
413 1050 950 
414 1078 978 
415 238 137 
416 832 732 
417 136 36 
418 646 546 
419 270 170 
420 693 593 
421 631 531 
422 708 608 
423 564 463 
424 625 525 
425 342 242 
426 343 243 
427 385 284 
428 404 305 
429 753 652 
430 388 287 
431 973 872 
432 570 471 
433 822 723 
434 371 270 
435 1088 988 
436 778 678 
437 212 111 
438 894 793 
439 1032 931 
440 776 676 
441 258 159 
442 466 366 
443 206 105 
444 662 563 
445 482 381 
446 758 657 
447 521 422 
448 858 758 
449 272 172 
450 735 636 
451 822 722 
452 1054 955 
453 485 386 
454 484 385 
455 683 584 
456 659 560 
457 364 264 
458 1009 908 
459 120 21 
460 378 279 
461 811 711 
462 454 355 
463 403 303 
464 920 820 
465 982 882 
466 562 463 
467 420 320 
468 878 779 
469 780 680 
470 768 667 
471 903 802 
472 384 284 
473 181 80 
474 550 449 
475 581 481 
476 374 273 
477 577 476 
478 141 42 
479 1027 926 
480 375 276 
481 525 425 
482 655 556 
483 1005 905 
484 814 715 
485 783 683 
486 527 427 
487 208 108 
488 234 134 
489 704 603 
490 903 802 
491 257 156 
492 872 773 
493 190 90 
494 261 161 
495 428 328 
496 983 884 
497 337 237 
498 617 518 
499 367 266 
500 171 72 
501 357 256 
502 259 158 
503 984 883 
504 1036 936 
505 625 525 
506 1024 923 
507 853 752 
508 554 454 
509 263 164 
510 623 524 
511 596 497 
512 778 678 
513 343 242 
514 477 378 
515 915 814 
516 879 780 
517 737 636 
518 683 583 
519 869 770 
520 1027 927 
521 174 74 
522 810 710 
523 142 42 
524 711 610 
525 1089 990 
526 461 360 
527 537 436 
528 883 783 
529 175 76 
530 255 155 
531 477 378 
532 119 20 
533 679 578 
534 382 282 
535 353 254 
536 572 471 
537 356 255 
538 357 258 
539 322 221 
540 439 339 
541 968 869 
542 301 200 
543 690 590 
544 184 83 
545 428 328 
546 1040 941 
547 437 338 
548 936 836 
549 1010 910 
550 633 532 
551 494 395 
552 488 389 
553 986 886 
554 564 464 
555 570 471 
556 196 95 
557 320 219 
558 405 304 
559 624 523 
560 1065 966 
561 404 304 
562 138 37 
563 469 370 
564 301 200 
565 823 724 
566 453 352 
567 480 381 
568 1071 970 
569 961 861 
570 834 734 
571 949 849 
572 533 432 
573 825 726 
574 953 853 
575 1017 918 
576 569 468 
577 454 354 
578 177 78 
579 986 885 
580 223 123 
581 205 104 
582 518 419 
583 580 479 
584 354 253 
585 372 271 
586 675 576 
587 437 338 
588 807 707 
589 310 209 
590 128 27 
591 271 172 
592 942 841 
593 348 249 
594 786 685 
595 107 7 
596 854 755 
597 226 126 
598 579 480 
599 721 622 
600 948 849 
601 427 328 
602 620 520 
603 479 380 
604 417 317 
605 387 288 
606 376 277 
607 348 249 
608 676 577 
609 501 401 
610 144 45 
611 307 206 
612 1031 931 
613 327 227 
614 144 43 
615 1080 981 
616 559 458 
617 552 452 
618 106 5 
619 855 756 
620 997 896 
621 930 831 
622 164 63 
623 949 848 
624 604 503 
625 724 623 
626 878 778 
627 785 684 
628 810 710 
629 181 82 
630 262 161 
631 868 769 
632 856 755 
633 1082 983 
634 540 440 
635 705 605 
636 461 361 
637 126 26 
638 768 669 
639 1033 934 
640 382 281 
641 113 13 
642 726 625 
643 586 486 
644 524 425 
645 585 486 
646 232 133 
647 298 198 
648 414 314 
649 738 638 
650 364 263 
651 993 892 
652 342 243 
653 393 293 
654 176 76 
655 691 591 
656 886 785 
657 660 561 
658 809 709 
659 882 783 
660 1053 953 
661 922 821 
662 463 364 
663 243 144 
664 534 433 
665 519 420 
666 1090 990 
667 418 317 
668 1041 940 
669 442 341 
670 589 488 
671 393 294 
672 1065 965 
673 857 757 
674 895 795 
675 849 748 
676 187 88 
677 968 867 
678 996 897 
679 533 434 
680 867 766 
681 1079 980 
682 1050 951 
683 1064 963 
684 1002 903 
685 880 781 
686 1087 987 
687 484 384 
688 315 215 
689 619 519 
690 809 710 
691 413 313 
692 824 723 
693 1061 962 
694 628 529 
695 291 192 
696 246 147 
697 535 436 
698 1084 985 
699 494 395 
700 1011 911 
701 453 353 
702 415 316 
703 1014 913 
704 808 708 
705 798 698 
706 751 650 
707 980 881 
708 762 662 
709 675 575 
710 219 119 
711 1035 936 
712 1082 981 
713 731 632 
714 546 445 
715 589 489 
716 574 474 
717 218 117 
718 576 476 
719 185 84 
720 987 888 
721 1070 971 
722 216 116 
723 662 561 
724 226 125 
725 147 47 
726 930 831 
727 455 356 
728 467 368 
729 775 674 
730 684 585 
731 981 880 
732 517 418 
733 185 85 
734 397 297 
735 242 142 
736 539 439 
737 937 836 
738 236 135 
739 450 349 
740 807 708 
741 545 445 
742 153 54 
743 790 689 
744 885 784 
745 682 583 
746 300 201 
747 265 165 
748 1008 908 
749 1088 989 
750 796 695 
751 357 258 
752 1002 901 
753 631 531 
754 939 840 
755 652 552 
756 483 383 
757 866 765 
758 866 767 
759 461 362 
760 772 673 
761 887 788 
762 684 584 
763 687 588 
764 640 541 
765 125 26 
766 877 777 
767 729 630 
768 209 110 
769 558 458 
770 1005 906 
771 899 799 
772 588 489 
773 470 371 
774 282 182 
775 440 340 
776 875 774 
777 945 844 
778 1071 970 
779 340 240 
780 780 679 
781 539 439 
782 342 243 
783 743 643 
784 497 397 
785 987 887 
786 445 345 
787 218 118 
788 627 528 
789 230 131 
790 284 184 
791 902 803 
792 114 13 
793 416 315 
794 1054 955 
795 217 118 
796 674 575 
797 290 191 
798 301 201 
799 396 296 
800 1012 912 
801 153 53 
802 685 586 
803 109 8 
804 689 590 
805 765 666 
806 1084 985 
807 861 762 
808 980 881 
809 906 805 
810 1085 985 
811 1069 970 
812 253 153 
813 1003 904 
814 1101 1000 
815 850 751 
816 332 233 
817 444 344 
818 692 593 
819 333 234 
820 990 889 
821 519 418 
822 438 339 
823 705 606 
824 130 29 
825 601 502 
826 257 157 
827 930 831 
828 549 448 
829 905 806 
830 743 644 
831 192 93 
832 378 278 
833 530 429 
834 1093 992 
835 653 552 
836 136 35 
837 941 841 
838 320 221 
839 494 395 
840 105 6 
841 103 2 
842 690 589 
843 567 466 
844 223 122 
845 934 835 
846 1027 928 
847 248 149 
848 541 441 
849 1026 926 
850 754 653 
851 721 621 
852 350 249 
853 613 514 
854 909 808 
855 184 84 
856 597 497 
857 562 462 
858 1008 908 
859 834 735 
860 742 642 
861 1047 948 
862 683 584 
863 145 45 
864 722 623 
865 662 561 
866 776 676 
867 433 334 
868 531 431 
869 476 377 
870 630 530 
871 841 742 
872 860 760 
873 889 789 
874 698 599 
875 669 569 
876 270 171 
877 1011 910 
878 228 129 
879 458 358 
880 112 13 
881 955 856 
882 820 720 
883 300 199 
884 910 809 
885 533 434 
886 171 70 
887 1088 989 
888 677 576 
889 984 883 
890 228 129 
891 384 285 
892 120 19 
893 104 4 
894 947 846 
895 986 887 
896 273 173 
897 932 833 
898 1017 917 
899 775 675 
900 902 803 
901 430 329 
902 637 537 
903 640 540 
904 728 629 
905 537 436 
906 971 871 
907 1083 983 
908 128 28 
909 335 234 
910 575 475 
911 646 546 
912 457 356 
913 829 728 
914 645 544 
915 668 567 
916 565 465 
917 847 747 
918 937 838 
919 780 680 
920 664 563 
921 287 188 
922 774 675 
923 254 154 
924 263 163 
925 176 76 
926 953 853 
927 736 636 
928 977 877 
929 459 359 
930 896 796 
931 171 70 
932 770 670 
933 1080 979 
934 373 274 
935 473 372 
936 169 70 
937 674 575 
938 825 724 
939 664 563 
940 449 348 
941 777 678 
942 890 791 
943 292 192 
944 945 846 
945 494 395 
946 424 325 
947 682 582 
948 508 408 
949 1063 964 
950 324 224 
951 403 302 
952 582 481 
953 989 890 
954 1016 915 
955 248 149 
956 1009 908 
957 529 428 
958 306 206 
959 1094 995 
960 165 66 
961 197 97 
962 515 416 
963 556 456 
964 510 410 
965 655 556 
966 265 164 
967 115 16 
968 422 322 
969 228 127 
970 730 631 
971 434 333 
972 344 244 
973 590 491 
974 754 653 
975 524 425 
976 449 348 
977 998 899 
978 428 329 
979 816 715 
980 923 823 
981 300 199 
982 936 835 
983 986 886 
984 1054 955 
985 967 868 
986 1038 937 
987 259 159 
988 830 731 
989 121 22 
990 748 649 
991 962 861 
992 989 890 
993 746 647 
994 438 338 
995 134 33 
996 439 340 
997 931 831 
998 315 216 
999 681 581 
1000 127 26 
1001 368 268 
1002 732 631 
1003 347 247 
1004 400 300 
1005 1030 929 
1006 202 101 
1007 199 100 
1008 507 406 
1009 411 312 
1010 991 890 
1011 202 103 
1012 704 605 
1013 718 617 
1014 869 768 
1015 692 593 
1016 670 569 
1017 295 195 
1018 991 892 
1019 1053 952 
1020 454 355 
1021 763 664 
1022 274 173 
1023 543 442 
1024 841 742 
1025 1000 899 
1026 485 386 
1027 267 168 
1028 532 431 
1029 590 490 
1030 635 534 
1031 785 686 
1032 848 749 
1033 578 477 
1034 890 789 
1035 772 671 
1036 1023 923 
1037 788 687 
1038 713 614 
1039 710 611 
1040 633 532 
1041 637 538 
1042 957 856 
1043 774 674 
1044 1096 996 
1045 1026 925 
1046 443 343 
1047 499 399 
1048 423 323 
1049 395 295 
1050 537 437 
1051 283 183 
1052 933 834 
1053 581 482 
1054 320 219 
1055 1093 994 
1056 385 285 
1057 686 586 
1058 1003 903 
1059 441 342 
1060 253 153 
1061 466 366 
1062 138 37 
1063 516 417 
1064 232 133 
1065 488 387 
1066 126 25 
1067 184 85 
1068 879 778 
1069 347 246 
1070 1043 944 
1071 704 603 
1072 672 573 
1073 195 96 
1074 281 180 
1075 936 835 
1076 165 65 
1077 852 753 
1078 851 751 
1079 850 751 
1080 213 112 
1081 338 239 
1082 352 252 
1083 880 781 
1084 614 513 
1085 706 605 
1086 886 786 
1087 567 468 
1088 741 640 
1089 330 231 
1090 837 738 
1091 512 411 
1092 1053 954 
1093 390 290 
1094 547 446 
1095 777 678 
1096 1043 944 
1097 403 302 
1098 903 802 
1099 439 339 
1100 524 425 
1101 336 237 
1102 1074 973 
1103 196 95 
1104 575 474 
1105 1030 931 
1106 875 774 
1107 824 723 
1108 275 175 
1109 362 261 
1110 125 24 
1111 293 194 
1112 811 712 
1113 536 436 
1114 403 304 
1115 878 778 
1116 804 703 
1117 852 753 
1118 784 684 
1119 765 664 
1120 691 590 
1121 507 408 
1122 776 675 
1123 698 598 
1124 800 699 
1125 539 439 
1126 277 177 
1127 730 631 
1128 554 454 
1129 378 277 
1130 940 841 
1131 564 463 
1132 267 167 
1133 769 669 
1134 407 307 
1135 281 180 
1136 973 874 
1137 581 482 
1138 729 629 
1139 404 305 
1140 440 340 
1141 399 299 
1142 313 212 
1143 188 88 
1144 128 29 
1145 441 342 
1146 941 842 
1147 265 165 
1148 152 53 
1149 785 685 
1150 1099 998 
1151 563 463 
1152 749 648 
1153 962 862 
1154 285 185 
1155 627 528 
1156 1065 964 
1157 873 772 
1158 545 445 
1159 662 562 
1160 660 560 
1161 454 353 
1162 1027 926 
1163 910 809 
1164 914 813 
1165 106 6 
1166 821 722 
1167 666 565 
1168 1091 990 
1169 713 614 
1170 301 202 
1171 257 158 
1172 612 513 
1173 740 640 
1174 620 521 
1175 861 760 
1176 761 660 
1177 889 788 
1178 228 129 
1179 706 607 
1180 208 107 
1181 534 435 
1182 567 467 
1183 550 449 
1184 131 30 
1185 165 64 
1186 842 741 
1187 1028 929 
1188 1050 949 
1189 543 443 
1190 142 43 
1191 956 855 
1192 729 630 
1193 965 866 
1194 483 384 
1195 493 394 
1196 965 866 
1197 371 271 
1198 983 883 
1199 547 448 
1200 136 37 
1201 260 159 
1202 105 5 
1203 605 506 
1204 170 69 
1205 611 511 
1206 716 615 
1207 615 515 
1208 725 624 
1209 506 407 
1210 122 22 
1211 458 359 
1212 1003 904 
1213 267 168 
1214 390 289 
1215 659 558 
1216 1051 952 
1217 140 39 
1218 196 95 
1219 1053 952 
1220 696 597 
1221 564 465 
1222 125 26 
1223 1083 983 
1224 364 263 
1225 363 263 
1226 636 536 
1227 958 858 
1228 394 295 
1229 405 305 
1230 705 606 
1231 738 638 
1232 444 345 
1233 528 428 
1234 210 109 
1235 864 765 
1236 420 321 
1237 449 350 
1238 980 880 
1239 188 88 
1240 843 743 
1241 586 486 
1242 278 177 
1243 723 622 
1244 1002 901 
1245 345 246 
1246 956 856 
1247 144 45 
1248 825 725 
1249 846 747 
1250 810 710 
1251 505 405 
1252 136 37 
1253 110 9 
1254 247 147 
1255 399 298 
1256 305 204 
1257 525 425 
1258 690 589 
1259 675 576 
1260 353 252 
1261 495 396 
1262 206 107 
1263 547 447 
1264 236 136 
1265 274 174 
1266 776 675 
1267 801 702 
1268 224 124 
1269 369 270 
1270 806 705 
1271 341 241 
1272 294 194 
1273 1078 978 
1274 493 393 
1275 976 876 
1276 901 801 
1277 417 317 
1278 198 98 
1279 946 847 
1280 976 877 
1281 942 843 
1282 670 570 
1283 533 434 
1284 977 876 
1285 173 73 
1286 521 422 
1287 947 848 
1288 1081 981 
1289 163 63 
1290 956 857 
1291 954 853 
1292 173 72 
1293 755 655 
1294 836 737 
1295 246 146 
1296 1087 986 
1297 1082 981 
1298 322 223 
1299 256 157 
1300 315 216 
1301 633 534 
1302 570 469 
1303 896 795 
1304 173 72 
1305 166 67 
1306 506 407 
1307 805 704 
1308 161 61 
1309 184 85 
1310 479 380 
1311 766 667 
1312 231 130 
1313 284 184 
1314 537 437 
1315 136 37 
1316 215 115 
1317 871 770 
1318 1005 906 
1319 908 808 
1320 684 585 
1321 671 570 
1322 741 641 
1323 662 561 
1324 511 412 
1325 278 179 
1326 563 464 
1327 970 871 
1328 771 672 
1329 796 696 
1330 1085 984 
1331 889 788 
1332 150 50 
1333 700 599 
1334 1037 938 
1335 342 241 
1336 862 762 
1337 156 56 
1338 158 59 
1339 167 67 
1340 532 433 
1341 793 693 
1342 133 33 
1343 375 274 
1344 439 338 
1345 805 705 
1346 226 125 
1347 674 574 
1348 365 266 
1349 224 123 
1350 315 216 
1351 1054 954 
1352 1094 993 
1353 287 186 
1354 269 168 
1355 791 691 
1356 579 480 
1357 348 247 
1358 1070 970 
1359 763 664 
1360 902 802 
1361 1100 1000 
1362 155 55 
1363 356 256 
1364 361 261 
1365 462 361 
1366 1044 945 
1367 510 409 
1368 133 32 
1369 565 466 
1370 303 204 
1371 289 189 
1372 744 644 
1373 770 670 
1374 172 71 
1375 865 764 
1376 689 589 
1377 554 455 
1378 742 642 
1379 802 702 
1380 596 496 
1381 218 117 
1382 933 832 
1383 724 624 
1384 176 76 
1385 827 726 
1386 801 700 
1387 1088 988 
1388 743 643 
1389 1055 956 
1390 570 469 
1391 1000 899 
1392 940 839 
1393 816 716 
1394 320 219 
1395 497 396 
1396 420 319 
1397 471 371 
1398 548 449 
1399 296 195 
1400 1030 929 
1401 844 745 
1402 455 355 
1403 456 357 
1404 979 879 
1405 474 375 
1406 347 247 
1407 1019 920 
1408 128 28 
1409 806 706 
1410 689 589 
1411 208 109 
1412 267 166 
1413 531 431 
1414 357 257 
1415 922 823 
1416 231 131 
1417 1026 927 
1418 690 589 
1419 720 619 
1420 290 189 
1421 1046 946 
1422 269 169 
1423 547 448 
1424 659 560 
1425 897 797 
1426 1024 925 
1427 379 278 
1428 269 169 
1429 417 318 
1430 486 387 
1431 757 656 
1432 339 238 
1433 936 836 
1434 332 231 
1435 849 748 
1436 622 522 
1437 869 769 
1438 644 544 
1439 811 711 
1440 524 423 
1441 503 402 
1442 273 174 
1443 727 627 
1444 248 147 
1445 1007 907 
1446 135 36 
1447 950 850 
1448 883 782 
1449 335 236 
1450 969 869 
1451 327 226 
1452 451 352 
1453 1011 912 
1454 780 680 
1455 683 584 
1456 704 605 
1457 615 515 
1458 1032 933 
1459 707 607 
1460 165 66 
1461 108 9 
1462 771 671 
1463 821 720 
1464 115 15 
1465 168 68 
1466 565 465 
1467 981 881 
1468 265 164 
1469 953 852 
1470 855 755 
1471 627 528 
1472 969 869 
1473 840 741 
1474 240 141 
1475 540 439 
1476 749 648 
1477 258 158 
1478 189 88 
1479 1082 983 
1480 1024 924 
1481 546 446 
1482 389 289 
1483 625 526 
1484 397 298 
1485 500 399 
1486 684 583 
1487 120 19 
1488 152 53 
1489 369 269 
1490 623 522 
1491 658 558 
1492 136 35 
1493 130 30 
1494 551 452 
1495 743 643 
1496 967 867 
1497 348 248 
1498 1020 921 
1499 776 677 
1500 329 230 
1501 595 495 
1502 307 208 
1503 145 45 
1504 226 127 
1505 369 270 
1506 246 145 
1507 468 369 
1508 288 189 
1509 967 867 
1510 1057 958 
1511 435 335 
1512 849 750 
1513 410 309 
1514 617 516 
1515 941 842 
1516 487 388 
1517 642 543 
1518 422 321 
1519 732 633 
1520 661 561 
1521 760 660 
1522 361 261 
1523 1096 996 
1524 335 235 
1525 703 602 
1526 103 3 
1527 1052 952 
1528 357 258 
1529 421 321 
1530 138 38 
1531 1005 904 
1532 850 751 
1533 1046 947 
1534 858 758 
1535 838 739 
1536 304 205 
1537 624 523 
1538 422 322 
1539 663 563 
1540 462 362 
1541 669 568 
1542 665 566 
1543 358 257 
1544 137 36 
1545 332 233 
1546 959 860 
1547 273 172 
1548 977 877 
1549 195 95 
1550 857 756 
1551 436 337 
1552 749 648 
1553 460 360 
1554 432 333 
1555 644 545 
1556 345 244 
1557 765 664 
1558 552 451 
1559 531 432 
1560 417 318 
1561 500 399 
1562 724 625 
1563 932 833 
1564 916 816 
1565 459 360 
1566 147 46 
1567 385 285 
1568 970 870 
1569 690 589 
1570 885 786 
1571 455 355 
1572 787 686 
1573 163 62 
1574 436 335 
1575 465 366 
1576 570 469 
1577 637 537 
1578 990 890 
1579 344 244 
1580 801 702 
1581 220 120 
1582 108 9 
1583 432 331 
1584 166 67 
1585 220 120 
1586 696 596 
1587 968 868 
1588 288 187 
1589 1057 958 
1590 584 485 
1591 230 130 
1592 714 613 
1593 933 833 
1594 717 618 
1595 724 625 
1596 1030 929 
1597 160 61 
1598 410 311 
1599 532 433 
1600 400 299 
1601 793 692 
1602 410 311 
1603 118 17 
1604 478 377 
1605 833 732 
1606 926 826 
1607 985 886 
1608 271 170 
1609 608 509 
1610 1088 989 
1611 520 420 
1612 514 414 
1613 517 418 
1614 1058 959 
1615 541 441 
1616 775 674 
1617 217 117 
1618 715 615 
1619 1075 974 
1620 712 611 
1621 383 284 
1622 420 321 
1623 731 631 
1624 290 191 
1625 876 776 
1626 501 400 
1627 555 456 
1628 381 281 
1629 599 499 
1630 280 179 
1631 732 631 
1632 680 580 
1633 916 815 
1634 572 473 
1635 908 807 
1636 944 844 
1637 288 187 
1638 321 222 
1639 187 88 
1640 703 602 
1641 699 599 
1642 947 846 
1643 366 265 
1644 834 734 
1645 737 636 
1646 1059 959 
1647 294 193 
1648 552 453 
1649 474 374 
1650 1005 905 
1651 122 23 
1652 831 730 
1653 817 716 
1654 569 470 
1655 578 478 
1656 283 182 
1657 825 724 
1658 599 500 
1659 584 485 
1660 574 473 
1661 140 41 
1662 691 591 
1663 245 145 
1664 875 776 
1665 618 519 
1666 741 642 
1667 1095 994 
1668 676 575 
1669 743 642 
1670 705 605 
1671 970 869 
1672 611 510 
1673 1040 940 
1674 881 781 
1675 979 878 
1676 114 14 
1677 914 814 
1678 853 752 
1679 1079 979 
1680 776 675 
1681 848 748 
1682 699 600 
1683 553 454 
1684 924 825 
1685 766 667 
1686 1042 941 
1687 1078 977 
1688 1052 952 
1689 1055 956 
1690 368 269 
1691 204 105 
1692 524 425 
1693 307 208 
1694 281 182 
1695 185 84 
1696 300 200 
1697 840 739 
1698 498 399 
1699 730 629 
1700 558 458 
1701 190 91 
1702 1009 908 
1703 1001 901 
1704 402 302 
1705 770 671 
1706 213 113 
1707 789 689 
1708 714 614 
1709 774 674 
1710 169 68 
1711 525 424 
1712 199 100 
1713 514 415 
1714 800 700 
1715 311 212 
1716 418 319 
1717 1097 996 
1718 985 886 
1719 889 790 
1720 930 829 
1721 357 257 
1722 913 812 
1723 1071 971 
1724 373 272 
1725 285 184 
1726 1075 974 
1727 511 411 
1728 567 467 
1729 473 372 
1730 870 771 
1731 195 94 
1732 649 548 
1733 1014 915 
1734 1066 966 
1735 596 495 
1736 316 217 
1737 137 38 
1738 766 667 
1739 415 315 
1740 289 189 
1741 137 38 
1742 812 712 
1743 947 848 
1744 301 201 
1745 482 382 
1746 1082 983 
1747 851 752 
1748 1097 997 
1749 696 597 
1750 611 512 
1751 664 565 
1752 355 254 
1753 870 770 
1754 997 897 
1755 696 596 
1756 444 343 
1757 267 168 
1758 619 519 
1759 888 788 
1760 229 130 
1761 1054 953 
1762 1047 948 
1763 442 342 
1764 905 806 
1765 873 773 
1766 1092 993 
1767 328 228 
1768 987 888 
1769 582 482 
1770 413 314 
1771 936 835 
1772 694 595 
1773 453 354 
1774 332 231 
1775 1022 923 
1776 398 298 
1777 959 858 
1778 162 63 
1779 599 499 
1780 1005 906 
1781 667 567 
1782 711 612 
1783 106 7 
1784 664 563 
1785 405 304 
1786 287 187 
1787 839 740 
1788 1089 989 
1789 1038 937 
1790 1048 947 
1791 453 352 
1792 362 261 
1793 815 716 
1794 256 155 
1795 489 388 
1796 843 743 
1797 298 199 
1798 610 509 
1799 1024 923 
1800 374 275 
1801 1021 922 
1802 642 543 
1803 861 762 
1804 102 2 
1805 173 72 
1806 443 343 
1807 763 664 
1808 355 255 
1809 576 475 
1810 585 484 
1811 370 269 
1812 203 104 
1813 485 385 
1814 508 409 
1815 831 732 
1816 360 259 
1817 758 659 
1818 303 203 
1819 630 530 
1820 376 276 
1821 245 146 
1822 850 751 
1823 601 502 
1824 767 667 
1825 302 203 
1826 652 551 
1827 1061 961 
1828 789 688 
1829 951 850 
1830 400 300 
1831 610 509 
1832 853 753 
1833 171 71 
1834 1038 938 
1835 595 496 
1836 1066 967 
1837 602 501 
1838 1060 961 
1839 900 799 
1840 188 87 
1841 747 648 
1842 706 607 
1843 409 309 
1844 832 732 
1845 1000 900 
1846 901 800 
1847 207 107 
1848 835 735 
1849 502 402 
1850 773 673 
1851 242 143 
1852 197 97 
1853 872 773 
1854 882 782 
1855 242 143 
1856 994 893 
1857 730 630 
1858 966 865 
1859 570 469 
1860 356 257 
1861 385 285 
1862 905 804 
1863 167 66 
1864 1030 931 
1865 533 433 
1866 1022 922 
1867 681 580 
1868 1073 973 
1869 471 372 
1870 903 804 
1871 502 402 
1872 287 187 
1873 966 866 
1874 620 520 
1875 184 84 
1876 284 185 
1877 675 576 
1878 125 25 
1879 1090 989 
1880 762 663 
1881 178 78 
1882 249 148 
1883 1030 931 
1884 795 695 
1885 451 351 
1886 306 206 
1887 343 243 
1888 710 611 
1889 890 790 
1890 573 472 
1891 331 231 
1892 485 385 
1893 301 201 
1894 1056 957 
1895 476 377 
1896 604 504 
1897 947 847 
1898 109 8 
1899 268 167 
1900 886 786 
1901 150 51 
1902 806 705 
1903 1068 967 
1904 502 402 
1905 973 872 
1906 555 454 
1907 700 601 
1908 920 821 
1909 919 820 
1910 593 492 
1911 487 386 
1912 287 186 
1913 555 455 
1914 506 405 
1915 730 629 
1916 233 132 
1917 583 483 
1918 1012 912 
1919 110 9 
1920 543 444 
1921 798 699 
1922 658 558 
1923 669 568 
1924 780 681 
1925 266 165 
1926 747 648 
1927 678 579 
1928 997 897 
1929 526 426 
1930 168 68 
1931 252 152 
1932 210 111 
1933 487 387 
1934 330 231 
1935 730 630 
1936 890 789 
1937 286 187 
1938 623 522 
1939 826 725 
1940 236 137 
1941 749 649 
1942 668 567 
1943 708 609 
1944 644 545 
1945 360 260 
1946 632 531 
1947 171 70 
1948 252 152 
1949 994 895 
1950 808 707 
1951 319 218 
1952 396 297 
1953 848 748 
1954 821 720 
1955 660 559 
1956 787 688 
1957 238 139 
1958 352 253 
1959 747 648 
1960 505 406 
1961 149 50 
1962 504 405 
1963 324 224 
1964 527 427 
1965 151 51 
1966 324 224 
1967 821 720 
1968 319 219 
1969 862 763 
1970 1056 956 
1971 611 512 
1972 872 772 
1973 827 726 
1974 386 285 
1975 383 283 
1976 193 92 
1977 651 550 
1978 786 687 
1979 258 157 
1980 176 76 
1981 334 235 
1982 291 192 
1983 257 157 
1984 284 185 
1985 391 290 
1986 301 201 
1987 354 253 
1988 1050 951 
1989 837 736 
1990 848 747 
1991 379 279 
1992 946 846 
1993 1043 942 
1994 656 556 
1995 812 711 
1996 618 519 
1997 1008 908 
1998 750 649 
1999 842 741 
2000 297 198 
2001 1074 975 
2002 1062 963 
2003 909 810 
2004 955 855 
2005 530 429 
2006 649 548 
2007 602 503 
2008 726 626 
2009 367 268 
2010 229 129 
2011 206 107 
2012 580 480 
2013 949 849 
2014 587 487 
2015 695 596 
2016 250 149 
2017 826 725 
2018 523 423 
2019 351 250 
2020 610 510 
2021 562 463 
2022 872 772 
2023 245 145 
2024 383 282 
2025 147 46 
2026 285 185 
2027 665 565 
2028 832 731 
2029 225 126 
2030 304 205 
2031 368 269 
2032 153 52 
2033 557 456 
2034 1004 904 
2035 223 122 
2036 469 369 
2037 991 891 
2038 818 717 
2039 473 374 
2040 153 52 
2041 355 256 
2042 947 848 
2043 291 192 
2044 719 620 
2045 195 95 
2046 1028 927 
2047 649 548 
2048 416 317 
2049 248 148 
2050 1087 987 
2051 298 197 
2052 887 788 
2053 1009 910 
2054 777 677 
2055 994 893 
2056 951 850 
2057 712 612 
2058 103 3 
2059 428 329 
2060 881 782 
2061 580 480 
2062 798 698 
2063 987 887 
2064 378 277 
2065 416 317 
2066 719 619 
2067 724 624 
2068 534 435 
2069 646 547 
2070 444 344 
2071 203 104 
2072 340 241 
2073 859 759 
2074 409 309 
2075 1014 915 
2076 683 583 
2077 752 653 
2078 661 561 
2079 355 256 
2080 981 880 
2081 1012 912 
2082 192 92 
2083 188 87 
2084 1015 914 
2085 562 462 
2086 1053 952 
2087 1087 988 
2088 706 605 
2089 603 502 
2090 1000 899 
2091 639 539 
2092 542 441 
2093 982 883 
2094 332 233 
2095 470 371 
2096 541 442 
2097 852 752 
2098 767 667 
2099 307 206 
2100 658 557 
2101 968 867 
2102 624 524 
2103 353 253 
2104 150 50 
2105 888 788 
2106 772 672 
2107 329 229 
2108 692 593 
2109 416 316 
2110 234 133 
2111 1043 942 
2112 378 279 
2113 955 856 
2114 456 355 
2115 324 224 
2116 939 840 
2117 770 670 
2118 1010 909 
2119 283 182 
2120 327 228 
2121 409 308 
2122 428 328 
2123 136 36 
2124 967 868 
2125 258 158 
2126 1052 953 
2127 904 803 
2128 270 171 
2129 825 726 
2130 1046 945 
2131 111 10 
2132 419 319 
2133 598 499 
2134 614 513 
2135 104 3 
2136 460 359 
2137 489 389 
2138 1100 1000 
2139 225 126 
2140 679 580 
2141 272 172 
2142 1094 994 
2143 1011 910 
2144 621 522 
2145 441 342 
2146 1099 1000 
2147 259 159 
2148 825 725 
2149 178 79 
2150 569 468 
2151 223 122 
2152 443 342 
2153 179 80 
2154 1015 915 
2155 527 428 
2156 562 462 
2157 1013 914 
2158 616 515 
2159 617 517 
2160 564 463 
2161 918 818 
2162 143 44 
2163 103 4 
2164 204 104 
2165 1050 949 
2166 710 609 
2167 801 701 
2168 532 431 
2169 519 418 
2170 409 309 
2171 186 85 
2172 866 766 
2173 913 812 
2174 365 264 
2175 526 426 
2176 181 80 
2177 346 247 
2178 1061 962 
2179 176 77 
2180 1038 938 
2181 581 480 
2182 527 428 
2183 268 169 
2184 495 396 
2185 411 312 
2186 528 427 
2187 975 875 
2188 725 624 
2189 371 271 
2190 346 246 
2191 901 801 
2192 898 799 
2193 183 82 
2194 792 693 
2195 1040 941 
2196 829 728 
2197 395 294 
2198 278 178 
2199 932 833 
2200 711 611 
2201 913 812 
2202 110 9 
2203 294 194 
2204 402 303 
2205 554 453 
2206 725 625 
2207 140 40 
2208 485 386 
2209 745 646 
2210 247 146 
2211 653 553 
2212 364 263 
2213 368 267 
2214 233 134 
2215 406 306 
2216 907 806 
2217 952 852 
2218 541 442 
2219 532 432 
2220 638 537 
2221 417 316 
2222 895 796 
2223 1013 912 
2224 904 803 
2225 403 303 
2226 1095 996 
2227 256 157 
2228 380 281 
2229 332 233 
2230 871 772 
2231 844 744 
2232 958 858 
2233 872 771 
2234 463 362 
2235 171 71 
2236 492 393 
2237 660 559 
2238 991 891 
2239 693 592 
2240 1002 903 
2241 909 809 
2242 156 55 
2243 216 116 
2244 879 779 
2245 496 397 
2246 556 457 
2247 938 839 
2248 758 659 
2249 464 365 
2250 946 846 
2251 111 12 
2252 911 810 
2253 167 66 
2254 679 578 
2255 749 650 
2256 102 2 
2257 549 448 
2258 388 288 
2259 512 411 
2260 326 225 
2261 775 676 
2262 1084 985 
2263 246 146 
2264 537 437 
2265 308 207 
2266 852 753 
2267 549 450 
2268 893 793 
2269 236 137 
2270 787 686 
2271 872 771 
2272 196 96 
2273 916 816 
2274 1030 930 
2275 282 182 
2276 643 543 
2277 494 393 
2278 793 694 
2279 338 237 
2280 839 740 
2281 807 707 
2282 186 87 
2283 945 846 
2284 1016 915 
2285 436 337 
2286 183 83 
2287 706 607 
2288 473 373 
2289 491 390 
2290 1063 962 
2291 795 696 
2292 867 768 
2293 419 320 
2294 779 678 
2295 458 358 
2296 209 108 
2297 147 47 
2298 833 733 
2299 736 636 
2300 814 714 
2301 696 596 
2302 647 548 
2303 980 881 
2304 593 493 
2305 487 388 
2306 191 91 
2307 241 142 
2308 333 234 
2309 168 69 
2310 473 373 
2311 1003 903 
2312 804 705 
2313 777 677 
2314 195 94 
2315 130 31 
2316 862 763 
2317 332 232 
2318 1002 901 
2319 905 806 
2320 431 331 
2321 579 480 
2322 189 89 
2323 816 716 
2324 595 495 
2325 168 68 
2326 177 78 
2327 744 644 
2328 795 695 
2329 1016 915 
2330 564 463 
2331 369 268 
2332 245 146 
2333 613 512 
2334 871 771 
2335 325 225 
2336 649 549 
2337 360 261 
2338 518 417 
2339 168 69 
2340 520 421 
2341 101 2 
2342 424 325 
2343 991 891 
2344 678 577 
2345 207 108 
2346 1095 995 
2347 154 55 
2348 128 27 
2349 292 192 
2350 1014 913 
2351 578 479 
2352 498 397 
2353 602 503 
2354 225 126 
2355 266 166 
2356 602 502 
2357 172 73 
2358 572 471 
2359 673 574 
2360 962 861 
2361 1064 965 
2362 867 766 
2363 342 243 
2364 438 338 
2365 999 900 
2366 326 227 
2367 503 404 
2368 508 409 
2369 407 307 
2370 154 53 
2371 135 35 
2372 485 384 
2373 594 495 
2374 476 375 
2375 894 793 
2376 202 101 
2377 541 440 
2378 721 621 
2379 618 517 
2380 879 778 
2381 348 248 
2382 129 30 
2383 1039 940 
2384 1056 955 
2385 528 427 
2386 165 65 
2387 1083 983 
2388 657 557 
2389 491 391 
2390 221 122 
2391 630 530 
2392 139 38 
2393 367 267 
2394 1017 916 
2395 755 656 
2396 702 601 
2397 1021 921 
2398 952 853 
2399 1029 930 
2400 1044 944 
2401 1017 917 
2402 514 415 
2403 331 231 
2404 190 90 
2405 968 869 
2406 871 771 
2407 799 699 
2408 569 468 
2409 195 96 
2410 154 53 
2411 397 298 
2412 789 690 
2413 110 9 
2414 120 21 
2415 223 123 
2416 954 853 
2417 225 124 
2418 951 850 
2419 1011 911 
2420 512 411 
2421 834 733 
2422 898 798 
2423 347 248 
2424 944 843 
2425 1032 933 
2426 555 454 
2427 353 253 
2428 653 552 
2429 425 326 
2430 1036 937 
2431 333 234 
2432 920 820 
2433 511 412 
2434 875 774 
2435 974 874 
2436 465 364 
2437 943 843 
2438 261 160 
2439 290 191 
2440 892 791 
2441 225 125 
2442 286 187 
2443 737 637 
2444 1005 904 
2445 190 91 
2446 1065 965 
2447 735 636 
2448 789 690 
2449 398 297 
2450 916 816 
2451 562 461 
2452 589 488 
2453 512 412 
2454 664 564 
2455 662 562 
2456 871 772 
2457 1025 924 
2458 556 455 
2459 235 135 
2460 548 447 
2461 975 876 
2462 418 318 
2463 616 517 
2464 734 634 
2465 995 895 
2466 488 387 
2467 303 203 
2468 322 221 
2469 863 763 
2470 650 551 
2471 585 485 
2472 699 598 
2473 908 807 
2474 665 566 
2475 874 775 
2476 403 303 
2477 856 757 
2478 763 664 
2479 229 129 
2480 527 426 
2481 534 434 
2482 328 227 
2483 461 362 
2484 1066 966 
2485 1016 915 
2486 233 132 
2487 449 349 
2488 837 737 
2489 795 696 
2490 618 517 
2491 605 505 
2492 752 653 
2493 175 75 
2494 122 21 
2495 383 283 
2496 394 293 
2497 588 487 
2498 1056 957 
2499 792 691 
2500 667 566 
2501 197 98 
2502 395 295 
2503 706 606 
2504 339 240 
2505 105 5 
2506 874 775 
2507 1069 968 
2508 649 549 
2509 796 696 
2510 1015 915 
2511 610 511 
2512 1057 958 
2513 958 857 
2514 290 189 
2515 794 693 
2516 734 635 
2517 665 564 
2518 168 69 
2519 913 812 
2520 446 345 
2521 692 593 
2522 654 553 
2523 476 377 
2524 207 107 
2525 805 706 
2526 619 518 
2527 704 603 
2528 774 675 
2529 753 652 
2530 281 181 
2531 134 34 
2532 564 463 
2533 247 147 
2534 788 689 
2535 447 346 
2536 609 510 
2537 868 768 
2538 1082 981 
2539 756 655 
2540 1039 938 
2541 584 484 
2542 445 345 
2543 310 209 
2544 299 198 
2545 591 492 
2546 512 411 
2547 611 511 
2548 722 623 
2549 824 724 
2550 836 736 
2551 994 893 
2552 1008 909 
2553 601 502 
2554 1063 962 
2555 355 256 
2556 1004 904 
2557 199 98 
2558 285 184 
2559 984 885 
2560 392 292 
2561 762 661 
2562 894 795 
2563 636 536 
2564 236 135 
2565 217 116 
2566 178 77 
2567 422 321 
2568 325 224 
2569 195 95 
2570 718 618 
2571 288 189 
2572 963 864 
2573 821 720 
2574 364 264 
2575 601 501 
2576 278 178 
2577 552 451 
2578 700 600 
2579 907 808 
2580 607 507 
2581 689 590 
2582 119 20 
2583 885 785 
2584 296 196 
2585 636 536 
2586 638 537 
2587 481 381 
2588 440 341 
2589 527 427 
2590 599 500 
2591 415 315 
2592 717 618 
2593 790 691 
2594 1043 942 
2595 911 811 
2596 683 583 
2597 1042 942 
2598 430 330 
2599 389 290 
2600 112 13 
2601 814 715 
2602 550 451 
2603 631 530 
2604 640 541 
2605 882 781 
2606 421 321 
2607 992 892 
2608 998 897 
2609 674 575 
2610 142 42 
2611 356 255 
2612 474 375 
2613 611 512 
2614 142 42 
2615 219 119 
2616 716 615 
2617 907 806 
2618 266 165 
2619 509 409 
2620 374 274 
2621 609 508 
2622 615 514 
2623 486 387 
2624 126 27 
2625 913 813 
2626 1092 991 
2627 913 814 
2628 802 703 
2629 949 848 
2630 765 665 
2631 658 557 
2632 834 734 
2633 776 676 
2634 1023 923 
2635 656 557 
2636 1045 945 
2637 582 483 
2638 639 539 
2639 193 93 
2640 1055 956 
2641 1043 944 
2642 215 114 
2643 498 397 
2644 214 115 
2645 109 10 
2646 461 362 
2647 452 352 
2648 297 198 
2649 325 225 
2650 660 559 
2651 806 707 
2652 491 390 
2653 786 686 
2654 430 329 
2655 330 229 
2656 1051 951 
2657 720 620 
2658 235 134 
2659 698 599 
2660 770 670 
2661 1087 987 
2662 509 409 
2663 161 60 
2664 479 378 
2665 396 297 
2666 308 208 
2667 930 831 
2668 170 69 
2669 350 249 
2670 186 87 
2671 150 49 
2672 734 634 
2673 995 894 
2674 203 103 
2675 317 217 
2676 641 542 
2677 1033 933 
2678 663 563 
2679 880 780 
2680 596 496 
2681 373 272 
2682 235 135 
2683 497 397 
2684 1087 986 
2685 733 632 
2686 141 41 
2687 768 667 
2688 1042 943 
2689 1083 984 
2690 125 26 
2691 626 527 
2692 393 293 
2693 330 230 
2694 393 292 
2695 929 828 
2696 168 67 
2697 743 643 
2698 830 730 
2699 941 840 
2700 428 329 
2701 995 895 
2702 241 140 
2703 659 559 
2704 1039 940 
2705 1045 944 
2706 693 594 
2707 906 805 
2708 372 272 
2709 628 529 
2710 146 46 
2711 791 690 
2712 955 854 
2713 552 453 
2714 1018 917 
2715 568 468 
2716 866 766 
2717 326 227 
2718 799 700 
2719 1054 955 
2720 750 651 
2721 1013 912 
2722 312 212 
2723 714 614 
2724 671 572 
2725 1086 987 
2726 1074 975 
2727 819 720 
2728 179 78 
2729 932 833 
2730 334 235 
2731 922 823 
2732 1096 996 
2733 892 791 
2734 337 236 
2735 877 777 
2736 613 513 
2737 851 750 
2738 102 3 
2739 490 390 
2740 366 267 
2741 1049 950 
2742 1071 971 
2743 766 667 
2744 467 367 
2745 746 645 
2746 636 536 
2747 512 411 
2748 1005 905 
2749 876 775 
2750 221 120 
2751 882 781 
2752 271 171 
2753 178 77 
2754 688 587 
2755 895 795 
2756 566 466 
2757 154 55 
2758 1088 989 
2759 802 702 
2760 417 318 
2761 314 213 
2762 741 640 
2763 1000 900 
2764 236 135 
2765 156 55 
2766 704 604 
2767 343 244 
2768 654 555 
2769 550 450 
2770 293 193 
2771 1052 951 
2772 736 637 
2773 838 739 
2774 326 225 
2775 259 158 
2776 842 741 
2777 488 387 
2778 467 368 
2779 900 800 
2780 255 156 
2781 102 3 
2782 1066 965 
2783 813 714 
2784 777 678 
2785 1058 959 
2786 397 296 
2787 963 862 
2788 490 391 
2789 776 677 
2790 664 564 
2791 394 295 
2792 379 280 
2793 471 372 
2794 985 884 
2795 228 129 
2796 901 802 
2797 236 135 
2798 340 239 
2799 784 683 
2800 412 312 
2801 293 193 
2802 289 189 
2803 763 662 
2804 1059 958 
2805 500 401 
2806 756 657 
2807 703 604 
2808 170 69 
2809 794 693 
2810 107 7 
2811 145 44 
2812 947 846 
2813 1019 920 
2814 546 445 
2815 887 786 
2816 816 716 
2817 129 29 
2818 880 779 
2819 246 145 
2820 208 109 
2821 718 619 
2822 304 204 
2823 246 146 
2824 683 583 
2825 541 441 
2826 938 837 
2827 1088 988 
2828 961 860 
2829 749 648 
2830 672 571 
2831 840 740 
2832 1060 960 
2833 1067 966 
2834 1011 911 
2835 422 323 
2836 706 607 
2837 626 527 
2838 854 754 
2839 984 885 
2840 511 410 
2841 727 628 
2842 911 811 
2843 601 502 
2844 261 160 
2845 626 525 
2846 905 806 
2847 271 172 
2848 812 711 
2849 285 184 
2850 183 84 
2851 421 322 
2852 789 690 
2853 334 234 
2854 804 703 
2855 1045 944 
2856 205 105 
2857 495 394 
2858 296 196 
2859 122 21 
2860 513 414 
2861 878 778 
2862 1054 953 
2863 164 64 
2864 183 84 
2865 931 831 
2866 569 470 
2867 148 48 
2868 645 544 
2869 642 542 
2870 562 462 
2871 1020 920 
2872 357 258 
2873 179 79 
2874 177 76 
2875 858 759 
2876 359 258 
2877 943 843 
2878 715 616 
2879 532 433 
2880 1064 965 
2881 204 103 
2882 598 497 
2883 436 337 
2884 386 286 
2885 284 185 
2886 576 475 
2887 509 409 
2888 500 399 
2889 268 167 
2890 803 704 
2891 603 502 
2892 731 632 
2893 280 181 
2894 613 512 
2895 921 822 
2896 832 732 
2897 250 149 
2898 422 323 
2899 903 803 
2900 926 825 
2901 993 894 
2902 373 274 
2903 746 646 
2904 224 125 
2905 420 319 
2906 1048 947 
2907 666 566 
2908 239 139 
2909 669 570 
2910 241 140 
2911 876 777 
2912 859 758 
2913 847 748 
2914 1025 925 
2915 1028 927 
2916 670 571 
2917 725 625 
2918 205 104 
2919 297 196 
2920 756 657 
2921 431 330 
2922 373 274 
2923 345 245 
2924 861 761 
2925 660 560 
2926 205 105 
2927 996 895 
2928 706 607 
2929 282 183 
2930 489 389 
2931 727 628 
2932 308 209 
2933 426 326 
2934 389 289 
2935 836 735 
2936 704 605 
2937 1054 955 
2938 1101 1000 
2939 688 588 
2940 577 476 
2941 270 170 
2942 373 274 
2943 336 235 
2944 567 467 
2945 104 4 
2946 850 750 
2947 513 412 
2948 482 383 
2949 492 393 
2950 548 447 
2951 703 602 
2952 691 590 
2953 933 832 
2954 543 442 
2955 143 42 
2956 639 538 
2957 607 508 
2958 446 347 
2959 431 330 
2960 866 766 
2961 833 734 
2962 241 141 
2963 752 652 
2964 652 552 
2965 348 247 
2966 925 825 
2967 903 802 
2968 514 415 
2969 658 557 
2970 952 851 
2971 269 169 
2972 512 413 
2973 799 698 
2974 661 561 
2975 741 640 
2976 640 540 
2977 1055 954 
2978 842 741 
2979 853 752 
2980 334 234 
2981 823 723 
2982 917 816 
2983 1039 939 
2984 1025 926 
2985 609 508 
2986 652 551 
2987 457 358 
2988 663 562 
2989 653 552 
2990 900 800 
2991 757 657 
2992 974 873 
2993 190 90 
2994 888 787 
2995 231 131 
2996 339 240 
2997 683 584 
2998 582 482 
2999 645 544 
3000 691 590 
3001 933 834 
3002 606 507 
3003 353 253 
3004 914 813 
3005 879 778 
3006 702 602 
3007 1019 920 
3008 188 88 
3009 1089 988 
3010 1077 978 
3011 558 458 
3012 697 597 
3013 1063 964 
3014 895 795 
3015 978 878 
3016 864 763 
3017 985 884 
3018 894 794 
3019 686 585 
3020 391 290 
3021 514 413 
3022 514 413 
3023 557 457 
3024 523 423 
3025 173 74 
3026 1041 942 
3027 443 344 
3028 1092 991 
3029 319 218 
3030 914 813 
3031 276 177 
3032 260 160 
3033 193 93 
3034 845 744 
3035 836 735 
3036 1096 997 
3037 647 548 
3038 642 541 
3039 463 362 
3040 141 40 
3041 759 658 
3042 497 396 
3043 984 883 
3044 220 120 
3045 163 63 
3046 403 303 
3047 992 892 
3048 336 235 
3049 1070 969 
3050 910 810 
3051 1015 914 
3052 279 178 
3053 383 282 
3054 1050 949 
3055 368 269 
3056 980 881 
3057 924 823 
3058 330 231 
3059 208 108 
3060 978 877 
3061 761 661 
3062 189 90 
3063 200 100 
3064 451 350 
3065 689 588 
3066 441 340 
3067 252 151 
3068 857 756 
3069 962 862 
3070 157 57 
3071 538 439 
3072 303 204 
3073 315 214 
3074 175 75 
3075 702 602 
3076 541 442 
3077 559 458 
3078 1040 940 
3079 520 420 
3080 849 750 
3081 583 482 
3082 765 664 
3083 167 66 
3084 358 257 
3085 1004 905 
3086 289 190 
3087 728 627 
3088 771 670 
3089 109 9 
3090 585 485 
3091 298 199 
3092 703 603 
3093 468 369 
3094 845 745 
3095 149 49 
3096 594 495 
3097 197 96 
3098 369 269 
3099 843 743 
3100 313 212 
3101 756 656 
3102 316 215 
3103 827 726 
3104 751 651 
3105 776 677 
3106 118 17 
3107 868 768 
3108 1096 996 
3109 595 494 
3110 217 116 
3111 995 895 
3112 529 429 
3113 267 168 
3114 960 860 
3115 436 337 
3116 147 48 
3117 133 32 
3118 989 889 
3119 831 732 
3120 290 191 
3121 890 791 
3122 677 577 
3123 379 280 
3124 853 753 
3125 1050 949 
3126 933 833 
3127 445 346 
3128 215 116 
3129 252 152 
3130 566 467 
3131 288 189 
3132 863 762 
3133 135 35 
3134 138 39 
3135 819 720 
3136 297 198 
3137 957 858 
3138 1055 956 
3139 287 188 
3140 987 886 
3141 781 682 
3142 775 676 
3143 1073 973 
3144 613 512 
3145 1006 907 
3146 241 141 
3147 1011 910 
3148 762 662 
3149 778 679 
3150 608 509 
3151 827 727 
3152 383 284 
3153 965 866 
3154 430 331 
3155 1011 912 
3156 530 431 
3157 1044 945 
3158 934 835 
3159 320 221 
3160 352 253 
3161 953 853 
3162 898 799 
3163 837 737 
3164 165 65 
3165 907 807 
3166 339 240 
3167 625 525 
3168 769 669 
3169 648 547 
3170 713 612 
3171 789 688 
3172 314 215 
3173 794 695 
3174 555 455 
3175 890 789 
3176 778 679 
3177 191 90 
3178 544 444 
3179 1014 914 
3180 346 245 
3181 1100 999 
3182 447 347 
3183 993 893 
3184 464 365 
3185 1046 945 
3186 446 347 
3187 754 655 
3188 543 444 
3189 563 462 
3190 986 886 
3191 343 242 
3192 870 769 
3193 850 751 
3194 150 49 
3195 863 764 
3196 204 103 
3197 494 395 
3198 958 858 
3199 591 492 
3200 1004 903 
3201 917 817 
3202 430 330 
3203 165 65 
3204 595 496 
3205 200 100 
3206 582 483 
3207 819 720 
3208 676 577 
3209 418 318 
3210 862 761 
3211 119 20 
3212 886 786 
3213 571 472 
3214 791 690 
3215 794 693 
3216 981 881 
3217 376 277 
3218 1021 920 
3219 592 492 
3220 219 120 
3221 1041 940 
3222 374 275 
3223 864 763 
3224 908 809 
3225 689 589 
3226 163 64 
3227 529 430 
3228 199 100 
3229 596 496 
3230 323 223 
3231 595 494 
3232 536 437 
3233 678 579 
3234 547 446 
3235 789 690 
3236 253 153 
3237 280 179 
3238 701 601 
3239 155 54 
3240 419 318 
3241 700 599 
3242 423 323 
3243 1075 974 
3244 307 208 
3245 701 601 
3246 921 820 
3247 245 145 
3248 909 808 
3249 993 894 
3250 493 394 
3251 269 168 
3252 1008 909 
3253 239 139 
3254 485 385 
3255 265 165 
3256 729 629 
3257 884 784 
3258 971 870 
3259 107 7 
3260 462 361 
3261 322 222 
3262 808 709 
3263 671 570 
3264 843 742 
3265 917 818 
3266 668 568 
3267 269 169 
3268 446 345 
3269 990 889 
3270 651 552 
3271 377 278 
3272 283 184 
3273 264 164 
3274 335 235 
3275 1058 957 
3276 1098 997 
3277 327 227 
3278 146 46 
3279 489 390 
3280 1030 931 
3281 575 475 
3282 822 723 
3283 239 138 
3284 230 129 
3285 599 498 
3286 118 18 
3287 944 843 
3288 976 876 
3289 268 167 
3290 1028 928 
3291 217 118 
3292 1050 950 
3293 679 580 
3294 384 284 
3295 292 193 
3296 887 787 
3297 1019 918 
3298 403 303 
3299 626 527 
3300 452 352 
3301 501 401 
3302 924 825 
3303 733 633 
3304 392 293 
3305 1003 902 
3306 990 889 
3307 217 116 
3308 805 705 
3309 794 694 
3310 936 835 
3311 347 247 
3312 1023 922 
3313 704 605 
3314 277 176 
3315 1070 971 
3316 1087 988 
3317 1045 946 
3318 961 860 
3319 423 323 
3320 699 598 
3321 800 699 
3322 644 545 
3323 343 243 
3324 623 523 
3325 191 91 
3326 137 38 
3327 782 683 
3328 439 340 
3329 873 774 
3330 222 123 
3331 798 699 
3332 436 336 
3333 446 345 
3334 209 108 
3335 265 166 
3336 232 133 
3337 1041 940 
3338 817 716 
3339 324 225 
3340 514 414 
3341 492 393 
3342 764 665 
3343 351 250 
3344 842 741 
3345 912 812 
3346 537 436 
3347 280 179 
3348 668 567 
3349 773 674 
3350 1082 983 
3351 411 310 
3352 450 349 
3353 191 92 
3354 995 894 
3355 477 376 
3356 819 719 
3357 542 443 
3358 941 841 
3359 1044 944 
3360 1101 1000 
3361 750 651 
3362 314 214 
3363 281 182 
3364 828 727 
3365 566 466 
3366 165 64 
3367 970 870 
3368 806 705 
3369 356 255 
3370 233 133 
3371 600 500 
3372 261 162 
3373 560 461 
3374 428 329 
3375 421 320 
3376 344 243 
3377 564 463 
3378 577 477 
3379 950 849 
3380 701 602 
3381 686 587 
3382 592 492 
3383 142 43 
3384 116 15 
3385 1092 993 
3386 349 250 
3387 798 699 
3388 327 226 
3389 384 283 
3390 914 813 
3391 210 111 
3392 949 848 
3393 399 300 
3394 611 510 
3395 507 408 
3396 970 869 
3397 1096 995 
3398 418 318 
3399 254 153 
3400 1030 929 
3401 588 487 
3402 566 467 
3403 547 447 
3404 633 533 
3405 836 737 
3406 774 674 
3407 196 96 
3408 152 53 
3409 211 111 
3410 583 484 
3411 697 598 
3412 448 349 
3413 592 493 
3414 886 787 
3415 318 219 
3416 553 453 
3417 480 379 
3418 638 539 
3419 280 180 
3420 689 590 
3421 152 52 
3422 208 107 
3423 507 408 
3424 583 484 
3425 910 810 
3426 824 723 
3427 612 512 
3428 745 644 
3429 633 533 
3430 745 646 
3431 546 446 
3432 712 613 
3433 119 19 
3434 771 671 
3435 827 727 
3436 364 264 
3437 1091 990 
3438 713 613 
3439 416 315 
3440 743 642 
3441 478 379 
3442 1068 968 
3443 421 321 
3444 292 191 
3445 772 671 
3446 894 795 
3447 162 62 
3448 537 438 
3449 422 322 
3450 789 690 
3451 769 668 
3452 957 857 
3453 288 189 
3454 646 547 
3455 719 620 
3456 655 555 
3457 705 605 
3458 308 207 
3459 283 183 
3460 972 873 
3461 700 599 
3462 530 431 
3463 123 22 
3464 1081 980 
3465 664 564 
3466 636 536 
3467 403 303 
3468 695 595 
3469 504 404 
3470 605 505 
3471 182 81 
3472 886 787 
3473 177 76 
3474 197 98 
3475 424 324 
3476 1076 976 
3477 455 354 
3478 456 357 
3479 926 827 
3480 983 883 
3481 954 853 
3482 874 774 
3483 703 603 
3484 662 563 
3485 1059 959 
3486 631 532 
3487 222 123 
3488 426 326 
3489 343 244 
3490 308 207 
3491 465 364 
3492 932 831 
3493 735 635 
3494 246 146 
3495 357 256 
3496 617 518 
3497 221 121 
3498 868 768 
3499 818 717 
3500 858 758 
3501 1022 922 
3502 1091 992 
3503 109 9 
3504 866 767 
3505 949 850 
3506 742 642 
3507 807 708 
3508 958 858 
3509 457 357 
3510 1028 929 
3511 151 51 
3512 302 203 
3513 305 205 
3514 868 768 
3515 852 753 
3516 843 742 
3517 117 18 
3518 716 615 
3519 688 589 
3520 423 324 
3521 164 64 
3522 194 94 
3523 324 224 
3524 160 60 
3525 419 318 
3526 1027 926 
3527 1075 974 
3528 784 685 
3529 543 443 
3530 178 77 
3531 567 466 
3532 659 560 
3533 366 265 
3534 484 383 
3535 1071 972 
3536 1043 944 
3537 745 644 
3538 683 583 
3539 912 812 
3540 847 746 
3541 188 89 
3542 1001 902 
3543 570 469 
3544 458 359 
3545 356 257 
3546 972 872 
3547 1090 989 
3548 700 599 
3549 217 117 
3550 865 764 
3551 532 433 
3552 891 790 
3553 956 857 
3554 349 250 
3555 1079 979 
3556 564 465 
3557 367 267 
3558 272 172 
3559 393 293 
3560 620 519 
3561 863 762 
3562 291 191 
3563 800 701 
3564 684 585 
3565 605 505 
3566 236 137 
3567 628 529 
3568 641 540 
3569 463 363 
3570 173 74 
3571 925 826 
3572 376 275 
3573 513 414 
3574 826 725 
3575 951 850 
3576 259 159 
3577 943 842 
3578 601 501 
3579 595 495 
3580 693 593 
3581 302 201 
3582 325 226 
3583 148 48 
3584 545 444 
3585 674 574 
3586 815 716 
3587 136 36 
3588 408 309 
3589 461 360 
3590 752 652 
3591 845 744 
3592 1032 932 
3593 179 78 
3594 763 663 
3595 226 127 
3596 111 10 
3597 540 441 
3598 225 124 
3599 780 681 
3600 143 43 
3601 308 207 
3602 1086 987 
3603 265 166 
3604 936 835 
3605 175 76 
3606 441 341 
3607 837 738 
3608 463 362 
3609 820 720 
3610 180 80 
3611 580 481 
3612 325 226 
3613 683 582 
3614 717 618 
3615 174 73 
3616 562 461 
3617 931 832 
3618 359 259 
3619 503 404 
3620 820 721 
3621 1066 966 
3622 378 277 
3623 1032 933 
3624 545 446 
3625 218 118 
3626 802 701 
3627 1091 992 
3628 782 683 
3629 509 410 
3630 214 113 
3631 687 588 
3632 154 54 
3633 260 159 
3634 492 393 
3635 263 162 
3636 167 67 
3637 837 738 
3638 1052 951 
3639 504 404 
3640 318 217 
3641 510 410 
3642 902 801 
3643 604 505 
3644 456 355 
3645 310 211 
3646 600 500 
3647 906 805 
3648 517 418 
3649 651 551 
3650 348 248 
3651 350 251 
3652 320 221 
3653 544 444 
3654 484 384 
3655 639 540 
3656 750 650 
3657 551 450 
3658 363 264 
3659 388 287 
3660 103 4 
3661 990 891 
3662 371 271 
3663 893 793 
3664 720 621 
3665 952 852 
3666 577 476 
3667 992 892 
3668 1006 906 
3669 388 288 
3670 616 515 
3671 222 121 
3672 783 684 
3673 796 697 
3674 1099 999 
3675 115 15 
3676 967 867 
3677 1076 976 
3678 499 399 
3679 801 700 
3680 840 739 
3681 1029 930 
3682 237 138 
3683 939 840 
3684 611 512 
3685 998 899 
3686 1082 981 
3687 916 815 
3688 871 771 
3689 608 507 
3690 710 609 
3691 130 29 
3692 984 884 
3693 187 86 
3694 331 231 
3695 517 417 
3696 363 263 
3697 681 581 
3698 401 302 
3699 911 812 
3700 815 714 
3701 748 647 
3702 436 336 
3703 388 289 
3704 597 498 
3705 330 229 
3706 134 35 
3707 600 500 
3708 798 699 
3709 307 207 
3710 369 268 
3711 890 789 
3712 916 815 
3713 252 153 
3714 974 875 
3715 369 268 
3716 415 315 
3717 959 858 
3718 302 203 
3719 784 684 
3720 699 599 
3721 1085 985 
3722 1012 912 
3723 380 281 
3724 255 156 
3725 1093 992 
3726 107 8 
3727 1008 908 
3728 825 725 
3729 984 883 
3730 1000 901 
3731 110 11 
3732 243 144 
3733 108 7 
3734 604 503 
3735 983 883 
3736 320 220 
3737 946 845 
3738 297 196 
3739 653 552 
3740 552 451 
3741 890 790 
3742 1022 922 
3743 572 473 
3744 1083 983 
3745 402 302 
3746 357 257 
3747 969 870 
3748 840 741 
3749 839 738 
3750 839 738 
3751 879 779 
3752 739 639 
3753 793 692 
3754 849 748 
3755 304 204 
3756 102 3 
3757 616 516 
3758 639 540 
3759 453 353 
3760 684 583 
3761 290 190 
3762 205 106 
3763 110 9 
3764 148 47 
3765 804 704 
3766 988 888 
3767 805 704 
3768 223 122 
3769 510 410 
3770 150 51 
3771 886 786 
3772 973 874 
3773 602 502 
3774 365 266 
3775 268 167 
3776 509 410 
3777 628 527 
3778 856 756 
3779 235 135 
3780 165 64 
3781 264 163 
3782 561 460 
3783 824 725 
3784 910 810 
3785 462 363 
3786 178 78 
3787 114 14 
3788 295 194 
3789 877 776 
3790 579 480 
3791 213 113 
3792 513 412 
3793 273 173 
3794 968 868 
3795 401 301 
3796 256 156 
3797 381 281 
3798 510 410 
3799 451 351 
3800 567 467 
3801 414 315 
3802 979 880 
3803 649 548 
3804 652 553 
3805 993 894 
3806 880 780 
3807 499 400 
3808 404 305 
3809 591 492 
3810 217 117 
3811 387 287 
3812 846 745 
3813 353 253 
3814 1068 967 
3815 789 690 
3816 869 769 
3817 140 39 
3818 1002 901 
3819 548 447 
3820 788 689 
3821 375 276 
3822 1075 975 
3823 111 11 
3824 1081 981 
3825 622 521 
3826 721 620 
3827 211 112 
3828 381 282 
3829 102 3 
3830 1018 918 
3831 397 298 
3832 213 112 
3833 830 729 
3834 598 498 
3835 286 187 
3836 540 439 
3837 660 559 
3838 794 695 
3839 144 44 
3840 433 332 
3841 418 319 
3842 447 348 
3843 825 725 
3844 248 147 
3845 460 359 
3846 199 100 
3847 893 794 
3848 239 139 
3849 563 463 
3850 632 531 
3851 347 246 
3852 500 399 
3853 549 449 
3854 618 519 
3855 428 328 
3856 989 889 
3857 318 217 
3858 110 9 
3859 1029 930 
3860 515 415 
3861 730 629 
3862 321 220 
3863 137 38 
3864 468 368 
3865 375 276 
3866 318 218 
3867 751 650 
3868 936 837 
3869 939 840 
3870 521 420 
3871 152 51 
3872 629 530 
3873 1001 901 
3874 484 384 
3875 181 82 
3876 183 84 
3877 630 529 
3878 407 306 
3879 233 132 
3880 406 306 
3881 625 524 
3882 112 13 
3883 255 155 
3884 665 565 
3885 1042 943 
3886 300 201 
3887 1029 928 
3888 629 529 
3889 538 439 
3890 296 196 
3891 183 82 
3892 783 684 
3893 853 752 
3894 350 251 
3895 497 398 
3896 879 780 
3897 968 867 
3898 243 144 
3899 730 630 
3900 272 171 
3901 614 514 
3902 638 538 
3903 1087 988 
3904 711 612 
3905 484 385 
3906 470 370 
3907 235 134 
3908 695 596 
3909 282 181 
3910 431 330 
3911 869 768 
3912 864 763 
3913 634 534 
3914 921 822 
3915 923 823 
3916 550 451 
3917 497 398 
3918 952 852 
3919 527 426 
3920 112 13 
3921 1052 952 
3922 458 357 
3923 788 689 
3924 852 752 
3925 905 804 
3926 270 171 
3927 141 40 
3928 857 756 
3929 955 855 
3930 760 659 
3931 326 226 
3932 652 552 
3933 833 733 
3934 455 354 
3935 404 303 
3936 565 465 
3937 646 545 
3938 543 442 
3939 780 680 
3940 192 93 
3941 374 273 
3942 800 699 
3943 980 880 
3944 302 201 
3945 943 844 
3946 665 564 
3947 477 378 
3948 533 432 
3949 306 205 
3950 862 761 
3951 187 87 
3952 944 845 
3953 346 247 
3954 200 100 
3955 570 471 
3956 344 244 
3957 965 864 
3958 457 358 
3959 457 356 
3960 1026 927 
3961 731 632 
3962 295 196 
3963 127 28 
3964 657 557 
3965 925 825 
3966 631 532 
3967 601 502 
3968 318 219 
3969 945 846 
3970 284 183 
3971 492 393 
3972 687 588 
3973 664 565 
3974 689 590 
3975 316 217 
3976 365 266 
3977 700 599 
3978 891 791 
3979 961 860 
3980 1024 925 
3981 802 701 
3982 339 240 
3983 676 575 
3984 532 432 
3985 854 754 
3986 1005 904 
3987 271 171 
3988 363 264 
3989 592 493 
3990 534 434 
3991 902 803 
3992 651 550 
3993 113 13 
3994 350 250 
3995 993 893 
3996 831 730 
3997 921 821 
3998 395 295 
3999 923 822 
4000 1019 919 
4001 450 351 
4002 279 178 
4003 211 112 
4004 425 324 
4005 365 266 
4006 350 251 
4007 938 838 
4008 923 823 
4009 275 174 
4010 987 888 
4011 256 156 
4012 102 1 
4013 312 213 
4014 963 864 
4015 309 209 
4016 682 582 
4017 197 98 
4018 461 361 
4019 346 246 
4020 391 291 
4021 166 66 
4022 372 271 
4023 416 317 
4024 787 688 
4025 1060 959 
4026 1074 974 
4027 311 212 
4028 635 534 
4029 478 377 
4030 696 596 
4031 582 482 
4032 821 720 
4033 648 549 
4034 149 50 
4035 619 519 
4036 1038 939 
4037 507 408 
4038 678 578 
4039 1080 981 
4040 644 543 
4041 558 459 
4042 802 703 
4043 823 723 
4044 538 437 
4045 473 374 
4046 1077 978 
4047 163 62 
4048 532 432 
4049 297 198 
4050 131 32 
4051 154 55 
4052 1089 990 
4053 531 432 
4054 114 14 
4055 871 770 
4056 650 550 
4057 584 485 
4058 412 312 
4059 255 154 
4060 1079 978 
4061 171 71 
4062 1054 955 
4063 739 640 
4064 537 436 
4065 485 384 
4066 292 192 
4067 758 659 
4068 199 98 
4069 178 79 
4070 463 362 
4071 1074 975 
4072 440 339 
4073 918 819 
4074 305 204 
4075 1091 992 
4076 254 153 
4077 1091 991 
4078 746 645 
4079 1024 925 
4080 683 582 
4081 794 695 
4082 1017 917 
4083 531 431 
4084 973 873 
4085 466 367 
4086 650 551 
4087 660 561 
4088 131 32 
4089 715 616 
4090 978 879 
4091 267 167 
4092 841 741 
4093 647 548 
4094 792 691 
4095 973 873 
4096 360 259 
4097 466 367 
4098 968 868 
4099 491 391 
4100 699 600 
4101 1019 918 
4102 608 507 
4103 448 347 
4104 639 538 
4105 605 505 
4106 498 398 
4107 313 212 
4108 888 788 
4109 990 890 
4110 430 330 
4111 1036 935 
4112 189 88 
4113 920 820 
4114 235 136 
4115 794 694 
4116 975 875 
4117 562 463 
4118 998 898 
4119 1054 955 
4120 738 638 
4121 404 304 
4122 857 756 
4123 734 634 
4124 1077 976 
4125 806 707 
4126 338 237 
4127 896 796 
4128 540 439 
4129 183 83 
4130 624 525 
4131 181 81 
4132 986 886 
4133 921 821 
4134 739 639 
4135 950 850 
4136 427 326 
4137 184 83 
4138 914 814 
4139 892 791 
4140 123 23 
4141 352 252 
4142 884 785 
4143 521 420 
4144 521 421 
4145 507 406 
4146 972 872 
4147 790 691 
4148 704 605 
4149 156 55 
4150 763 662 
4151 835 735 
4152 300 199 
4153 121 21 
4154 811 711 
4155 1008 908 
4156 1064 963 
4157 711 610 
4158 348 249 
4159 222 122 
4160 618 518 
4161 167 67 
4162 177 76 
4163 678 577 
4164 961 860 
4165 122 22 
4166 945 844 
4167 496 396 
4168 248 148 
4169 174 73 
4170 231 131 
4171 949 848 
4172 613 513 
4173 1037 936 
4174 246 145 
4175 984 883 
4176 145 46 
4177 274 173 
4178 681 582 
4179 1091 991 
4180 897 798 
4181 1036 935 
4182 648 548 
4183 226 126 
4184 312 211 
4185 248 149 
4186 156 55 
4187 1001 901 
4188 426 325 
4189 239 138 
4190 491 390 
4191 264 163 
4192 884 784 
4193 941 840 
4194 726 625 
4195 539 440 
4196 374 273 
4197 1010 911 
4198 966 866 
4199 1005 904 
4200 195 95 
4201 664 565 
4202 346 246 
4203 893 792 
4204 952 851 
4205 144 44 
4206 1040 939 
4207 354 253 
4208 598 498 
4209 1069 969 
4210 862 761 
4211 902 801 
4212 1028 927 
4213 907 808 
4214 1039 939 
4215 428 327 
4216 944 844 
4217 390 291 
4218 793 693 
4219 873 772 
4220 1020 919 
4221 590 490 
4222 482 381 
4223 401 302 
4224 194 94 
4225 1063 962 
4226 431 331 
4227 130 30 
4228 177 78 
4229 635 536 
4230 1014 914 
4231 571 471 
4232 466 365 
4233 361 261 
4234 530 431 
4235 498 398 
4236 368 269 
4237 813 713 
4238 922 823 
4239 566 466 
4240 183 82 
4241 332 233 
4242 134 34 
4243 736 635 
4244 636 536 
4245 222 122 
4246 737 636 
4247 896 796 
4248 138 39 
4249 800 701 
4250 1013 912 
4251 910 810 
4252 381 281 
4253 704 603 
4254 889 789 
4255 480 380 
4256 595 496 
4257 1044 945 
4258 416 315 
4259 606 507 
4260 734 634 
4261 165 66 
4262 831 732 
4263 1086 985 
4264 810 711 
4265 725 625 
4266 914 813 
4267 904 803 
4268 228 127 
4269 962 862 
4270 399 300 
4271 452 353 
4272 985 885 
4273 401 301 
4274 437 337 
4275 445 346 
4276 885 784 
4277 857 757 
4278 1010 911 
4279 463 363 
4280 396 295 
4281 1056 956 
4282 541 441 
4283 1041 942 
4284 271 170 
4285 928 829 
4286 764 663 
4287 439 340 
4288 219 118 
4289 470 371 
4290 332 232 
4291 307 206 
4292 985 886 
4293 857 757 
4294 330 231 
4295 570 469 
4296 111 12 
4297 615 514 
4298 574 473 
4299 915 815 
4300 837 736 
4301 201 100 
4302 791 691 
4303 799 699 
4304 993 893 
4305 555 455 
4306 280 181 
4307 132 33 
4308 245 144 
4309 725 624 
4310 814 715 
4311 145 44 
4312 150 50 
4313 611 512 
4314 331 232 
4315 486 385 
4316 110 11 
4317 978 879 
4318 599 499 
4319 540 440 
4320 124 23 
4321 791 691 
4322 567 467 
4323 915 815 
4324 495 394 
4325 934 833 
4326 841 740 
4327 679 580 
4328 768 669 
4329 189 88 
4330 734 634 
4331 181 81 
4332 179 80 
4333 807 707 
4334 422 323 
4335 644 543 
4336 923 824 
4337 202 101 
4338 523 423 
4339 641 542 
4340 276 176 
4341 337 236 
4342 718 617 
4343 1029 928 
4344 1038 937 
4345 813 712 
4346 384 284 
4347 487 387 
4348 305 204 
4349 783 682 
4350 795 696 
4351 112 13 
4352 376 275 
4353 371 271 
4354 632 532 
4355 859 760 
4356 139 38 
4357 434 333 
4358 558 459 
4359 168 69 
4360 102 2 
4361 662 562 
4362 149 49 
4363 566 466 
4364 213 113 
4365 461 362 
4366 720 621 
4367 682 582 
4368 633 534 
4369 338 239 
4370 394 295 
4371 293 193 
4372 204 103 
4373 876 776 
4374 284 184 
4375 258 159 
4376 686 587 
4377 752 652 
4378 298 198 
4379 1096 995 
4380 488 388 
4381 897 798 
4382 1098 999 
4383 1018 918 
4384 721 620 
4385 947 848 
4386 478 378 
4387 116 15 
4388 622 521 
4389 974 873 
4390 686 587 
4391 556 457 
4392 143 42 
4393 805 705 
4394 707 606 
4395 309 210 
4396 635 536 
4397 999 898 
4398 1037 937 
4399 229 128 
4400 965 864 
4401 513 414 
4402 1097 996 
4403 920 820 
4404 106 6 
4405 594 493 
4406 734 633 
4407 804 704 
4408 861 761 
4409 579 478 
4410 681 582 
4411 135 34 
4412 736 635 
4413 143 42 
4414 228 127 
4415 869 769 
4416 819 720 
4417 913 814 
4418 371 270 
4419 767 668 
4420 648 547 
4421 1011 911 
4422 944 845 
4423 772 672 
4424 929 830 
4425 105 5 
4426 339 240 
4427 820 720 
4428 605 504 
4429 1007 906 
4430 802 702 
4431 192 92 
4432 425 326 
4433 327 226 
4434 707 606 
4435 761 661 
4436 1024 924 
4437 103 3 
4438 657 556 
4439 265 164 
4440 838 739 
4441 521 420 
4442 878 779 
4443 443 344 
4444 230 131 
4445 292 191 
4446 900 801 
4447 306 206 
4448 1059 959 
4449 1052 952 
4450 427 328 
4451 196 97 
4452 1010 909 
4453 186 85 
4454 581 481 
4455 292 193 
4456 240 141 
4457 552 453 
4458 525 424 
4459 898 797 
4460 802 703 
4461 766 667 
4462 482 381 
4463 872 771 
4464 818 719 
4465 1038 939 
4466 250 151 
4467 568 468 
4468 325 226 
4469 901 801 
4470 1085 984 
4471 1054 955 
4472 612 512 
4473 611 510 
4474 147 46 
4475 920 820 
4476 751 650 
4477 176 76 
4478 776 677 
4479 762 663 
4480 311 210 
4481 132 31 
4482 675 575 
4483 966 867 
4484 884 783 
4485 702 603 
4486 474 374 
4487 673 573 
4488 412 312 
4489 879 778 
4490 538 438 
4491 221 121 
4492 683 582 
4493 737 637 
4494 307 206 
4495 456 357 
4496 744 644 
4497 619 520 
4498 1081 981 
4499 143 42 
4500 283 184 
4501 788 688 
4502 337 238 
4503 503 404 
4504 749 649 
4505 953 853 
4506 258 158 
4507 746 647 
4508 1052 952 
4509 509 410 
4510 517 418 
4511 197 97 
4512 261 161 
4513 574 474 
4514 1057 956 
4515 730 629 
4516 1094 993 
4517 159 58 
4518 209 109 
4519 503 404 
4520 540 439 
4521 857 756 
4522 300 201 
4523 990 891 
4524 416 316 
4525 836 735 
4526 108 8 
4527 236 137 
4528 152 53 
4529 876 777 
4530 819 720 
4531 556 455 
4532 1024 925 
4533 260 159 
4534 322 222 
4535 453 352 
4536 874 773 
4537 909 809 
4538 864 764 
4539 203 104 
4540 946 846 
4541 806 705 
4542 501 401 
4543 395 295 
4544 654 555 
4545 933 834 
4546 953 854 
4547 937 837 
4548 175 74 
4549 789 690 
4550 1002 901 
4551 354 253 
4552 534 433 
4553 367 266 
4554 358 258 
4555 183 83 
4556 661 562 
4557 517 418 
4558 1063 964 
4559 692 592 
4560 518 417 
4561 379 280 
4562 925 826 
4563 749 650 
4564 527 426 
4565 514 415 
4566 842 743 
4567 874 774 
4568 1001 902 
4569 839 738 
4570 508 408 
4571 667 568 
4572 504 404 
4573 427 328 
4574 893 794 
4575 466 367 
4576 796 697 
4577 626 526 
4578 386 286 
4579 1033 932 
4580 576 475 
4581 479 379 
4582 1060 959 
4583 726 625 
4584 1035 935 
4585 530 429 
4586 589 489 
4587 422 323 
4588 939 840 
4589 649 550 
4590 813 713 
4591 812 713 
4592 725 625 
4593 654 555 
4594 749 649 
4595 761 660 
4596 386 287 
4597 861 760 
4598 439 338 
4599 364 263 
4600 382 281 
4601 867 767 
4602 918 817 
4603 410 311 
4604 895 794 
4605 643 544 
4606 759 660 
4607 1087 986 
4608 966 867 
4609 285 184 
4610 1047 948 
4611 877 777 
4612 542 443 
4613 481 380 
4614 871 771 
4615 706 607 
4616 350 249 
4617 343 244 
4618 1018 917 
4619 764 665 
4620 913 813 
4621 933 834 
4622 381 280 
4623 730 629 
4624 664 564 
4625 990 890 
4626 274 173 
4627 1072 973 
4628 1054 955 
4629 295 194 
4630 163 62 
4631 463 363 
4632 821 721 
4633 755 656 
4634 796 696 
4635 255 156 
4636 476 375 
4637 844 744 
4638 908 808 
4639 404 303 
4640 341 240 
4641 667 566 
4642 1037 936 
4643 169 69 
4644 686 587 
4645 889 789 
4646 1091 992 
4647 108 8 
4648 587 486 
4649 244 144 
4650 698 598 
4651 688 589 
4652 1006 906 
4653 610 511 
4654 356 257 
4655 201 100 
4656 942 843 
4657 865 766 
4658 1060 959 
4659 319 220 
4660 371 271 
4661 1089 988 
4662 945 844 
4663 1086 986 
4664 352 252 
4665 138 39 
4666 697 596 
4667 964 864 
4668 160 60 
4669 469 370 
4670 355 254 
4671 162 63 
4672 341 241 
4673 539 440 
4674 1011 912 
4675 699 599 
4676 207 107 
4677 965 864 
4678 827 727 
4679 280 180 
4680 370 271 
4681 556 457 
4682 649 550 
4683 357 257 
4684 747 647 
4685 233 132 
4686 758 659 
4687 1008 909 
4688 1002 902 
4689 114 15 
4690 748 647 
4691 471 370 
4692 374 274 
4693 497 398 
4694 792 692 
4695 1021 922 
4696 918 818 
4697 911 810 
4698 522 423 
4699 415 315 
4700 979 880 
4701 304 203 
4702 809 709 
4703 1094 994 
4704 442 342 
4705 660 559 
4706 699 599 
4707 534 433 
4708 221 122 
4709 998 899 
4710 763 664 
4711 133 34 
4712 160 59 
4713 289 190 
4714 968 867 
4715 830 731 
4716 966 867 
4717 720 619 
4718 331 231 
4719 342 241 
4720 954 853 
4721 993 892 
4722 527 428 
4723 1100 999 
4724 618 517 
4725 276 177 
4726 730 629 
4727 427 326 
4728 1032 933 
4729 941 841 
4730 282 182 
4731 463 364 
4732 920 820 
4733 977 878 
4734 322 222 
4735 194 95 
4736 523 422 
4737 576 475 
4738 327 227 
4739 854 753 
4740 124 25 
4741 178 78 
4742 447 346 
4743 143 43 
4744 120 19 
4745 1011 912 
4746 929 829 
4747 158 59 
4748 916 815 
4749 254 153 
4750 520 421 
4751 701 600 
4752 979 879 
4753 753 654 
4754 827 727 
4755 646 546 
4756 443 344 
4757 393 293 
4758 589 488 
4759 905 804 
4760 231 131 
4761 410 309 
4762 825 724 
4763 953 852 
4764 660 559 
4765 390 289 
4766 179 80 
4767 660 559 
4768 903 802 
4769 736 635 
4770 954 853 
4771 963 863 
4772 786 687 
4773 981 882 
4774 586 486 
4775 1065 966 
4776 627 527 
4777 217 118 
4778 185 86 
4779 718 618 
4780 983 882 
4781 629 529 
4782 425 324 
4783 756 657 
4784 184 84 
4785 552 453 
4786 949 848 
4787 271 172 
4788 237 138 
4789 831 730 
4790 546 445 
4791 530 429 
4792 903 804 
4793 867 766 
4794 708 607 
4795 678 578 
4796 344 243 
4797 433 333 
4798 729 628 
4799 575 474 
4800 228 129 
4801 123 24 
4802 682 581 
4803 607 508 
4804 738 637 
4805 860 759 
4806 751 651 
4807 888 789 
4808 617 518 
4809 389 289 
4810 440 340 
4811 821 720 
4812 345 245 
4813 318 217 
4814 474 373 
4815 394 293 
4816 930 829 
4817 949 848 
4818 577 478 
4819 935 836 
4820 119 20 
4821 131 31 
4822 255 155 
4823 702 601 
4824 525 425 
4825 153 52 
4826 1059 960 
4827 348 247 
4828 977 877 
4829 540 441 
4830 206 106 
4831 778 679 
4832 1039 940 
4833 943 842 
4834 446 346 
4835 796 696 
4836 896 795 
4837 753 653 
4838 206 106 
4839 1018 917 
4840 909 809 
4841 718 617 
4842 163 63 
4843 584 484 
4844 868 768 
4845 173 73 
4846 202 103 
4847 127 27 
4848 798 698 
4849 868 768 
4850 206 106 
4851 318 219 
4852 370 270 
4853 618 517 
4854 864 763 
4855 274 175 
4856 413 314 
4857 587 486 
4858 625 526 
4859 664 563 
4860 491 392 
4861 537 438 
4862 276 177 
4863 689 590 
4864 1062 963 
4865 251 152 
4866 175 76 
4867 293 194 
4868 516 416 
4869 303 203 
4870 832 731 
4871 398 297 
4872 131 32 
4873 155 54 
4874 997 896 
4875 667 567 
4876 806 706 
4877 1094 994 
4878 526 427 
4879 928 828 
4880 464 363 
4881 946 845 
4882 913 812 
4883 540 441 
4884 298 199 
4885 159 59 
4886 906 805 
4887 714 615 
4888 137 38 
4889 761 661 
4890 615 514 
4891 1098 997 
4892 661 562 
4893 760 659 
4894 751 650 
4895 981 881 
4896 1009 909 
4897 1008 907 
4898 1050 949 
4899 334 235 
4900 161 61 
4901 902 801 
4902 376 277 
4903 587 487 
4904 823 722 
4905 906 807 
4906 748 647 
4907 957 857 
4908 295 196 
4909 953 852 
4910 324 225 
4911 525 424 
4912 178 79 
4913 411 310 
4914 552 451 
4915 498 397 
4916 205 104 
4917 279 178 
4918 900 800 
4919 342 243 
4920 586 486 
4921 556 456 
4922 696 595 
4923 458 358 
4924 824 724 
4925 734 633 
4926 631 532 
4927 931 830 
4928 350 251 
4929 1054 954 
4930 1063 963 
4931 526 427 
4932 111 10 
4933 716 617 
4934 565 465 
4935 587 487 
4936 123 24 
4937 960 860 
4938 911 811 
4939 885 785 
4940 586 485 
4941 315 215 
4942 131 32 
4943 331 230 
4944 363 263 
4945 847 748 
4946 669 568 
4947 757 656 
4948 1060 960 
4949 686 586 
4950 376 276 
4951 956 857 
4952 119 18 
4953 756 656 
4954 1086 987 
4955 539 438 
4956 849 749 
4957 1069 968 
4958 620 520 
4959 225 125 
4960 233 133 
4961 394 295 
4962 586 486 
4963 790 689 
4964 802 702 
4965 573 473 
4966 218 118 
4967 800 699 
4968 870 769 
4969 450 351 
4970 144 45 
4971 541 440 
4972 235 135 
4973 205 106 
4974 262 161 
4975 644 543 
4976 429 330 
4977 267 166 
4978 911 810 
4979 772 673 
4980 595 496 
4981 799 698 
4982 990 891 
4983 262 161 
4984 349 249 
4985 535 436 
4986 130 31 
4987 561 460 
4988 922 822 
4989 661 560 
4990 739 638 
4991 844 744 
4992 533 434 
4993 1066 967 
4994 700 599 
4995 441 342 
4996 135 34 
4997 388 289 
4998 538 438 
4999 133 33 
5000 642 542 
