npieces: 2000
capacity: 263334159
1 636910 636910 
2 818443 818443 
3 877399 877399 
4 876855 876855 
5 743817 743817 
6 838293 838293 
7 747502 747502 
8 276845 276845 
9 757035 757035 
10 67950 67950 
11 493700 493700 
12 563666 563666 
13 583284 583284 
14 21422 21422 
15 976798 976798 
16 216340 216340 
17 381668 381668 
18 172139 172139 
19 385589 385589 
20 921947 921947 
21 510378 510378 
22 196412 196412 
23 595470 595470 
24 795868 795868 
25 228427 228427 
26 503896 503896 
27 479031 479031 
28 16075 16075 
29 571179 571179 
30 241116 241116 
31 656351 656351 
32 201453 201453 
33 744252 744252 
34 913067 913067 
35 610259 610259 
36 871243 871243 
37 814464 814464 
38 997679 997679 
39 793617 793617 
40 571842 571842 
41 323644 323644 
42 964862 964862 
43 279050 279050 
44 625976 625976 
45 455035 455035 
46 271961 271961 
47 201977 201977 
48 570729 570729 
49 84859 84859 
50 1294 1294 
51 27291 27291 
52 391263 391263 
53 982393 982393 
54 688189 688189 
55 576842 576842 
56 802176 802176 
57 589524 589524 
58 714679 714679 
59 428602 428602 
60 533505 533505 
61 836064 836064 
62 45058 45058 
63 789582 789582 
64 742585 742585 
65 62154 62154 
66 306617 306617 
67 760728 760728 
68 674448 674448 
69 885027 885027 
70 761744 761744 
71 575596 575596 
72 690070 690070 
73 245387 245387 
74 728502 728502 
75 301855 301855 
76 41840 41840 
77 16187 16187 
78 881299 881299 
79 703521 703521 
80 689900 689900 
81 224430 224430 
82 614641 614641 
83 915636 915636 
84 114614 114614 
85 296045 296045 
86 313910 313910 
87 875464 875464 
88 890852 890852 
89 356470 356470 
90 261007 261007 
91 57269 57269 
92 391724 391724 
93 838728 838728 
94 534761 534761 
95 116308 116308 
96 44597 44597 
97 462030 462030 
98 757081 757081 
99 701179 701179 
100 85578 85578 
101 830245 830245 
102 661020 661020 
103 953299 953299 
104 508779 508779 
105 198796 198796 
106 327544 327544 
107 305559 305559 
108 363582 363582 
109 945767 945767 
110 134977 134977 
111 160042 160042 
112 556707 556707 
113 684464 684464 
114 86647 86647 
115 294677 294677 
116 329445 329445 
117 256443 256443 
118 785805 785805 
119 790941 790941 
120 728268 728268 
121 898339 898339 
122 211909 211909 
123 948861 948861 
124 557967 557967 
125 463574 463574 
126 68598 68598 
127 793669 793669 
128 714790 714790 
129 73594 73594 
130 165743 165743 
131 948239 948239 
132 371582 371582 
133 478715 478715 
134 20214 20214 
135 495129 495129 
136 158342 158342 
137 592627 592627 
138 43817 43817 
139 451716 451716 
140 134502 134502 
141 678388 678388 
142 999302 999302 
143 684520 684520 
144 918032 918032 
145 632629 632629 
146 663878 663878 
147 801618 801618 
148 177902 177902 
149 722390 722390 
150 854435 854435 
151 172123 172123 
152 395963 395963 
153 906769 906769 
154 301563 301563 
155 897382 897382 
156 216366 216366 
157 161471 161471 
158 95693 95693 
159 578997 578997 
160 650576 650576 
161 287620 287620 
162 983648 983648 
163 422696 422696 
164 984367 984367 
165 345881 345881 
166 835202 835202 
167 356372 356372 
168 145195 145195 
169 537652 537652 
170 992046 992046 
171 406780 406780 
172 129453 129453 
173 392790 392790 
174 407879 407879 
175 573615 573615 
176 19192 19192 
177 355889 355889 
178 992257 992257 
179 503102 503102 
180 681303 681303 
181 171059 171059 
182 471647 471647 
183 65367 65367 
184 459830 459830 
185 225395 225395 
186 556438 556438 
187 924226 924226 
188 549005 549005 
189 535031 535031 
190 367825 367825 
191 986744 986744 
192 35959 35959 
193 863520 863520 
194 505806 505806 
195 53915 53915 
196 129953 129953 
197 527795 527795 
198 820901 820901 
199 841943 841943 
200 384477 384477 
201 582212 582212 
202 159017 159017 
203 721747 721747 
204 726294 726294 
205 436545 436545 
206 867047 867047 
207 82195 82195 
208 363358 363358 
209 784536 784536 
210 266508 266508 
211 532461 532461 
212 470244 470244 
213 614470 614470 
214 642467 642467 
215 696101 696101 
216 303553 303553 
217 250557 250557 
218 567483 567483 
219 393768 393768 
220 773489 773489 
221 714609 714609 
222 275750 275750 
223 956002 956002 
224 488671 488671 
225 752768 752768 
226 696862 696862 
227 143548 143548 
228 996888 996888 
229 497468 497468 
230 822787 822787 
231 533109 533109 
232 818786 818786 
233 569814 569814 
234 475072 475072 
235 991772 991772 
236 561382 561382 
237 765224 765224 
238 762315 762315 
239 742887 742887 
240 230920 230920 
241 472158 472158 
242 527242 527242 
243 135155 135155 
244 365015 365015 
245 420290 420290 
246 897107 897107 
247 721753 721753 
248 468128 468128 
249 743204 743204 
250 829068 829068 
251 616297 616297 
252 629789 629789 
253 103330 103330 
254 692017 692017 
255 999366 999366 
256 681547 681547 
257 125273 125273 
258 231540 231540 
259 106462 106462 
260 836697 836697 
261 94696 94696 
262 915647 915647 
263 229444 229444 
264 299452 299452 
265 98973 98973 
266 274197 274197 
267 210539 210539 
268 603359 603359 
269 686911 686911 
270 918294 918294 
271 423425 423425 
272 674808 674808 
273 616760 616760 
274 651297 651297 
275 20837 20837 
276 391542 391542 
277 197020 197020 
278 935572 935572 
279 654471 654471 
280 157526 157526 
281 793818 793818 
282 821103 821103 
283 810971 810971 
284 443733 443733 
285 945534 945534 
286 519958 519958 
287 829690 829690 
288 532800 532800 
289 595232 595232 
290 99253 99253 
291 421909 421909 
292 703591 703591 
293 902125 902125 
294 964094 964094 
295 774870 774870 
296 701104 701104 
297 39695 39695 
298 433613 433613 
299 290133 290133 
300 903431 903431 
301 915516 915516 
302 441389 441389 
303 281843 281843 
304 471987 471987 
305 864856 864856 
306 940660 940660 
307 352535 352535 
308 163972 163972 
309 870920 870920 
310 23177 23177 
311 235075 235075 
312 201385 201385 
313 584085 584085 
314 608838 608838 
315 392594 392594 
316 319646 319646 
317 780600 780600 
318 847288 847288 
319 304656 304656 
320 805122 805122 
321 584520 584520 
322 96451 96451 
323 478261 478261 
324 980806 980806 
325 298429 298429 
326 321251 321251 
327 378816 378816 
328 749698 749698 
329 430176 430176 
330 418317 418317 
331 4589 4589 
332 887842 887842 
333 733201 733201 
334 587060 587060 
335 943122 943122 
336 321981 321981 
337 862388 862388 
338 633575 633575 
339 427996 427996 
340 55622 55622 
341 310969 310969 
342 427863 427863 
343 911392 911392 
344 798299 798299 
345 399687 399687 
346 185847 185847 
347 683808 683808 
348 746107 746107 
349 171141 171141 
350 544252 544252 
351 110877 110877 
352 437205 437205 
353 983685 983685 
354 144772 144772 
355 144340 144340 
356 631611 631611 
357 381389 381389 
358 374739 374739 
359 690646 690646 
360 502069 502069 
361 135810 135810 
362 907000 907000 
363 33543 33543 
364 523058 523058 
365 396211 396211 
366 171470 171470 
367 671795 671795 
368 681434 681434 
369 686719 686719 
370 432478 432478 
371 481800 481800 
372 416446 416446 
373 341797 341797 
374 608418 608418 
375 653364 653364 
376 683441 683441 
377 407142 407142 
378 400100 400100 
379 434780 434780 
380 428976 428976 
381 931033 931033 
382 760709 760709 
383 20533 20533 
384 251388 251388 
385 885067 885067 
386 13274 13274 
387 717955 717955 
388 269641 269641 
389 117136 117136 
390 459761 459761 
391 885548 885548 
392 153422 153422 
393 535594 535594 
394 806577 806577 
395 233336 233336 
396 506813 506813 
397 329685 329685 
398 425951 425951 
399 184232 184232 
400 231245 231245 
401 90861 90861 
402 790589 790589 
403 826799 826799 
404 964402 964402 
405 690173 690173 
406 575309 575309 
407 585105 585105 
408 978671 978671 
409 649061 649061 
410 74163 74163 
411 219223 219223 
412 635649 635649 
413 529703 529703 
414 220600 220600 
415 534700 534700 
416 681148 681148 
417 613518 613518 
418 735659 735659 
419 84696 84696 
420 855796 855796 
421 391995 391995 
422 972322 972322 
423 601814 601814 
424 947282 947282 
425 938125 938125 
426 527966 527966 
427 753491 753491 
428 717382 717382 
429 435052 435052 
430 814092 814092 
431 522310 522310 
432 12443 12443 
433 530675 530675 
434 378856 378856 
435 887398 887398 
436 190630 190630 
437 254072 254072 
438 904316 904316 
439 273869 273869 
440 81432 81432 
441 385208 385208 
442 192134 192134 
443 736039 736039 
444 955891 955891 
445 479908 479908 
446 866296 866296 
447 99222 99222 
448 652697 652697 
449 861954 861954 
450 947929 947929 
451 770278 770278 
452 730816 730816 
453 676034 676034 
454 267785 267785 
455 275112 275112 
456 446082 446082 
457 24990 24990 
458 937889 937889 
459 831597 831597 
460 434001 434001 
461 317228 317228 
462 873401 873401 
463 17697 17697 
464 227336 227336 
465 586051 586051 
466 860611 860611 
467 768385 768385 
468 552988 552988 
469 919752 919752 
470 406420 406420 
471 483130 483130 
472 236145 236145 
473 37524 37524 
474 215299 215299 
475 954592 954592 
476 384585 384585 
477 934467 934467 
478 980202 980202 
479 543751 543751 
480 388311 388311 
481 124508 124508 
482 535498 535498 
483 752194 752194 
484 921586 921586 
485 105560 105560 
486 472139 472139 
487 389558 389558 
488 289765 289765 
489 89169 89169 
490 670048 670048 
491 302745 302745 
492 488483 488483 
493 977224 977224 
494 470537 470537 
495 317516 317516 
496 193048 193048 
497 34259 34259 
498 166706 166706 
499 650195 650195 
500 618010 618010 
501 152353 152353 
502 483193 483193 
503 386349 386349 
504 529918 529918 
505 62699 62699 
506 177101 177101 
507 67476 67476 
508 690247 690247 
509 848250 848250 
510 427313 427313 
511 871315 871315 
512 232954 232954 
513 201807 201807 
514 553568 553568 
515 34111 34111 
516 586893 586893 
517 308146 308146 
518 496843 496843 
519 544019 544019 
520 478525 478525 
521 653658 653658 
522 628670 628670 
523 401836 401836 
524 416895 416895 
525 457269 457269 
526 662880 662880 
527 82397 82397 
528 411278 411278 
529 29846 29846 
530 725529 725529 
531 687024 687024 
532 23907 23907 
533 585465 585465 
534 138446 138446 
535 924730 924730 
536 734275 734275 
537 461427 461427 
538 743304 743304 
539 417754 417754 
540 105458 105458 
541 734650 734650 
542 54898 54898 
543 493070 493070 
544 180613 180613 
545 3854 3854 
546 555073 555073 
547 175793 175793 
548 802325 802325 
549 64836 64836 
550 802862 802862 
551 566037 566037 
552 12752 12752 
553 532269 532269 
554 818719 818719 
555 764089 764089 
556 542441 542441 
557 16743 16743 
558 875556 875556 
559 549671 549671 
560 339503 339503 
561 773183 773183 
562 611740 611740 
563 247725 247725 
564 842940 842940 
565 31362 31362 
566 191736 191736 
567 658357 658357 
568 440388 440388 
569 568031 568031 
570 502423 502423 
571 200963 200963 
572 335757 335757 
573 503674 503674 
574 696785 696785 
575 9803 9803 
576 613245 613245 
577 457743 457743 
578 675536 675536 
579 873197 873197 
580 99087 99087 
581 616769 616769 
582 597207 597207 
583 924622 924622 
584 671584 671584 
585 656191 656191 
586 917542 917542 
587 751124 751124 
588 927590 927590 
589 260625 260625 
590 782902 782902 
591 997885 997885 
592 311103 311103 
593 220165 220165 
594 133535 133535 
595 208605 208605 
596 215783 215783 
597 843056 843056 
598 115418 115418 
599 983346 983346 
600 523972 523972 
601 156643 156643 
602 901216 901216 
603 559845 559845 
604 308700 308700 
605 927212 927212 
606 622193 622193 
607 824160 824160 
608 902950 902950 
609 712966 712966 
610 609136 609136 
611 592198 592198 
612 596670 596670 
613 939806 939806 
614 196907 196907 
615 445396 445396 
616 50545 50545 
617 440834 440834 
618 526009 526009 
619 844434 844434 
620 355512 355512 
621 249704 249704 
622 341885 341885 
623 43765 43765 
624 91522 91522 
625 25817 25817 
626 18503 18503 
627 490900 490900 
628 614186 614186 
629 697016 697016 
630 106265 106265 
631 136709 136709 
632 99912 99912 
633 213299 213299 
634 246918 246918 
635 584660 584660 
636 404899 404899 
637 185925 185925 
638 432566 432566 
639 815967 815967 
640 324868 324868 
641 418853 418853 
642 308999 308999 
643 834257 834257 
644 183782 183782 
645 696270 696270 
646 792782 792782 
647 684345 684345 
648 221449 221449 
649 369388 369388 
650 357307 357307 
651 495238 495238 
652 148069 148069 
653 46944 46944 
654 209818 209818 
655 611553 611553 
656 550652 550652 
657 398256 398256 
658 809078 809078 
659 297319 297319 
660 630344 630344 
661 891214 891214 
662 747928 747928 
663 469122 469122 
664 544916 544916 
665 508227 508227 
666 969005 969005 
667 608099 608099 
668 749351 749351 
669 43320 43320 
670 690373 690373 
671 462750 462750 
672 604378 604378 
673 815969 815969 
674 160440 160440 
675 357601 357601 
676 613259 613259 
677 23879 23879 
678 896995 896995 
679 407698 407698 
680 298538 298538 
681 116656 116656 
682 7120 7120 
683 492677 492677 
684 496753 496753 
685 278316 278316 
686 797684 797684 
687 480087 480087 
688 618416 618416 
689 572095 572095 
690 922001 922001 
691 429737 429737 
692 976326 976326 
693 834918 834918 
694 391612 391612 
695 439996 439996 
696 206124 206124 
697 964872 964872 
698 398649 398649 
699 405798 405798 
700 82859 82859 
701 617787 617787 
702 414146 414146 
703 376175 376175 
704 422190 422190 
705 899631 899631 
706 362086 362086 
707 481291 481291 
708 63474 63474 
709 518139 518139 
710 674063 674063 
711 214067 214067 
712 979737 979737 
713 373250 373250 
714 628764 628764 
715 304738 304738 
716 695582 695582 
717 646145 646145 
718 576940 576940 
719 920489 920489 
720 225763 225763 
721 806648 806648 
722 499132 499132 
723 371375 371375 
724 42919 42919 
725 250035 250035 
726 742056 742056 
727 945865 945865 
728 112339 112339 
729 665588 665588 
730 225934 225934 
731 273202 273202 
732 210099 210099 
733 167359 167359 
734 534416 534416 
735 316391 316391 
736 37378 37378 
737 913730 913730 
738 616439 616439 
739 442913 442913 
740 391710 391710 
741 666398 666398 
742 53749 53749 
743 328112 328112 
744 543194 543194 
745 759126 759126 
746 255107 255107 
747 453873 453873 
748 821554 821554 
749 973267 973267 
750 54633 54633 
751 427948 427948 
752 561561 561561 
753 618065 618065 
754 889564 889564 
755 31884 31884 
756 635823 635823 
757 15146 15146 
758 965505 965505 
759 371067 371067 
760 273103 273103 
761 301245 301245 
762 638288 638288 
763 942618 942618 
764 413316 413316 
765 86907 86907 
766 117779 117779 
767 171354 171354 
768 319259 319259 
769 400334 400334 
770 806286 806286 
771 871866 871866 
772 592403 592403 
773 409958 409958 
774 47545 47545 
775 987421 987421 
776 367985 367985 
777 888416 888416 
778 58153 58153 
779 283591 283591 
780 833392 833392 
781 101589 101589 
782 132813 132813 
783 27764 27764 
784 831254 831254 
785 274621 274621 
786 824979 824979 
787 126101 126101 
788 336674 336674 
789 73919 73919 
790 715562 715562 
791 4456 4456 
792 692962 692962 
793 643030 643030 
794 587619 587619 
795 860274 860274 
796 89824 89824 
797 16161 16161 
798 937393 937393 
799 414044 414044 
800 446268 446268 
801 30535 30535 
802 817039 817039 
803 669096 669096 
804 561813 561813 
805 92420 92420 
806 75968 75968 
807 615374 615374 
808 295649 295649 
809 72661 72661 
810 575538 575538 
811 792439 792439 
812 117853 117853 
813 386876 386876 
814 587196 587196 
815 577365 577365 
816 298718 298718 
817 271217 271217 
818 389830 389830 
819 830173 830173 
820 361541 361541 
821 149733 149733 
822 550216 550216 
823 531234 531234 
824 326416 326416 
825 458163 458163 
826 575147 575147 
827 401679 401679 
828 806094 806094 
829 382182 382182 
830 458763 458763 
831 459265 459265 
832 980971 980971 
833 121889 121889 
834 279518 279518 
835 584191 584191 
836 100265 100265 
837 117871 117871 
838 754158 754158 
839 423702 423702 
840 97647 97647 
841 626280 626280 
842 70914 70914 
843 989781 989781 
844 454331 454331 
845 113340 113340 
846 217563 217563 
847 387874 387874 
848 411636 411636 
849 903519 903519 
850 553946 553946 
851 940536 940536 
852 789531 789531 
853 557393 557393 
854 717695 717695 
855 21630 21630 
856 199007 199007 
857 127689 127689 
858 277516 277516 
859 767108 767108 
860 961167 961167 
861 216189 216189 
862 204679 204679 
863 563740 563740 
864 193834 193834 
865 773584 773584 
866 105823 105823 
867 780691 780691 
868 573650 573650 
869 27993 27993 
870 884518 884518 
871 382795 382795 
872 365407 365407 
873 294092 294092 
874 312189 312189 
875 639094 639094 
876 8784 8784 
877 406344 406344 
878 960781 960781 
879 129073 129073 
880 79261 79261 
881 370364 370364 
882 16305 16305 
883 441083 441083 
884 641704 641704 
885 173878 173878 
886 78770 78770 
887 60112 60112 
888 599889 599889 
889 479242 479242 
890 174250 174250 
891 44326 44326 
892 546537 546537 
893 19291 19291 
894 855561 855561 
895 593091 593091 
896 115966 115966 
897 335369 335369 
898 912950 912950 
899 967929 967929 
900 41429 41429 
901 641847 641847 
902 325901 325901 
903 138048 138048 
904 277365 277365 
905 928247 928247 
906 901895 901895 
907 523054 523054 
908 549728 549728 
909 548565 548565 
910 930295 930295 
911 21205 21205 
912 164509 164509 
913 41213 41213 
914 709361 709361 
915 475065 475065 
916 264688 264688 
917 538890 538890 
918 587205 587205 
919 691564 691564 
920 956908 956908 
921 903660 903660 
922 336617 336617 
923 271560 271560 
924 900895 900895 
925 706356 706356 
926 794356 794356 
927 364809 364809 
928 938731 938731 
929 428799 428799 
930 141383 141383 
931 586500 586500 
932 331316 331316 
933 778109 778109 
934 520774 520774 
935 261256 261256 
936 501173 501173 
937 574621 574621 
938 123524 123524 
939 357776 357776 
940 373421 373421 
941 408727 408727 
942 516349 516349 
943 88161 88161 
944 546679 546679 
945 121045 121045 
946 516412 516412 
947 823302 823302 
948 277176 277176 
949 245246 245246 
950 586525 586525 
951 540710 540710 
952 554226 554226 
953 235617 235617 
954 832301 832301 
955 216767 216767 
956 594037 594037 
957 82427 82427 
958 66733 66733 
959 243649 243649 
960 142324 142324 
961 204134 204134 
962 675894 675894 
963 978505 978505 
964 613173 613173 
965 458206 458206 
966 997046 997046 
967 480760 480760 
968 874786 874786 
969 906736 906736 
970 790936 790936 
971 869104 869104 
972 418429 418429 
973 659329 659329 
974 863618 863618 
975 952235 952235 
976 431217 431217 
977 643832 643832 
978 133176 133176 
979 721719 721719 
980 141251 141251 
981 262857 262857 
982 697630 697630 
983 428370 428370 
984 194087 194087 
985 369055 369055 
986 422298 422298 
987 255262 255262 
988 789295 789295 
989 109861 109861 
990 556888 556888 
991 25601 25601 
992 938526 938526 
993 894834 894834 
994 612263 612263 
995 742235 742235 
996 632155 632155 
997 142863 142863 
998 11520 11520 
999 213925 213925 
1000 255425 255425 
1001 683621 683621 
1002 581031 581031 
1003 714275 714275 
1004 507603 507603 
1005 172360 172360 
1006 442283 442283 
1007 624837 624837 
1008 681037 681037 
1009 183578 183578 
1010 756871 756871 
1011 636128 636128 
1012 362006 362006 
1013 232413 232413 
1014 842859 842859 
1015 997443 997443 
1016 668433 668433 
1017 218393 218393 
1018 95636 95636 
1019 283769 283769 
1020 735122 735122 
1021 609894 609894 
1022 94999 94999 
1023 394395 394395 
1024 507821 507821 
1025 862423 862423 
1026 526206 526206 
1027 71631 71631 
1028 114027 114027 
1029 96707 96707 
1030 102601 102601 
1031 594721 594721 
1032 82006 82006 
1033 358961 358961 
1034 951254 951254 
1035 598332 598332 
1036 393908 393908 
1037 720351 720351 
1038 29211 29211 
1039 133124 133124 
1040 9360 9360 
1041 541103 541103 
1042 821391 821391 
1043 474451 474451 
1044 311987 311987 
1045 78191 78191 
1046 573480 573480 
1047 803023 803023 
1048 429362 429362 
1049 701955 701955 
1050 125248 125248 
1051 380005 380005 
1052 349665 349665 
1053 75057 75057 
1054 976529 976529 
1055 666596 666596 
1056 936229 936229 
1057 69769 69769 
1058 888223 888223 
1059 600312 600312 
1060 58663 58663 
1061 171823 171823 
1062 817333 817333 
1063 254593 254593 
1064 752613 752613 
1065 746887 746887 
1066 56711 56711 
1067 170511 170511 
1068 802850 802850 
1069 757307 757307 
1070 717174 717174 
1071 979068 979068 
1072 546942 546942 
1073 566636 566636 
1074 43635 43635 
1075 756199 756199 
1076 102176 102176 
1077 590578 590578 
1078 919163 919163 
1079 26696 26696 
1080 847439 847439 
1081 816466 816466 
1082 347200 347200 
1083 400565 400565 
1084 705568 705568 
1085 661307 661307 
1086 249640 249640 
1087 789104 789104 
1088 44618 44618 
1089 495677 495677 
1090 947950 947950 
1091 361194 361194 
1092 238421 238421 
1093 719367 719367 
1094 413095 413095 
1095 212889 212889 
1096 68273 68273 
1097 518939 518939 
1098 55903 55903 
1099 599025 599025 
1100 860515 860515 
1101 119440 119440 
1102 334178 334178 
1103 787266 787266 
1104 368922 368922 
1105 990851 990851 
1106 163094 163094 
1107 604909 604909 
1108 823072 823072 
1109 491228 491228 
1110 959109 959109 
1111 138628 138628 
1112 570732 570732 
1113 668344 668344 
1114 26489 26489 
1115 455165 455165 
1116 287636 287636 
1117 258296 258296 
1118 381760 381760 
1119 912659 912659 
1120 852319 852319 
1121 526949 526949 
1122 411599 411599 
1123 283386 283386 
1124 774009 774009 
1125 920127 920127 
1126 537411 537411 
1127 938813 938813 
1128 459072 459072 
1129 594145 594145 
1130 644994 644994 
1131 860405 860405 
1132 583611 583611 
1133 707666 707666 
1134 439872 439872 
1135 563175 563175 
1136 912426 912426 
1137 424426 424426 
1138 796382 796382 
1139 312315 312315 
1140 21624 21624 
1141 173598 173598 
1142 627757 627757 
1143 602069 602069 
1144 922637 922637 
1145 948907 948907 
1146 880783 880783 
1147 155666 155666 
1148 601664 601664 
1149 575835 575835 
1150 308734 308734 
1151 283169 283169 
1152 514986 514986 
1153 226359 226359 
1154 876327 876327 
1155 288315 288315 
1156 791317 791317 
1157 857610 857610 
1158 693102 693102 
1159 941184 941184 
1160 21844 21844 
1161 360269 360269 
1162 398933 398933 
1163 452528 452528 
1164 624300 624300 
1165 704372 704372 
1166 764791 764791 
1167 976578 976578 
1168 255664 255664 
1169 751572 751572 
1170 632174 632174 
1171 725477 725477 
1172 162730 162730 
1173 187759 187759 
1174 594964 594964 
1175 107408 107408 
1176 14901 14901 
1177 497182 497182 
1178 723431 723431 
1179 323208 323208 
1180 39784 39784 
1181 955673 955673 
1182 830406 830406 
1183 839854 839854 
1184 798637 798637 
1185 94438 94438 
1186 155800 155800 
1187 759618 759618 
1188 508591 508591 
1189 879260 879260 
1190 936268 936268 
1191 242296 242296 
1192 594929 594929 
1193 337235 337235 
1194 792058 792058 
1195 625973 625973 
1196 109756 109756 
1197 641131 641131 
1198 63144 63144 
1199 255462 255462 
1200 353201 353201 
1201 306549 306549 
1202 159337 159337 
1203 558461 558461 
1204 6460 6460 
1205 302465 302465 
1206 864417 864417 
1207 848650 848650 
1208 252265 252265 
1209 888389 888389 
1210 329827 329827 
1211 84594 84594 
1212 678737 678737 
1213 650406 650406 
1214 323387 323387 
1215 451342 451342 
1216 93356 93356 
1217 321638 321638 
1218 460807 460807 
1219 390242 390242 
1220 273738 273738 
1221 732907 732907 
1222 843264 843264 
1223 765112 765112 
1224 709917 709917 
1225 122664 122664 
1226 123671 123671 
1227 457304 457304 
1228 285550 285550 
1229 582442 582442 
1230 88314 88314 
1231 654183 654183 
1232 649072 649072 
1233 895105 895105 
1234 768181 768181 
1235 723226 723226 
1236 159154 159154 
1237 278793 278793 
1238 511925 511925 
1239 714965 714965 
1240 134061 134061 
1241 462868 462868 
1242 210473 210473 
1243 132452 132452 
1244 138429 138429 
1245 860405 860405 
1246 447425 447425 
1247 923988 923988 
1248 995885 995885 
1249 338092 338092 
1250 758488 758488 
1251 690735 690735 
1252 679147 679147 
1253 507689 507689 
1254 972142 972142 
1255 957395 957395 
1256 645850 645850 
1257 910399 910399 
1258 475918 475918 
1259 669614 669614 
1260 188359 188359 
1261 193126 193126 
1262 916495 916495 
1263 48408 48408 
1264 613363 613363 
1265 598892 598892 
1266 384885 384885 
1267 519629 519629 
1268 318222 318222 
1269 835514 835514 
1270 207351 207351 
1271 204550 204550 
1272 545541 545541 
1273 798911 798911 
1274 934427 934427 
1275 152626 152626 
1276 569650 569650 
1277 205179 205179 
1278 5438 5438 
1279 713558 713558 
1280 301042 301042 
1281 951850 951850 
1282 215536 215536 
1283 391102 391102 
1284 175701 175701 
1285 833867 833867 
1286 749691 749691 
1287 623518 623518 
1288 295022 295022 
1289 193035 193035 
1290 223812 223812 
1291 713226 713226 
1292 769673 769673 
1293 790931 790931 
1294 843979 843979 
1295 71631 71631 
1296 107580 107580 
1297 6571 6571 
1298 28109 28109 
1299 230188 230188 
1300 978262 978262 
1301 97097 97097 
1302 680201 680201 
1303 573680 573680 
1304 600885 600885 
1305 953082 953082 
1306 581471 581471 
1307 349937 349937 
1308 702068 702068 
1309 403692 403692 
1310 313491 313491 
1311 761958 761958 
1312 176512 176512 
1313 850134 850134 
1314 172849 172849 
1315 183714 183714 
1316 633484 633484 
1317 436164 436164 
1318 114571 114571 
1319 764270 764270 
1320 614875 614875 
1321 906626 906626 
1322 61214 61214 
1323 495553 495553 
1324 819898 819898 
1325 929957 929957 
1326 698003 698003 
1327 763998 763998 
1328 837008 837008 
1329 64369 64369 
1330 735265 735265 
1331 221131 221131 
1332 412621 412621 
1333 11434 11434 
1334 99663 99663 
1335 387945 387945 
1336 688512 688512 
1337 333754 333754 
1338 293719 293719 
1339 494005 494005 
1340 857861 857861 
1341 36283 36283 
1342 338918 338918 
1343 717210 717210 
1344 197403 197403 
1345 107298 107298 
1346 655104 655104 
1347 647216 647216 
1348 401684 401684 
1349 364233 364233 
1350 36993 36993 
1351 722453 722453 
1352 22309 22309 
1353 504664 504664 
1354 448126 448126 
1355 920166 920166 
1356 990621 990621 
1357 322127 322127 
1358 721226 721226 
1359 540699 540699 
1360 951987 951987 
1361 418737 418737 
1362 90837 90837 
1363 899132 899132 
1364 763448 763448 
1365 635728 635728 
1366 463726 463726 
1367 628804 628804 
1368 519019 519019 
1369 440242 440242 
1370 119465 119465 
1371 259664 259664 
1372 123755 123755 
1373 352029 352029 
1374 864731 864731 
1375 147652 147652 
1376 145927 145927 
1377 23108 23108 
1378 608002 608002 
1379 544187 544187 
1380 478705 478705 
1381 674766 674766 
1382 114626 114626 
1383 336488 336488 
1384 694226 694226 
1385 892479 892479 
1386 704778 704778 
1387 656782 656782 
1388 649975 649975 
1389 452997 452997 
1390 804373 804373 
1391 894680 894680 
1392 317928 317928 
1393 25633 25633 
1394 575309 575309 
1395 108950 108950 
1396 629209 629209 
1397 261296 261296 
1398 222857 222857 
1399 816788 816788 
1400 310010 310010 
1401 784214 784214 
1402 825655 825655 
1403 505689 505689 
1404 488681 488681 
1405 706758 706758 
1406 676885 676885 
1407 172089 172089 
1408 23688 23688 
1409 65839 65839 
1410 55961 55961 
1411 946967 946967 
1412 436200 436200 
1413 176262 176262 
1414 790321 790321 
1415 785339 785339 
1416 908580 908580 
1417 192812 192812 
1418 527013 527013 
1419 204108 204108 
1420 189003 189003 
1421 953853 953853 
1422 357912 357912 
1423 98794 98794 
1424 901557 901557 
1425 88373 88373 
1426 967085 967085 
1427 550250 550250 
1428 924214 924214 
1429 635454 635454 
1430 527237 527237 
1431 722735 722735 
1432 71665 71665 
1433 643994 643994 
1434 420839 420839 
1435 815393 815393 
1436 237956 237956 
1437 726377 726377 
1438 39481 39481 
1439 116877 116877 
1440 927201 927201 
1441 80280 80280 
1442 438443 438443 
1443 639129 639129 
1444 165884 165884 
1445 690854 690854 
1446 998899 998899 
1447 670370 670370 
1448 324384 324384 
1449 469908 469908 
1450 566706 566706 
1451 536436 536436 
1452 324637 324637 
1453 602729 602729 
1454 15542 15542 
1455 27813 27813 
1456 923996 923996 
1457 680351 680351 
1458 48665 48665 
1459 922766 922766 
1460 268307 268307 
1461 826093 826093 
1462 773958 773958 
1463 899431 899431 
1464 382035 382035 
1465 517490 517490 
1466 293915 293915 
1467 8254 8254 
1468 116862 116862 
1469 257467 257467 
1470 127402 127402 
1471 523540 523540 
1472 685079 685079 
1473 600561 600561 
1474 899418 899418 
1475 279700 279700 
1476 314866 314866 
1477 927842 927842 
1478 17515 17515 
1479 592305 592305 
1480 687754 687754 
1481 703018 703018 
1482 917143 917143 
1483 173915 173915 
1484 239217 239217 
1485 179838 179838 
1486 460371 460371 
1487 12573 12573 
1488 999266 999266 
1489 990676 990676 
1490 496629 496629 
1491 254166 254166 
1492 550450 550450 
1493 314162 314162 
1494 581551 581551 
1495 30225 30225 
1496 426597 426597 
1497 793554 793554 
1498 96057 96057 
1499 397060 397060 
1500 783453 783453 
1501 304815 304815 
1502 583373 583373 
1503 765090 765090 
1504 678574 678574 
1505 526000 526000 
1506 853580 853580 
1507 908445 908445 
1508 961996 961996 
1509 776173 776173 
1510 130622 130622 
1511 997820 997820 
1512 607718 607718 
1513 365602 365602 
1514 343287 343287 
1515 352916 352916 
1516 716620 716620 
1517 370159 370159 
1518 82900 82900 
1519 977510 977510 
1520 588683 588683 
1521 25737 25737 
1522 945061 945061 
1523 407189 407189 
1524 571545 571545 
1525 728833 728833 
1526 711653 711653 
1527 32642 32642 
1528 494827 494827 
1529 867247 867247 
1530 42212 42212 
1531 565126 565126 
1532 743333 743333 
1533 207163 207163 
1534 843142 843142 
1535 980171 980171 
1536 136361 136361 
1537 705543 705543 
1538 923939 923939 
1539 312007 312007 
1540 597200 597200 
1541 724988 724988 
1542 112975 112975 
1543 553942 553942 
1544 627255 627255 
1545 155824 155824 
1546 220789 220789 
1547 521971 521971 
1548 762097 762097 
1549 683953 683953 
1550 794397 794397 
1551 734227 734227 
1552 989722 989722 
1553 933681 933681 
1554 749133 749133 
1555 253151 253151 
1556 861131 861131 
1557 163405 163405 
1558 967051 967051 
1559 397196 397196 
1560 93865 93865 
1561 662844 662844 
1562 635648 635648 
1563 823640 823640 
1564 861080 861080 
1565 767184 767184 
1566 258039 258039 
1567 550498 550498 
1568 481870 481870 
1569 532396 532396 
1570 541701 541701 
1571 83942 83942 
1572 309122 309122 
1573 833923 833923 
1574 494531 494531 
1575 341141 341141 
1576 43970 43970 
1577 201928 201928 
1578 768951 768951 
1579 68621 68621 
1580 22500 22500 
1581 228216 228216 
1582 155729 155729 
1583 950906 950906 
1584 542676 542676 
1585 366592 366592 
1586 52945 52945 
1587 992008 992008 
1588 540621 540621 
1589 748363 748363 
1590 324293 324293 
1591 797572 797572 
1592 199075 199075 
1593 829676 829676 
1594 197616 197616 
1595 254478 254478 
1596 870012 870012 
1597 70629 70629 
1598 214599 214599 
1599 994237 994237 
1600 638495 638495 
1601 512658 512658 
1602 179157 179157 
1603 480207 480207 
1604 693988 693988 
1605 118901 118901 
1606 94334 94334 
1607 476107 476107 
1608 313419 313419 
1609 713247 713247 
1610 123232 123232 
1611 724662 724662 
1612 271977 271977 
1613 528759 528759 
1614 112533 112533 
1615 597870 597870 
1616 986237 986237 
1617 530986 530986 
1618 295893 295893 
1619 236902 236902 
1620 425825 425825 
1621 386927 386927 
1622 722553 722553 
1623 34110 34110 
1624 572636 572636 
1625 894773 894773 
1626 434522 434522 
1627 884093 884093 
1628 40340 40340 
1629 357804 357804 
1630 469784 469784 
1631 853614 853614 
1632 518177 518177 
1633 131565 131565 
1634 81334 81334 
1635 295574 295574 
1636 103612 103612 
1637 618503 618503 
1638 950755 950755 
1639 618638 618638 
1640 300182 300182 
1641 393511 393511 
1642 989140 989140 
1643 784064 784064 
1644 730757 730757 
1645 850403 850403 
1646 143948 143948 
1647 970882 970882 
1648 932761 932761 
1649 79779 79779 
1650 833981 833981 
1651 179850 179850 
1652 626957 626957 
1653 100588 100588 
1654 603400 603400 
1655 183245 183245 
1656 120921 120921 
1657 728587 728587 
1658 712097 712097 
1659 926521 926521 
1660 329317 329317 
1661 100570 100570 
1662 417870 417870 
1663 31179 31179 
1664 853399 853399 
1665 308210 308210 
1666 532558 532558 
1667 692109 692109 
1668 516493 516493 
1669 908525 908525 
1670 324502 324502 
1671 842800 842800 
1672 209702 209702 
1673 299798 299798 
1674 717430 717430 
1675 32002 32002 
1676 933051 933051 
1677 436976 436976 
1678 435931 435931 
1679 484939 484939 
1680 74220 74220 
1681 823391 823391 
1682 287086 287086 
1683 38282 38282 
1684 387924 387924 
1685 504439 504439 
1686 426969 426969 
1687 80263 80263 
1688 967070 967070 
1689 359968 359968 
1690 367081 367081 
1691 190165 190165 
1692 689777 689777 
1693 419106 419106 
1694 252814 252814 
1695 54886 54886 
1696 663495 663495 
1697 245971 245971 
1698 367040 367040 
1699 663050 663050 
1700 264412 264412 
1701 199002 199002 
1702 810556 810556 
1703 523014 523014 
1704 171649 171649 
1705 594591 594591 
1706 640556 640556 
1707 388429 388429 
1708 944399 944399 
1709 249425 249425 
1710 435429 435429 
1711 718750 718750 
1712 926073 926073 
1713 798675 798675 
1714 33866 33866 
1715 517305 517305 
1716 874043 874043 
1717 605060 605060 
1718 102541 102541 
1719 458943 458943 
1720 980591 980591 
1721 38825 38825 
1722 340374 340374 
1723 586405 586405 
1724 729854 729854 
1725 514874 514874 
1726 349692 349692 
1727 791828 791828 
1728 809651 809651 
1729 707910 707910 
1730 818160 818160 
1731 95905 95905 
1732 480235 480235 
1733 428483 428483 
1734 941113 941113 
1735 904548 904548 
1736 183913 183913 
1737 612662 612662 
1738 568793 568793 
1739 360887 360887 
1740 997318 997318 
1741 172795 172795 
1742 109007 109007 
1743 909581 909581 
1744 850885 850885 
1745 575218 575218 
1746 14390 14390 
1747 167276 167276 
1748 878917 878917 
1749 48326 48326 
1750 395531 395531 
1751 555336 555336 
1752 956751 956751 
1753 353691 353691 
1754 618764 618764 
1755 318334 318334 
1756 243663 243663 
1757 181715 181715 
1758 156091 156091 
1759 770666 770666 
1760 889888 889888 
1761 720573 720573 
1762 258945 258945 
1763 176613 176613 
1764 237696 237696 
1765 940764 940764 
1766 315696 315696 
1767 336094 336094 
1768 544611 544611 
1769 919183 919183 
1770 96673 96673 
1771 113747 113747 
1772 156259 156259 
1773 204962 204962 
1774 902460 902460 
1775 731501 731501 
1776 70804 70804 
1777 984880 984880 
1778 582294 582294 
1779 724406 724406 
1780 283510 283510 
1781 722482 722482 
1782 634421 634421 
1783 237624 237624 
1784 932868 932868 
1785 407657 407657 
1786 841519 841519 
1787 975091 975091 
1788 511401 511401 
1789 13028 13028 
1790 367984 367984 
1791 207418 207418 
1792 869906 869906 
1793 833582 833582 
1794 634073 634073 
1795 654570 654570 
1796 26846 26846 
1797 642520 642520 
1798 353094 353094 
1799 637704 637704 
1800 324594 324594 
1801 100894 100894 
1802 781672 781672 
1803 477494 477494 
1804 851818 851818 
1805 597881 597881 
1806 437585 437585 
1807 360466 360466 
1808 123306 123306 
1809 539649 539649 
1810 762767 762767 
1811 248556 248556 
1812 983442 983442 
1813 360188 360188 
1814 426799 426799 
1815 665505 665505 
1816 56272 56272 
1817 16519 16519 
1818 904867 904867 
1819 18904 18904 
1820 855951 855951 
1821 72607 72607 
1822 935678 935678 
1823 738073 738073 
1824 86605 86605 
1825 611405 611405 
1826 783067 783067 
1827 866949 866949 
1828 372426 372426 
1829 259756 259756 
1830 472350 472350 
1831 581750 581750 
1832 164444 164444 
1833 97560 97560 
1834 322514 322514 
1835 476339 476339 
1836 829792 829792 
1837 78709 78709 
1838 426290 426290 
1839 19024 19024 
1840 560522 560522 
1841 338137 338137 
1842 945603 945603 
1843 374880 374880 
1844 699294 699294 
1845 914071 914071 
1846 773470 773470 
1847 508376 508376 
1848 425656 425656 
1849 769065 769065 
1850 796748 796748 
1851 177730 177730 
1852 132421 132421 
1853 777913 777913 
1854 1417 1417 
1855 919962 919962 
1856 889364 889364 
1857 844428 844428 
1858 233003 233003 
1859 591177 591177 
1860 336967 336967 
1861 591499 591499 
1862 960988 960988 
1863 640059 640059 
1864 693731 693731 
1865 266480 266480 
1866 871363 871363 
1867 246815 246815 
1868 100295 100295 
1869 794505 794505 
1870 936322 936322 
1871 611643 611643 
1872 739002 739002 
1873 562284 562284 
1874 82200 82200 
1875 297257 297257 
1876 26205 26205 
1877 94776 94776 
1878 158949 158949 
1879 45873 45873 
1880 843839 843839 
1881 338499 338499 
1882 592974 592974 
1883 583428 583428 
1884 859727 859727 
1885 312421 312421 
1886 667063 667063 
1887 341843 341843 
1888 235756 235756 
1889 410464 410464 
1890 522669 522669 
1891 107658 107658 
1892 134105 134105 
1893 313259 313259 
1894 239590 239590 
1895 98797 98797 
1896 307468 307468 
1897 470937 470937 
1898 247519 247519 
1899 605517 605517 
1900 301733 301733 
1901 565739 565739 
1902 678117 678117 
1903 486822 486822 
1904 885756 885756 
1905 77167 77167 
1906 284912 284912 
1907 865560 865560 
1908 46355 46355 
1909 937234 937234 
1910 392873 392873 
1911 539777 539777 
1912 216875 216875 
1913 492489 492489 
1914 36493 36493 
1915 430003 430003 
1916 899570 899570 
1917 701336 701336 
1918 529897 529897 
1919 51799 51799 
1920 859609 859609 
1921 339198 339198 
1922 610693 610693 
1923 221469 221469 
1924 77572 77572 
1925 810429 810429 
1926 846301 846301 
1927 282911 282911 
1928 917659 917659 
1929 385353 385353 
1930 121482 121482 
1931 491473 491473 
1932 450366 450366 
1933 863373 863373 
1934 225024 225024 
1935 806183 806183 
1936 640277 640277 
1937 39252 39252 
1938 414000 414000 
1939 414724 414724 
1940 148036 148036 
1941 209306 209306 
1942 74958 74958 
1943 292057 292057 
1944 544446 544446 
1945 419760 419760 
1946 245357 245357 
1947 279266 279266 
1948 679345 679345 
1949 932742 932742 
1950 244742 244742 
1951 626553 626553 
1952 975263 975263 
1953 108824 108824 
1954 494999 494999 
1955 977942 977942 
1956 738509 738509 
1957 528760 528760 
1958 203240 203240 
1959 403044 403044 
1960 807315 807315 
1961 857076 857076 
1962 427560 427560 
1963 443200 443200 
1964 235540 235540 
1965 833123 833123 
1966 352759 352759 
1967 844112 844112 
1968 421896 421896 
1969 156817 156817 
1970 66941 66941 
1971 256702 256702 
1972 342197 342197 
1973 914052 914052 
1974 843575 843575 
1975 105104 105104 
1976 491197 491197 
1977 820715 820715 
1978 134610 134610 
1979 533734 533734 
1980 897040 897040 
1981 160354 160354 
1982 821487 821487 
1983 944143 944143 
1984 423361 423361 
1985 596580 596580 
1986 654599 654599 
1987 173703 173703 
1988 889399 889399 
1989 969230 969230 
1990 299048 299048 
1991 446609 446609 
1992 197946 197946 
1993 1228 1228 
1994 583326 583326 
1995 983085 983085 
1996 569709 569709 
1997 821282 821282 
1998 116013 116013 
1999 90615 90615 
2000 305819 305819 
