npieces: 1000
capacity: 188991073
1 76467 171334 
2 839727 805690 
3 684676 667288 
4 617453 717129 
5 139333 82354 
6 661443 711832 
7 387664 394035 
8 394706 312426 
9 974063 916571 
10 742144 661944 
11 347522 367066 
12 376067 331337 
13 591547 679282 
14 357648 332778 
15 1 53579 
16 820792 736139 
17 303613 402515 
18 215238 305270 
19 137583 236751 
20 464935 501484 
21 516410 530115 
22 696015 765214 
23 240436 263290 
24 805170 785413 
25 447486 440819 
26 764923 670878 
27 614239 528936 
28 470858 510534 
29 456599 527484 
30 929188 948205 
31 495028 561600 
32 892773 940218 
33 503759 487074 
34 547835 563259 
35 106504 103090 
36 314678 265863 
37 131748 179218 
38 385052 413107 
39 957821 879930 
40 501805 451565 
41 274224 328357 
42 85487 20024 
43 1 43740 
44 292503 357124 
45 388834 296413 
46 269430 357609 
47 1059170 996136 
48 954407 897472 
49 161654 213797 
50 532434 596766 
51 479541 531637 
52 216775 284974 
53 531044 585491 
54 777951 795626 
55 890592 888231 
56 757057 801718 
57 79446 79015 
58 777745 843865 
59 417652 481962 
60 140683 89432 
61 253446 351051 
62 735709 721777 
63 29802 97974 
64 65568 113841 
65 542729 444754 
66 411235 509490 
67 1 7499 
68 50396 131573 
69 745438 819258 
70 437707 413336 
71 885315 953972 
72 896778 801524 
73 652095 676716 
74 699012 612373 
75 274454 282758 
76 27192 64535 
77 119763 193913 
78 1 33881 
79 973166 923935 
80 130352 219553 
81 61539 85340 
82 324832 398796 
83 460886 484905 
84 418637 423984 
85 884556 918780 
86 807372 828496 
87 742869 785686 
88 52604 124410 
89 620426 588712 
90 235897 330817 
91 786148 736867 
92 726517 812051 
93 301896 261787 
94 494950 456822 
95 1 13910 
96 64693 93347 
97 664049 642807 
98 257328 345663 
99 291898 280962 
100 32959 36018 
101 163263 207563 
102 66322 77414 
103 437356 493952 
104 1006860 926110 
105 663282 642447 
106 666532 595248 
107 398632 452149 
108 73323 146529 
109 797983 810085 
110 51554 53275 
111 589331 636049 
112 568363 628109 
113 192926 147799 
114 863478 876511 
115 886782 872011 
116 587102 576529 
117 565289 504797 
118 187053 182895 
119 151483 95975 
120 750021 713267 
121 621583 587286 
122 152414 88887 
123 296145 239794 
124 252131 256853 
125 290944 273803 
126 317286 388637 
127 766851 695298 
128 760468 781618 
129 109251 115313 
130 82828 155073 
131 367835 399800 
132 381237 429471 
133 697115 683301 
134 207593 155774 
135 777448 809151 
136 333942 302668 
137 641654 631983 
138 629192 581353 
139 423174 352332 
140 241780 292482 
141 717841 650689 
142 946656 944911 
143 715486 654685 
144 686246 752357 
145 359299 286903 
146 869117 933560 
147 957579 982140 
148 603388 612657 
149 801563 735063 
150 492734 449384 
151 509940 457211 
152 910563 874559 
153 620780 667024 
154 177538 237978 
155 82493 142328 
156 194120 122942 
157 386788 328316 
158 352661 440197 
159 661674 603608 
160 928793 956795 
161 1035685 994079 
162 468191 397401 
163 955508 864204 
164 918184 935388 
165 911234 988071 
166 508498 419456 
167 734617 730769 
168 106564 83870 
169 898079 913644 
170 454763 464671 
171 233349 269097 
172 805492 848860 
173 80166 96879 
174 469453 508180 
175 796604 887909 
176 509611 582665 
177 400285 302940 
178 813181 769271 
179 831524 759836 
180 653398 752754 
181 1016820 994249 
182 826122 786011 
183 70868 76786 
184 829712 749182 
185 658338 741367 
186 539577 579211 
187 31227 64468 
188 743745 682479 
189 865722 893326 
190 854178 766863 
191 866128 952376 
192 509256 525473 
193 866091 780002 
194 661740 708582 
195 516040 582559 
196 952771 986120 
197 901863 986930 
198 650007 584332 
199 883327 926101 
200 281789 214067 
201 1 43045 
202 2158 18099 
203 563869 544685 
204 374682 448909 
205 348643 312973 
206 704906 698251 
207 184572 97862 
208 443754 384664 
209 1 6565 
210 516671 502971 
211 796060 882954 
212 446245 478642 
213 617084 525781 
214 585934 601575 
215 1006111 935404 
216 645685 638993 
217 144181 163946 
218 793341 886186 
219 245342 195815 
220 430920 489544 
221 856711 950560 
222 532072 433627 
223 984898 999875 
224 681743 744898 
225 271144 197914 
226 566767 604298 
227 53225 93969 
228 475693 460355 
229 226424 260325 
230 173448 269761 
231 715324 763499 
232 438501 514668 
233 792246 806587 
234 1058261 976452 
235 238089 274487 
236 308268 349750 
237 873456 861627 
238 435617 349779 
239 269413 272611 
240 121459 131443 
241 247883 185523 
242 546138 472997 
243 65391 129767 
244 125984 217489 
245 718764 717400 
246 83697 142509 
247 210937 214856 
248 645648 687704 
249 854601 783946 
250 715422 714326 
251 381232 365777 
252 2166 58025 
253 412366 369683 
254 216691 185288 
255 122426 49177 
256 327181 250687 
257 865941 824230 
258 631503 603426 
259 119732 145345 
260 272731 224175 
261 933875 985185 
262 769377 697343 
263 819809 917429 
264 87032 25961 
265 509370 421389 
266 492803 506740 
267 1 70888 
268 819686 902006 
269 773164 673563 
270 253362 255181 
271 343675 352538 
272 848891 773945 
273 446541 409574 
274 627453 537429 
275 654761 715091 
276 77768 158256 
277 690054 675893 
278 833264 885260 
279 131062 80359 
280 566971 563506 
281 954324 937783 
282 39764 15728 
283 366020 370225 
284 322868 312305 
285 180733 88006 
286 930971 832823 
287 891764 868185 
288 72052 20855 
289 1 36455 
290 543488 575249 
291 284058 204816 
292 413731 379498 
293 383393 334086 
294 403699 358696 
295 401209 426193 
296 840730 834313 
297 90464 122492 
298 331924 418528 
299 29960 116256 
300 685302 628718 
301 559930 600778 
302 655219 630169 
303 993704 925772 
304 797630 735115 
305 884003 804445 
306 729766 762090 
307 413340 464621 
308 736576 677423 
309 321570 254474 
310 983210 930405 
311 421407 497320 
312 202706 267328 
313 257582 213584 
314 486435 526808 
315 206302 267176 
316 1 6976 
317 743813 742875 
318 430157 347143 
319 65441 45988 
320 548518 629003 
321 542964 546172 
322 285197 219189 
323 364070 329694 
324 535896 546964 
325 7182 98163 
326 1005923 939673 
327 564358 555168 
328 239323 155821 
329 287347 235432 
330 888949 892395 
331 132356 152254 
332 722407 822333 
333 107188 62699 
334 943738 933846 
335 93249 147352 
336 113834 52937 
337 613820 533177 
338 335111 332293 
339 336101 343830 
340 273901 282798 
341 560845 467447 
342 589760 587800 
343 349020 271852 
344 200344 139042 
345 622356 570230 
346 195915 255789 
347 73867 27030 
348 55447 17464 
349 548903 593199 
350 426991 405529 
351 776192 703770 
352 447553 499226 
353 513913 541318 
354 90686 121134 
355 433917 356298 
356 977313 987023 
357 348016 279049 
358 272046 311733 
359 26906 112705 
360 923112 938036 
361 924761 923504 
362 1 46579 
363 278677 241955 
364 55778 45316 
365 877000 792156 
366 259262 206885 
367 737930 660127 
368 639989 649106 
369 844024 860953 
370 49324 48069 
371 758626 857774 
372 958662 944588 
373 173524 161310 
374 57785 61572 
375 453478 478546 
376 857162 956599 
377 445246 490825 
378 560496 644880 
379 595465 537370 
380 367446 370743 
381 863711 959077 
382 324552 325325 
383 947502 913114 
384 860078 868421 
385 375561 379237 
386 908623 975005 
387 84904 58805 
388 440394 526520 
389 546274 551720 
390 660554 681626 
391 186375 87893 
392 105135 201791 
393 138993 67573 
394 892768 792792 
395 116669 50030 
396 838015 887203 
397 299557 321470 
398 946655 986278 
399 255443 321152 
400 93869 115783 
401 903944 927326 
402 104965 43147 
403 823401 870868 
404 208556 231977 
405 751857 785692 
406 769676 744394 
407 962140 922684 
408 128624 69600 
409 341991 359912 
410 268206 185120 
411 967392 962325 
412 328949 408605 
413 785972 885147 
414 876271 835843 
415 404293 344965 
416 824363 815724 
417 766759 667001 
418 326828 380898 
419 502690 564542 
420 920054 937970 
421 104681 49199 
422 259608 291881 
423 661421 675579 
424 318035 352046 
425 693989 755158 
426 129415 210107 
427 904525 830336 
428 659300 690682 
429 424647 470256 
430 1014957 934392 
431 415075 315357 
432 360694 307848 
433 988849 938408 
434 395848 440247 
435 877257 781225 
436 847491 804263 
437 180776 224532 
438 170394 193354 
439 143828 179016 
440 313230 305661 
441 670709 744308 
442 327309 418494 
443 1 38246 
444 104606 11148 
445 643650 707569 
446 139636 204826 
447 910353 847995 
448 511218 515695 
449 513187 532769 
450 302840 324829 
451 203704 287367 
452 797713 706075 
453 653632 567231 
454 470543 377729 
455 113323 205012 
456 197201 294240 
457 759943 836661 
458 119445 142588 
459 1001201 931577 
460 673589 632232 
461 1 24275 
462 590882 593660 
463 617033 689171 
464 396554 355124 
465 306386 328086 
466 339140 328232 
467 662123 565900 
468 544553 452772 
469 859754 825188 
470 74621 166051 
471 329943 377558 
472 410580 427565 
473 568054 610252 
474 836725 778250 
475 640004 691246 
476 976483 985505 
477 75828 106377 
478 380269 301234 
479 919841 839387 
480 472671 395117 
481 550965 513341 
482 759245 784109 
483 615326 601133 
484 1 50708 
485 169990 156215 
486 1 27651 
487 476262 390336 
488 505921 486966 
489 684679 770735 
490 215057 315003 
491 631670 657529 
492 235219 157325 
493 560899 481415 
494 240263 142993 
495 682632 689669 
496 620820 545516 
497 44839 110281 
498 161945 224639 
499 187516 147998 
500 305789 235712 
501 18173 69549 
502 307762 305590 
503 908973 984199 
504 267305 199697 
505 334028 346065 
506 910757 881891 
507 29308 74701 
508 637039 612927 
509 1027532 930625 
510 574070 496237 
511 736932 723142 
512 682434 742470 
513 122282 116398 
514 894407 850802 
515 403697 482195 
516 537227 467964 
517 77612 35000 
518 931557 980239 
519 463052 517407 
520 756590 832848 
521 338931 373287 
522 644419 704983 
523 400359 351006 
524 797767 770186 
525 644976 570475 
526 446148 476056 
527 554110 490961 
528 621694 530000 
529 881988 847393 
530 212206 311003 
531 708422 765503 
532 761988 778268 
533 782282 730510 
534 900586 983907 
535 855338 811963 
536 111017 103368 
537 335675 237475 
538 522551 564266 
539 1005560 961314 
540 705837 713924 
541 832262 861753 
542 960099 984168 
543 331134 408219 
544 179226 122908 
545 879668 933524 
546 689272 693390 
547 873248 957399 
548 559353 560372 
549 871517 924642 
550 855824 775620 
551 907950 887056 
552 535618 440333 
553 969246 953723 
554 821662 916913 
555 608088 577675 
556 272862 308927 
557 561710 640864 
558 165085 183153 
559 956076 922328 
560 1040873 980287 
561 172201 195325 
562 538579 506397 
563 35854 112910 
564 131237 214680 
565 375306 383016 
566 794535 695881 
567 667593 608849 
568 80149 177779 
569 145823 199393 
570 319858 396031 
571 356255 424334 
572 504024 486225 
573 124285 111378 
574 304167 327238 
575 581685 566779 
576 128087 180493 
577 406085 427919 
578 898625 807583 
579 572789 488409 
580 777905 770716 
581 199067 187668 
582 70586 130627 
583 365117 358195 
584 359972 321806 
585 275216 224011 
586 216508 230504 
587 639509 566302 
588 839541 928076 
589 907534 955909 
590 935291 887675 
591 340421 321977 
592 59762 19289 
593 87407 130110 
594 675833 640805 
595 440725 353772 
596 116828 197459 
597 783791 786011 
598 780054 709896 
599 234006 196458 
600 563267 477170 
601 925068 993068 
602 50852 73025 
603 632934 618608 
604 230606 311749 
605 393453 310124 
606 90276 132773 
607 313728 345094 
608 704525 795001 
609 299860 272894 
610 785719 850629 
611 97654 194234 
612 450042 470419 
613 431062 518127 
614 969203 962860 
615 1032813 983850 
616 831669 831794 
617 759903 758521 
618 824670 781917 
619 478460 454520 
620 502449 599184 
621 431087 373435 
622 519212 486167 
623 26041 6997 
624 179624 202368 
625 878195 849219 
626 775422 688723 
627 49153 102264 
628 26984 97647 
629 541118 586246 
630 163334 105666 
631 418533 479526 
632 137501 202660 
633 718166 797796 
634 538594 611153 
635 228507 170922 
636 823194 852737 
637 407983 398183 
638 422281 372454 
639 307877 396315 
640 274818 175041 
641 30961 12226 
642 94206 117601 
643 1009531 977370 
644 1040337 951546 
645 293619 240915 
646 495062 573086 
647 713062 812435 
648 221288 172314 
649 753484 677602 
650 815396 870512 
651 96505 85369 
652 464836 449644 
653 937048 864546 
654 198333 226597 
655 1044484 999755 
656 182832 140562 
657 121540 60141 
658 657941 618950 
659 675565 628500 
660 758548 690441 
661 1 23818 
662 816119 781077 
663 667878 679204 
664 368953 319466 
665 86348 104488 
666 1050041 961230 
667 682308 604761 
668 488208 567845 
669 951660 870434 
670 154801 154216 
671 872089 882267 
672 328948 273029 
673 438309 493306 
674 587629 535763 
675 357081 455449 
676 340939 289712 
677 755001 743647 
678 796323 731258 
679 695758 749262 
680 19834 56550 
681 722377 783849 
682 363794 365440 
683 600378 511232 
684 812741 907007 
685 820765 903321 
686 734220 657540 
687 130733 141565 
688 231505 190959 
689 879908 787036 
690 531315 533534 
691 191144 130973 
692 820682 777156 
693 1010780 926854 
694 142197 199137 
695 100954 182533 
696 584424 495971 
697 601103 512857 
698 1 43801 
699 191231 119648 
700 167491 131856 
701 766617 794365 
702 874147 946828 
703 188434 215333 
704 560675 587428 
705 454090 367431 
706 514096 497147 
707 920724 894614 
708 654007 561559 
709 115531 99572 
710 729849 764255 
711 553168 583292 
712 425248 472373 
713 1 52908 
714 269521 303278 
715 1058108 983150 
716 730824 779626 
717 246112 341889 
718 963573 997333 
719 19683 77256 
720 859338 919865 
721 392540 368431 
722 190720 128573 
723 257193 232758 
724 555646 481853 
725 22904 28060 
726 26973 103943 
727 1 1192 
728 420271 495472 
729 347253 432214 
730 1 40402 
731 720152 757725 
732 106091 144547 
733 829471 895129 
734 56076 60914 
735 214203 253018 
736 827807 868608 
737 326014 330185 
738 612828 529336 
739 299954 333937 
740 895265 900428 
741 217662 175857 
742 910586 900078 
743 830388 753981 
744 28741 87848 
745 541053 478860 
746 450176 454681 
747 222851 294690 
748 271302 240909 
749 1049538 960186 
750 938411 890487 
751 645529 659727 
752 980726 985933 
753 866158 940295 
754 672949 705792 
755 825053 832253 
756 161884 98775 
757 811839 766633 
758 126163 107559 
759 950867 879150 
760 802260 824369 
761 673551 653185 
762 170427 170200 
763 893229 826801 
764 826618 775869 
765 783117 798934 
766 11380 66297 
767 411044 396122 
768 677837 630198 
769 183484 200031 
770 835638 902571 
771 820902 809676 
772 174811 102834 
773 46871 31031 
774 1054597 966599 
775 952589 956336 
776 756089 789279 
777 792669 823208 
778 809291 761954 
779 877013 898621 
780 542435 619079 
781 1 50147 
782 1036371 936907 
783 122495 192688 
784 317920 410574 
785 426781 339076 
786 217780 277066 
787 541214 570130 
788 800048 810672 
789 478571 444752 
790 652944 598753 
791 396631 493239 
792 329238 349382 
793 246447 208567 
794 827025 788492 
795 793834 874171 
796 735600 831103 
797 750078 827220 
798 595335 596610 
799 885660 976068 
800 175760 113128 
801 552600 514986 
802 56958 140467 
803 686430 770565 
804 266850 295143 
805 742340 797798 
806 137896 92041 
807 628475 682295 
808 334627 312185 
809 748534 751137 
810 200012 131177 
811 648826 607071 
812 209933 123257 
813 799749 870813 
814 681547 673777 
815 896938 995276 
816 98678 104794 
817 206450 163077 
818 433322 350521 
819 267630 291095 
820 628460 630889 
821 619464 673199 
822 647319 555348 
823 317835 237219 
824 258858 269326 
825 765852 719579 
826 812478 872462 
827 464460 400540 
828 451280 523401 
829 692494 596338 
830 471766 475756 
831 178507 94906 
832 700496 604214 
833 909448 934793 
834 110074 205425 
835 403708 429436 
836 775618 863627 
837 397243 305949 
838 644499 661909 
839 107196 149359 
840 461392 488471 
841 694664 773271 
842 611571 578893 
843 864209 933671 
844 920273 858691 
845 889178 843527 
846 451140 493768 
847 1 1090 
848 576165 495890 
849 1009276 999083 
850 336141 358638 
851 716892 769002 
852 398156 347169 
853 360406 302374 
854 663505 743841 
855 443878 360400 
856 928838 925097 
857 14026 96650 
858 396339 410557 
859 17137 26611 
860 423816 378874 
861 391668 422737 
862 852581 780697 
863 729428 819865 
864 166834 76608 
865 844952 932253 
866 781905 849284 
867 516680 534803 
868 991045 895680 
869 656061 707005 
870 249712 244939 
871 70816 67450 
872 770856 750040 
873 744975 672809 
874 265923 347823 
875 1041146 953782 
876 310343 360068 
877 775311 814274 
878 181220 237937 
879 605532 548275 
880 663821 763413 
881 247465 323669 
882 183678 120776 
883 94755 8555 
884 846497 885434 
885 157029 126103 
886 312823 306279 
887 929865 846369 
888 618216 545976 
889 1 45735 
890 617030 597370 
891 1008883 981538 
892 314641 234611 
893 303541 246224 
894 658840 709734 
895 141414 216131 
896 743577 766565 
897 84185 35334 
898 55100 122318 
899 497940 431591 
900 670261 753571 
901 804379 904358 
902 259579 259146 
903 744802 793016 
904 521052 503325 
905 618745 705464 
906 652535 729967 
907 1 35627 
908 830889 799517 
909 1042770 990702 
910 1017062 921164 
911 220652 138623 
912 706817 691332 
913 878673 791780 
914 530467 496744 
915 609875 581435 
916 785495 864593 
917 471675 554463 
918 80306 152647 
919 875735 777076 
920 379953 317787 
921 496957 510928 
922 452856 448484 
923 473836 527686 
924 256261 336532 
925 827742 842384 
926 836197 903478 
927 735252 766872 
928 194475 104774 
929 294041 260323 
930 236303 302188 
931 700549 607259 
932 378034 355607 
933 211286 305271 
934 248600 188659 
935 864006 870409 
936 340452 440134 
937 90309 186660 
938 933254 989548 
939 935160 860583 
940 802212 810797 
941 957994 946283 
942 673330 615928 
943 521371 616645 
944 700814 678527 
945 575841 527032 
946 636946 689262 
947 798334 800634 
948 144243 218504 
949 687855 641185 
950 310418 289569 
951 63439 84202 
952 806704 805618 
953 1053418 955302 
954 346147 318940 
955 106820 158210 
956 83654 144636 
957 402174 356849 
958 26949 87655 
959 349453 278648 
960 518077 551298 
961 35012 95765 
962 275504 308289 
963 884739 977997 
964 584008 491706 
965 617526 640017 
966 420895 507941 
967 476935 378764 
968 556922 654002 
969 611061 564108 
970 931042 895239 
971 1028713 961546 
972 407541 439125 
973 429397 331863 
974 772943 821462 
975 102312 88742 
976 928213 881829 
977 175538 184816 
978 625433 606649 
979 860219 765703 
980 633624 590719 
981 388839 367483 
982 1 52628 
983 92188 138723 
984 443050 410972 
985 592903 610761 
986 255298 227202 
987 730803 829044 
988 711035 721740 
989 881518 874002 
990 593216 619545 
991 915293 912450 
992 264080 203322 
993 701327 677436 
994 804787 823467 
995 161136 143966 
996 381782 330029 
997 423476 422995 
998 726206 640449 
999 363779 280610 
1000 604145 692866 
