npieces: 5000
capacity: 2469786
1 1700 1660 
2 340 332 
3 510 498 
4 1530 1494 
5 190 214 
6 850 830 
7 855 963 
8 760 856 
9 855 963 
10 665 749 
11 1020 996 
12 1700 1660 
13 170 166 
14 570 642 
15 380 428 
16 570 642 
17 680 664 
18 665 749 
19 680 664 
20 475 535 
21 1360 1328 
22 1020 996 
23 855 963 
24 680 664 
25 760 856 
26 855 963 
27 855 963 
28 1530 1494 
29 190 214 
30 665 749 
31 1700 1660 
32 680 664 
33 855 963 
34 170 166 
35 95 107 
36 855 963 
37 950 1070 
38 760 856 
39 665 749 
40 380 428 
41 665 749 
42 665 749 
43 665 749 
44 340 332 
45 340 332 
46 850 830 
47 285 321 
48 1190 1162 
49 760 856 
50 950 1070 
51 855 963 
52 1020 996 
53 1530 1494 
54 1360 1328 
55 1020 996 
56 475 535 
57 190 214 
58 760 856 
59 760 856 
60 1020 996 
61 1530 1494 
62 380 428 
63 1700 1660 
64 760 856 
65 190 214 
66 665 749 
67 855 963 
68 680 664 
69 475 535 
70 285 321 
71 380 428 
72 665 749 
73 170 166 
74 510 498 
75 850 830 
76 680 664 
77 850 830 
78 475 535 
79 510 498 
80 760 856 
81 950 1070 
82 850 830 
83 1020 996 
84 285 321 
85 510 498 
86 95 107 
87 475 535 
88 190 214 
89 95 107 
90 95 107 
91 510 498 
92 340 332 
93 380 428 
94 850 830 
95 1530 1494 
96 570 642 
97 1530 1494 
98 570 642 
99 340 332 
100 950 1070 
101 475 535 
102 665 749 
103 570 642 
104 850 830 
105 1190 1162 
106 855 963 
107 285 321 
108 170 166 
109 950 1070 
110 1020 996 
111 1020 996 
112 510 498 
113 340 332 
114 760 856 
115 570 642 
116 950 1070 
117 510 498 
118 950 1070 
119 1700 1660 
120 680 664 
121 665 749 
122 680 664 
123 475 535 
124 665 749 
125 1190 1162 
126 950 1070 
127 95 107 
128 760 856 
129 340 332 
130 665 749 
131 950 1070 
132 285 321 
133 570 642 
134 190 214 
135 190 214 
136 760 856 
137 850 830 
138 855 963 
139 95 107 
140 1530 1494 
141 665 749 
142 170 166 
143 760 856 
144 170 166 
145 855 963 
146 510 498 
147 680 664 
148 855 963 
149 340 332 
150 475 535 
151 850 830 
152 760 856 
153 190 214 
154 190 214 
155 1190 1162 
156 95 107 
157 340 332 
158 1700 1660 
159 680 664 
160 170 166 
161 1700 1660 
162 1700 1660 
163 1360 1328 
164 1530 1494 
165 665 749 
166 380 428 
167 475 535 
168 855 963 
169 950 1070 
170 1700 1660 
171 1360 1328 
172 570 642 
173 510 498 
174 680 664 
175 510 498 
176 285 321 
177 510 498 
178 1360 1328 
179 170 166 
180 855 963 
181 570 642 
182 1190 1162 
183 285 321 
184 950 1070 
185 665 749 
186 1020 996 
187 1530 1494 
188 1360 1328 
189 380 428 
190 855 963 
191 950 1070 
192 950 1070 
193 1360 1328 
194 340 332 
195 285 321 
196 570 642 
197 950 1070 
198 510 498 
199 475 535 
200 1700 1660 
201 340 332 
202 510 498 
203 1530 1494 
204 285 321 
205 1020 996 
206 95 107 
207 855 963 
208 510 498 
209 380 428 
210 680 664 
211 190 214 
212 340 332 
213 380 428 
214 170 166 
215 1020 996 
216 285 321 
217 855 963 
218 170 166 
219 1190 1162 
220 1530 1494 
221 950 1070 
222 475 535 
223 285 321 
224 380 428 
225 1020 996 
226 1530 1494 
227 340 332 
228 1020 996 
229 570 642 
230 170 166 
231 850 830 
232 665 749 
233 475 535 
234 1360 1328 
235 855 963 
236 190 214 
237 1530 1494 
238 680 664 
239 340 332 
240 950 1070 
241 285 321 
242 1190 1162 
243 380 428 
244 1700 1660 
245 570 642 
246 475 535 
247 510 498 
248 1020 996 
249 680 664 
250 1360 1328 
251 1360 1328 
252 190 214 
253 170 166 
254 950 1070 
255 680 664 
256 665 749 
257 190 214 
258 285 321 
259 95 107 
260 170 166 
261 570 642 
262 340 332 
263 510 498 
264 1530 1494 
265 680 664 
266 570 642 
267 680 664 
268 95 107 
269 665 749 
270 1190 1162 
271 665 749 
272 760 856 
273 1530 1494 
274 380 428 
275 850 830 
276 190 214 
277 665 749 
278 1360 1328 
279 1020 996 
280 570 642 
281 1020 996 
282 1360 1328 
283 950 1070 
284 855 963 
285 1530 1494 
286 380 428 
287 850 830 
288 680 664 
289 285 321 
290 95 107 
291 510 498 
292 760 856 
293 380 428 
294 1530 1494 
295 1360 1328 
296 855 963 
297 380 428 
298 1020 996 
299 760 856 
300 855 963 
301 1700 1660 
302 190 214 
303 380 428 
304 1020 996 
305 1020 996 
306 95 107 
307 1020 996 
308 380 428 
309 340 332 
310 340 332 
311 570 642 
312 475 535 
313 380 428 
314 340 332 
315 170 166 
316 1530 1494 
317 760 856 
318 760 856 
319 510 498 
320 760 856 
321 170 166 
322 170 166 
323 950 1070 
324 760 856 
325 855 963 
326 340 332 
327 190 214 
328 855 963 
329 285 321 
330 95 107 
331 190 214 
332 190 214 
333 190 214 
334 285 321 
335 680 664 
336 510 498 
337 950 1070 
338 1700 1660 
339 170 166 
340 380 428 
341 855 963 
342 570 642 
343 475 535 
344 1190 1162 
345 1360 1328 
346 570 642 
347 380 428 
348 680 664 
349 285 321 
350 760 856 
351 570 642 
352 95 107 
353 760 856 
354 380 428 
355 855 963 
356 850 830 
357 380 428 
358 665 749 
359 340 332 
360 1700 1660 
361 850 830 
362 1700 1660 
363 950 1070 
364 380 428 
365 380 428 
366 170 166 
367 285 321 
368 1360 1328 
369 680 664 
370 95 107 
371 170 166 
372 950 1070 
373 1700 1660 
374 190 214 
375 95 107 
376 570 642 
377 285 321 
378 850 830 
379 850 830 
380 950 1070 
381 1700 1660 
382 340 332 
383 285 321 
384 570 642 
385 170 166 
386 380 428 
387 850 830 
388 1530 1494 
389 95 107 
390 1020 996 
391 1020 996 
392 1190 1162 
393 170 166 
394 170 166 
395 1020 996 
396 285 321 
397 855 963 
398 1360 1328 
399 190 214 
400 1360 1328 
401 1700 1660 
402 190 214 
403 680 664 
404 1530 1494 
405 680 664 
406 680 664 
407 1700 1660 
408 510 498 
409 855 963 
410 380 428 
411 95 107 
412 380 428 
413 1700 1660 
414 570 642 
415 1360 1328 
416 570 642 
417 285 321 
418 680 664 
419 1360 1328 
420 95 107 
421 380 428 
422 475 535 
423 190 214 
424 1530 1494 
425 170 166 
426 170 166 
427 380 428 
428 1530 1494 
429 850 830 
430 190 214 
431 855 963 
432 1530 1494 
433 1360 1328 
434 285 321 
435 1190 1162 
436 510 498 
437 680 664 
438 285 321 
439 1700 1660 
440 340 332 
441 1020 996 
442 190 214 
443 1700 1660 
444 1020 996 
445 190 214 
446 1020 996 
447 1360 1328 
448 1190 1162 
449 570 642 
450 850 830 
451 760 856 
452 190 214 
453 1700 1660 
454 850 830 
455 1700 1660 
456 855 963 
457 680 664 
458 1190 1162 
459 1020 996 
460 170 166 
461 1530 1494 
462 570 642 
463 95 107 
464 285 321 
465 340 332 
466 855 963 
467 1700 1660 
468 1360 1328 
469 190 214 
470 665 749 
471 1190 1162 
472 285 321 
473 510 498 
474 190 214 
475 1530 1494 
476 190 214 
477 950 1070 
478 380 428 
479 1360 1328 
480 1020 996 
481 1020 996 
482 170 166 
483 950 1070 
484 1360 1328 
485 680 664 
486 340 332 
487 1020 996 
488 170 166 
489 1190 1162 
490 1360 1328 
491 170 166 
492 340 332 
493 760 856 
494 95 107 
495 850 830 
496 1190 1162 
497 380 428 
498 855 963 
499 760 856 
500 510 498 
501 665 749 
502 1360 1328 
503 1190 1162 
504 1530 1494 
505 510 498 
506 760 856 
507 570 642 
508 95 107 
509 510 498 
510 680 664 
511 380 428 
512 340 332 
513 1020 996 
514 95 107 
515 380 428 
516 1360 1328 
517 950 1070 
518 570 642 
519 340 332 
520 850 830 
521 1700 1660 
522 475 535 
523 665 749 
524 1700 1660 
525 380 428 
526 665 749 
527 850 830 
528 285 321 
529 1700 1660 
530 1190 1162 
531 475 535 
532 570 642 
533 570 642 
534 340 332 
535 570 642 
536 855 963 
537 1700 1660 
538 475 535 
539 950 1070 
540 1530 1494 
541 855 963 
542 510 498 
543 190 214 
544 170 166 
545 1020 996 
546 680 664 
547 380 428 
548 95 107 
549 680 664 
550 850 830 
551 570 642 
552 380 428 
553 665 749 
554 1190 1162 
555 950 1070 
556 850 830 
557 850 830 
558 285 321 
559 665 749 
560 510 498 
561 760 856 
562 95 107 
563 1020 996 
564 855 963 
565 1530 1494 
566 1190 1162 
567 570 642 
568 380 428 
569 1020 996 
570 1020 996 
571 1020 996 
572 570 642 
573 475 535 
574 510 498 
575 1360 1328 
576 760 856 
577 680 664 
578 665 749 
579 475 535 
580 570 642 
581 1530 1494 
582 285 321 
583 760 856 
584 285 321 
585 1700 1660 
586 950 1070 
587 850 830 
588 475 535 
589 190 214 
590 1530 1494 
591 850 830 
592 850 830 
593 1020 996 
594 570 642 
595 1360 1328 
596 1530 1494 
597 680 664 
598 170 166 
599 1530 1494 
600 1190 1162 
601 1020 996 
602 190 214 
603 850 830 
604 1020 996 
605 1360 1328 
606 1020 996 
607 190 214 
608 680 664 
609 170 166 
610 1530 1494 
611 285 321 
612 850 830 
613 1700 1660 
614 680 664 
615 475 535 
616 665 749 
617 680 664 
618 855 963 
619 380 428 
620 570 642 
621 950 1070 
622 1360 1328 
623 850 830 
624 380 428 
625 380 428 
626 340 332 
627 190 214 
628 680 664 
629 680 664 
630 1020 996 
631 95 107 
632 950 1070 
633 1020 996 
634 1020 996 
635 1700 1660 
636 760 856 
637 950 1070 
638 95 107 
639 680 664 
640 1700 1660 
641 380 428 
642 1700 1660 
643 475 535 
644 380 428 
645 1190 1162 
646 850 830 
647 510 498 
648 285 321 
649 285 321 
650 665 749 
651 1360 1328 
652 475 535 
653 850 830 
654 380 428 
655 665 749 
656 665 749 
657 1020 996 
658 1700 1660 
659 850 830 
660 760 856 
661 760 856 
662 170 166 
663 1530 1494 
664 190 214 
665 570 642 
666 570 642 
667 340 332 
668 950 1070 
669 510 498 
670 570 642 
671 760 856 
672 680 664 
673 1190 1162 
674 1190 1162 
675 170 166 
676 510 498 
677 665 749 
678 570 642 
679 475 535 
680 665 749 
681 285 321 
682 285 321 
683 285 321 
684 850 830 
685 380 428 
686 950 1070 
687 1530 1494 
688 95 107 
689 1020 996 
690 1190 1162 
691 1360 1328 
692 1360 1328 
693 190 214 
694 340 332 
695 850 830 
696 855 963 
697 510 498 
698 95 107 
699 1020 996 
700 1020 996 
701 1700 1660 
702 1360 1328 
703 380 428 
704 855 963 
705 680 664 
706 950 1070 
707 1020 996 
708 1530 1494 
709 850 830 
710 1530 1494 
711 475 535 
712 340 332 
713 1360 1328 
714 1020 996 
715 1360 1328 
716 850 830 
717 340 332 
718 1530 1494 
719 340 332 
720 760 856 
721 1530 1494 
722 510 498 
723 190 214 
724 190 214 
725 855 963 
726 850 830 
727 380 428 
728 1700 1660 
729 950 1070 
730 950 1070 
731 1530 1494 
732 855 963 
733 1700 1660 
734 665 749 
735 680 664 
736 340 332 
737 1020 996 
738 475 535 
739 570 642 
740 1700 1660 
741 855 963 
742 680 664 
743 1190 1162 
744 1700 1660 
745 190 214 
746 680 664 
747 95 107 
748 665 749 
749 1530 1494 
750 510 498 
751 1190 1162 
752 850 830 
753 510 498 
754 665 749 
755 855 963 
756 570 642 
757 680 664 
758 1190 1162 
759 1020 996 
760 190 214 
761 510 498 
762 1360 1328 
763 1360 1328 
764 850 830 
765 285 321 
766 510 498 
767 475 535 
768 510 498 
769 855 963 
770 1700 1660 
771 380 428 
772 1700 1660 
773 950 1070 
774 475 535 
775 190 214 
776 340 332 
777 475 535 
778 190 214 
779 285 321 
780 665 749 
781 1530 1494 
782 1020 996 
783 570 642 
784 510 498 
785 1700 1660 
786 170 166 
787 850 830 
788 380 428 
789 170 166 
790 170 166 
791 1360 1328 
792 95 107 
793 760 856 
794 1360 1328 
795 95 107 
796 950 1070 
797 680 664 
798 1700 1660 
799 1360 1328 
800 1190 1162 
801 680 664 
802 170 166 
803 1530 1494 
804 570 642 
805 380 428 
806 475 535 
807 190 214 
808 510 498 
809 950 1070 
810 855 963 
811 665 749 
812 1190 1162 
813 95 107 
814 850 830 
815 340 332 
816 340 332 
817 1190 1162 
818 855 963 
819 665 749 
820 665 749 
821 1020 996 
822 1530 1494 
823 570 642 
824 190 214 
825 1700 1660 
826 950 1070 
827 665 749 
828 850 830 
829 475 535 
830 170 166 
831 510 498 
832 760 856 
833 850 830 
834 170 166 
835 570 642 
836 680 664 
837 1190 1162 
838 1700 1660 
839 570 642 
840 1530 1494 
841 285 321 
842 1360 1328 
843 570 642 
844 680 664 
845 1020 996 
846 1530 1494 
847 380 428 
848 510 498 
849 1700 1660 
850 855 963 
851 850 830 
852 285 321 
853 570 642 
854 1360 1328 
855 1360 1328 
856 1700 1660 
857 510 498 
858 850 830 
859 1700 1660 
860 950 1070 
861 680 664 
862 1700 1660 
863 170 166 
864 850 830 
865 570 642 
866 570 642 
867 1020 996 
868 570 642 
869 170 166 
870 570 642 
871 1530 1494 
872 950 1070 
873 380 428 
874 1360 1328 
875 1190 1162 
876 855 963 
877 570 642 
878 190 214 
879 760 856 
880 475 535 
881 855 963 
882 170 166 
883 850 830 
884 950 1070 
885 760 856 
886 340 332 
887 1360 1328 
888 680 664 
889 95 107 
890 1700 1660 
891 1530 1494 
892 510 498 
893 1190 1162 
894 340 332 
895 1700 1660 
896 475 535 
897 570 642 
898 850 830 
899 950 1070 
900 1190 1162 
901 380 428 
902 1190 1162 
903 170 166 
904 570 642 
905 570 642 
906 340 332 
907 285 321 
908 855 963 
909 1700 1660 
910 855 963 
911 855 963 
912 1020 996 
913 570 642 
914 760 856 
915 190 214 
916 855 963 
917 190 214 
918 950 1070 
919 680 664 
920 340 332 
921 475 535 
922 1360 1328 
923 950 1070 
924 170 166 
925 1530 1494 
926 850 830 
927 950 1070 
928 285 321 
929 1360 1328 
930 1190 1162 
931 1190 1162 
932 665 749 
933 680 664 
934 1190 1162 
935 1700 1660 
936 170 166 
937 285 321 
938 1020 996 
939 170 166 
940 1020 996 
941 170 166 
942 1530 1494 
943 1190 1162 
944 170 166 
945 1530 1494 
946 1020 996 
947 380 428 
948 190 214 
949 680 664 
950 760 856 
951 570 642 
952 510 498 
953 570 642 
954 1020 996 
955 380 428 
956 380 428 
957 285 321 
958 285 321 
959 380 428 
960 340 332 
961 1700 1660 
962 665 749 
963 570 642 
964 1700 1660 
965 1360 1328 
966 1020 996 
967 380 428 
968 950 1070 
969 510 498 
970 855 963 
971 1360 1328 
972 380 428 
973 510 498 
974 190 214 
975 380 428 
976 1190 1162 
977 380 428 
978 340 332 
979 760 856 
980 475 535 
981 510 498 
982 850 830 
983 380 428 
984 380 428 
985 950 1070 
986 680 664 
987 475 535 
988 340 332 
989 680 664 
990 285 321 
991 1700 1660 
992 950 1070 
993 1360 1328 
994 760 856 
995 1360 1328 
996 665 749 
997 850 830 
998 95 107 
999 1190 1162 
1000 190 214 
1001 1700 1660 
1002 1020 996 
1003 1190 1162 
1004 95 107 
1005 380 428 
1006 665 749 
1007 1360 1328 
1008 570 642 
1009 950 1070 
1010 510 498 
1011 510 498 
1012 855 963 
1013 680 664 
1014 380 428 
1015 950 1070 
1016 285 321 
1017 285 321 
1018 95 107 
1019 665 749 
1020 665 749 
1021 285 321 
1022 510 498 
1023 850 830 
1024 680 664 
1025 665 749 
1026 680 664 
1027 340 332 
1028 1360 1328 
1029 285 321 
1030 1360 1328 
1031 850 830 
1032 340 332 
1033 190 214 
1034 760 856 
1035 1530 1494 
1036 340 332 
1037 850 830 
1038 1700 1660 
1039 170 166 
1040 1190 1162 
1041 95 107 
1042 680 664 
1043 1020 996 
1044 190 214 
1045 570 642 
1046 285 321 
1047 760 856 
1048 475 535 
1049 1020 996 
1050 1190 1162 
1051 665 749 
1052 680 664 
1053 1360 1328 
1054 1190 1162 
1055 475 535 
1056 1020 996 
1057 1530 1494 
1058 190 214 
1059 285 321 
1060 95 107 
1061 760 856 
1062 170 166 
1063 1360 1328 
1064 1190 1162 
1065 1190 1162 
1066 570 642 
1067 1190 1162 
1068 285 321 
1069 95 107 
1070 680 664 
1071 510 498 
1072 1530 1494 
1073 95 107 
1074 760 856 
1075 1700 1660 
1076 950 1070 
1077 850 830 
1078 1020 996 
1079 570 642 
1080 1530 1494 
1081 1020 996 
1082 190 214 
1083 475 535 
1084 170 166 
1085 1360 1328 
1086 665 749 
1087 1700 1660 
1088 855 963 
1089 285 321 
1090 475 535 
1091 665 749 
1092 1020 996 
1093 950 1070 
1094 475 535 
1095 475 535 
1096 1190 1162 
1097 1530 1494 
1098 190 214 
1099 1530 1494 
1100 1700 1660 
1101 760 856 
1102 680 664 
1103 190 214 
1104 1700 1660 
1105 850 830 
1106 475 535 
1107 680 664 
1108 380 428 
1109 475 535 
1110 1700 1660 
1111 760 856 
1112 285 321 
1113 665 749 
1114 680 664 
1115 285 321 
1116 950 1070 
1117 95 107 
1118 475 535 
1119 380 428 
1120 190 214 
1121 1530 1494 
1122 95 107 
1123 170 166 
1124 1700 1660 
1125 170 166 
1126 475 535 
1127 95 107 
1128 340 332 
1129 855 963 
1130 95 107 
1131 1020 996 
1132 760 856 
1133 570 642 
1134 95 107 
1135 340 332 
1136 510 498 
1137 855 963 
1138 760 856 
1139 855 963 
1140 340 332 
1141 95 107 
1142 950 1070 
1143 950 1070 
1144 680 664 
1145 1190 1162 
1146 510 498 
1147 1700 1660 
1148 680 664 
1149 950 1070 
1150 95 107 
1151 665 749 
1152 855 963 
1153 855 963 
1154 510 498 
1155 850 830 
1156 855 963 
1157 1190 1162 
1158 285 321 
1159 190 214 
1160 1360 1328 
1161 1360 1328 
1162 190 214 
1163 570 642 
1164 95 107 
1165 570 642 
1166 285 321 
1167 95 107 
1168 475 535 
1169 1190 1162 
1170 570 642 
1171 570 642 
1172 1360 1328 
1173 760 856 
1174 1700 1660 
1175 1700 1660 
1176 475 535 
1177 855 963 
1178 680 664 
1179 510 498 
1180 1530 1494 
1181 680 664 
1182 665 749 
1183 475 535 
1184 170 166 
1185 950 1070 
1186 855 963 
1187 1360 1328 
1188 1190 1162 
1189 1190 1162 
1190 680 664 
1191 510 498 
1192 855 963 
1193 850 830 
1194 340 332 
1195 190 214 
1196 510 498 
1197 1190 1162 
1198 850 830 
1199 855 963 
1200 665 749 
1201 665 749 
1202 950 1070 
1203 380 428 
1204 510 498 
1205 380 428 
1206 850 830 
1207 1360 1328 
1208 475 535 
1209 170 166 
1210 510 498 
1211 570 642 
1212 570 642 
1213 170 166 
1214 190 214 
1215 1360 1328 
1216 285 321 
1217 475 535 
1218 760 856 
1219 1700 1660 
1220 475 535 
1221 285 321 
1222 1020 996 
1223 170 166 
1224 855 963 
1225 1190 1162 
1226 760 856 
1227 1360 1328 
1228 570 642 
1229 380 428 
1230 95 107 
1231 760 856 
1232 475 535 
1233 510 498 
1234 855 963 
1235 680 664 
1236 1190 1162 
1237 340 332 
1238 285 321 
1239 1530 1494 
1240 380 428 
1241 170 166 
1242 475 535 
1243 855 963 
1244 1190 1162 
1245 190 214 
1246 1360 1328 
1247 665 749 
1248 380 428 
1249 340 332 
1250 190 214 
1251 1700 1660 
1252 475 535 
1253 380 428 
1254 855 963 
1255 680 664 
1256 950 1070 
1257 1190 1162 
1258 1700 1660 
1259 1190 1162 
1260 170 166 
1261 1190 1162 
1262 850 830 
1263 340 332 
1264 380 428 
1265 95 107 
1266 855 963 
1267 510 498 
1268 950 1070 
1269 95 107 
1270 95 107 
1271 475 535 
1272 1700 1660 
1273 760 856 
1274 510 498 
1275 1190 1162 
1276 340 332 
1277 475 535 
1278 850 830 
1279 1020 996 
1280 570 642 
1281 510 498 
1282 95 107 
1283 1530 1494 
1284 170 166 
1285 95 107 
1286 760 856 
1287 1190 1162 
1288 855 963 
1289 170 166 
1290 170 166 
1291 1700 1660 
1292 95 107 
1293 1360 1328 
1294 95 107 
1295 475 535 
1296 170 166 
1297 665 749 
1298 475 535 
1299 570 642 
1300 475 535 
1301 950 1070 
1302 665 749 
1303 1530 1494 
1304 855 963 
1305 380 428 
1306 760 856 
1307 190 214 
1308 95 107 
1309 190 214 
1310 760 856 
1311 1360 1328 
1312 1360 1328 
1313 855 963 
1314 1700 1660 
1315 1020 996 
1316 680 664 
1317 1360 1328 
1318 855 963 
1319 1700 1660 
1320 1700 1660 
1321 1700 1660 
1322 570 642 
1323 680 664 
1324 1190 1162 
1325 680 664 
1326 665 749 
1327 475 535 
1328 1020 996 
1329 510 498 
1330 380 428 
1331 1360 1328 
1332 1700 1660 
1333 1020 996 
1334 1020 996 
1335 1360 1328 
1336 680 664 
1337 855 963 
1338 1360 1328 
1339 340 332 
1340 380 428 
1341 1190 1162 
1342 1020 996 
1343 1190 1162 
1344 1190 1162 
1345 760 856 
1346 665 749 
1347 510 498 
1348 190 214 
1349 340 332 
1350 850 830 
1351 285 321 
1352 170 166 
1353 760 856 
1354 760 856 
1355 950 1070 
1356 285 321 
1357 1020 996 
1358 570 642 
1359 665 749 
1360 570 642 
1361 285 321 
1362 285 321 
1363 855 963 
1364 510 498 
1365 1360 1328 
1366 510 498 
1367 760 856 
1368 855 963 
1369 285 321 
1370 1360 1328 
1371 1700 1660 
1372 340 332 
1373 190 214 
1374 1530 1494 
1375 1020 996 
1376 855 963 
1377 340 332 
1378 1530 1494 
1379 760 856 
1380 1530 1494 
1381 1020 996 
1382 170 166 
1383 1700 1660 
1384 850 830 
1385 475 535 
1386 1360 1328 
1387 1190 1162 
1388 1700 1660 
1389 190 214 
1390 950 1070 
1391 475 535 
1392 510 498 
1393 510 498 
1394 475 535 
1395 1700 1660 
1396 570 642 
1397 1190 1162 
1398 950 1070 
1399 850 830 
1400 760 856 
1401 380 428 
1402 680 664 
1403 1360 1328 
1404 850 830 
1405 510 498 
1406 1700 1660 
1407 95 107 
1408 1530 1494 
1409 380 428 
1410 950 1070 
1411 380 428 
1412 380 428 
1413 570 642 
1414 570 642 
1415 475 535 
1416 665 749 
1417 1360 1328 
1418 340 332 
1419 190 214 
1420 95 107 
1421 1020 996 
1422 95 107 
1423 680 664 
1424 570 642 
1425 285 321 
1426 680 664 
1427 855 963 
1428 570 642 
1429 380 428 
1430 665 749 
1431 850 830 
1432 950 1070 
1433 380 428 
1434 340 332 
1435 95 107 
1436 1020 996 
1437 850 830 
1438 475 535 
1439 855 963 
1440 1020 996 
1441 95 107 
1442 285 321 
1443 680 664 
1444 475 535 
1445 1020 996 
1446 1190 1162 
1447 855 963 
1448 1020 996 
1449 475 535 
1450 855 963 
1451 1360 1328 
1452 950 1070 
1453 380 428 
1454 855 963 
1455 95 107 
1456 170 166 
1457 380 428 
1458 1530 1494 
1459 510 498 
1460 850 830 
1461 850 830 
1462 285 321 
1463 95 107 
1464 340 332 
1465 850 830 
1466 190 214 
1467 665 749 
1468 475 535 
1469 1190 1162 
1470 380 428 
1471 855 963 
1472 1700 1660 
1473 1190 1162 
1474 475 535 
1475 950 1070 
1476 1700 1660 
1477 285 321 
1478 1020 996 
1479 760 856 
1480 1700 1660 
1481 170 166 
1482 170 166 
1483 340 332 
1484 850 830 
1485 760 856 
1486 340 332 
1487 1360 1328 
1488 340 332 
1489 680 664 
1490 510 498 
1491 190 214 
1492 850 830 
1493 1700 1660 
1494 680 664 
1495 680 664 
1496 510 498 
1497 1700 1660 
1498 850 830 
1499 285 321 
1500 950 1070 
1501 380 428 
1502 680 664 
1503 285 321 
1504 1360 1328 
1505 1020 996 
1506 340 332 
1507 570 642 
1508 855 963 
1509 340 332 
1510 760 856 
1511 1530 1494 
1512 340 332 
1513 380 428 
1514 340 332 
1515 285 321 
1516 285 321 
1517 570 642 
1518 855 963 
1519 1020 996 
1520 1530 1494 
1521 850 830 
1522 855 963 
1523 1530 1494 
1524 475 535 
1525 475 535 
1526 1360 1328 
1527 855 963 
1528 1360 1328 
1529 190 214 
1530 855 963 
1531 95 107 
1532 760 856 
1533 380 428 
1534 1190 1162 
1535 570 642 
1536 475 535 
1537 665 749 
1538 510 498 
1539 850 830 
1540 170 166 
1541 285 321 
1542 475 535 
1543 855 963 
1544 665 749 
1545 1700 1660 
1546 680 664 
1547 570 642 
1548 850 830 
1549 475 535 
1550 1360 1328 
1551 1700 1660 
1552 510 498 
1553 570 642 
1554 190 214 
1555 850 830 
1556 95 107 
1557 850 830 
1558 475 535 
1559 665 749 
1560 665 749 
1561 1700 1660 
1562 340 332 
1563 340 332 
1564 475 535 
1565 170 166 
1566 95 107 
1567 510 498 
1568 680 664 
1569 760 856 
1570 855 963 
1571 190 214 
1572 1190 1162 
1573 760 856 
1574 170 166 
1575 950 1070 
1576 850 830 
1577 510 498 
1578 850 830 
1579 850 830 
1580 950 1070 
1581 1700 1660 
1582 285 321 
1583 570 642 
1584 850 830 
1585 760 856 
1586 190 214 
1587 285 321 
1588 1530 1494 
1589 170 166 
1590 1190 1162 
1591 340 332 
1592 680 664 
1593 475 535 
1594 170 166 
1595 665 749 
1596 510 498 
1597 1360 1328 
1598 1360 1328 
1599 340 332 
1600 1530 1494 
1601 665 749 
1602 510 498 
1603 1020 996 
1604 380 428 
1605 1360 1328 
1606 190 214 
1607 170 166 
1608 1530 1494 
1609 510 498 
1610 340 332 
1611 510 498 
1612 855 963 
1613 760 856 
1614 950 1070 
1615 680 664 
1616 760 856 
1617 475 535 
1618 190 214 
1619 570 642 
1620 340 332 
1621 380 428 
1622 680 664 
1623 680 664 
1624 760 856 
1625 1020 996 
1626 1530 1494 
1627 1190 1162 
1628 1360 1328 
1629 850 830 
1630 950 1070 
1631 850 830 
1632 190 214 
1633 475 535 
1634 570 642 
1635 855 963 
1636 950 1070 
1637 340 332 
1638 285 321 
1639 570 642 
1640 950 1070 
1641 855 963 
1642 855 963 
1643 680 664 
1644 170 166 
1645 170 166 
1646 475 535 
1647 680 664 
1648 190 214 
1649 170 166 
1650 285 321 
1651 850 830 
1652 380 428 
1653 510 498 
1654 1360 1328 
1655 510 498 
1656 1360 1328 
1657 1190 1162 
1658 1020 996 
1659 850 830 
1660 1530 1494 
1661 1700 1660 
1662 1190 1162 
1663 1360 1328 
1664 285 321 
1665 665 749 
1666 760 856 
1667 570 642 
1668 1020 996 
1669 850 830 
1670 1360 1328 
1671 855 963 
1672 510 498 
1673 950 1070 
1674 1190 1162 
1675 510 498 
1676 665 749 
1677 1530 1494 
1678 950 1070 
1679 1700 1660 
1680 1190 1162 
1681 1190 1162 
1682 190 214 
1683 1530 1494 
1684 510 498 
1685 340 332 
1686 380 428 
1687 1020 996 
1688 1190 1162 
1689 665 749 
1690 760 856 
1691 1700 1660 
1692 1020 996 
1693 1530 1494 
1694 1190 1162 
1695 95 107 
1696 285 321 
1697 1530 1494 
1698 190 214 
1699 1190 1162 
1700 285 321 
1701 665 749 
1702 1020 996 
1703 950 1070 
1704 190 214 
1705 665 749 
1706 475 535 
1707 950 1070 
1708 475 535 
1709 1700 1660 
1710 855 963 
1711 850 830 
1712 570 642 
1713 855 963 
1714 760 856 
1715 1190 1162 
1716 760 856 
1717 285 321 
1718 1700 1660 
1719 950 1070 
1720 380 428 
1721 570 642 
1722 380 428 
1723 850 830 
1724 170 166 
1725 475 535 
1726 1190 1162 
1727 1530 1494 
1728 340 332 
1729 510 498 
1730 380 428 
1731 855 963 
1732 170 166 
1733 680 664 
1734 190 214 
1735 1360 1328 
1736 285 321 
1737 1700 1660 
1738 510 498 
1739 1020 996 
1740 1530 1494 
1741 285 321 
1742 665 749 
1743 570 642 
1744 170 166 
1745 95 107 
1746 380 428 
1747 680 664 
1748 95 107 
1749 680 664 
1750 190 214 
1751 855 963 
1752 95 107 
1753 190 214 
1754 1360 1328 
1755 170 166 
1756 1530 1494 
1757 1020 996 
1758 1190 1162 
1759 285 321 
1760 380 428 
1761 1360 1328 
1762 340 332 
1763 950 1070 
1764 1700 1660 
1765 850 830 
1766 510 498 
1767 855 963 
1768 510 498 
1769 340 332 
1770 1360 1328 
1771 510 498 
1772 1700 1660 
1773 510 498 
1774 340 332 
1775 1190 1162 
1776 1020 996 
1777 340 332 
1778 1190 1162 
1779 1530 1494 
1780 380 428 
1781 680 664 
1782 1190 1162 
1783 340 332 
1784 170 166 
1785 190 214 
1786 680 664 
1787 1190 1162 
1788 680 664 
1789 1360 1328 
1790 170 166 
1791 475 535 
1792 570 642 
1793 1020 996 
1794 1700 1660 
1795 665 749 
1796 510 498 
1797 475 535 
1798 340 332 
1799 1700 1660 
1800 950 1070 
1801 760 856 
1802 1360 1328 
1803 1530 1494 
1804 950 1070 
1805 285 321 
1806 380 428 
1807 170 166 
1808 855 963 
1809 285 321 
1810 855 963 
1811 1530 1494 
1812 285 321 
1813 950 1070 
1814 1360 1328 
1815 510 498 
1816 170 166 
1817 380 428 
1818 285 321 
1819 1190 1162 
1820 340 332 
1821 475 535 
1822 475 535 
1823 190 214 
1824 855 963 
1825 680 664 
1826 680 664 
1827 170 166 
1828 1190 1162 
1829 950 1070 
1830 475 535 
1831 170 166 
1832 1020 996 
1833 510 498 
1834 1190 1162 
1835 170 166 
1836 950 1070 
1837 1530 1494 
1838 680 664 
1839 1190 1162 
1840 1700 1660 
1841 680 664 
1842 475 535 
1843 950 1070 
1844 510 498 
1845 1530 1494 
1846 510 498 
1847 1700 1660 
1848 510 498 
1849 1190 1162 
1850 285 321 
1851 950 1070 
1852 1700 1660 
1853 1020 996 
1854 190 214 
1855 170 166 
1856 1360 1328 
1857 680 664 
1858 855 963 
1859 1530 1494 
1860 380 428 
1861 760 856 
1862 170 166 
1863 1190 1162 
1864 1190 1162 
1865 190 214 
1866 95 107 
1867 950 1070 
1868 1020 996 
1869 850 830 
1870 190 214 
1871 1530 1494 
1872 855 963 
1873 665 749 
1874 1020 996 
1875 855 963 
1876 760 856 
1877 850 830 
1878 285 321 
1879 170 166 
1880 1360 1328 
1881 1360 1328 
1882 510 498 
1883 190 214 
1884 1020 996 
1885 1020 996 
1886 340 332 
1887 760 856 
1888 170 166 
1889 1360 1328 
1890 475 535 
1891 1020 996 
1892 680 664 
1893 1190 1162 
1894 760 856 
1895 1700 1660 
1896 760 856 
1897 680 664 
1898 1700 1660 
1899 475 535 
1900 680 664 
1901 850 830 
1902 190 214 
1903 190 214 
1904 190 214 
1905 285 321 
1906 340 332 
1907 190 214 
1908 1700 1660 
1909 950 1070 
1910 680 664 
1911 285 321 
1912 1020 996 
1913 475 535 
1914 1530 1494 
1915 340 332 
1916 1020 996 
1917 760 856 
1918 95 107 
1919 680 664 
1920 855 963 
1921 95 107 
1922 1530 1494 
1923 1530 1494 
1924 95 107 
1925 285 321 
1926 1700 1660 
1927 1360 1328 
1928 1360 1328 
1929 190 214 
1930 855 963 
1931 510 498 
1932 665 749 
1933 475 535 
1934 190 214 
1935 1020 996 
1936 95 107 
1937 1360 1328 
1938 760 856 
1939 340 332 
1940 570 642 
1941 170 166 
1942 1530 1494 
1943 340 332 
1944 570 642 
1945 680 664 
1946 570 642 
1947 680 664 
1948 850 830 
1949 1360 1328 
1950 475 535 
1951 170 166 
1952 170 166 
1953 680 664 
1954 380 428 
1955 1530 1494 
1956 1530 1494 
1957 950 1070 
1958 1700 1660 
1959 285 321 
1960 1360 1328 
1961 1190 1162 
1962 340 332 
1963 95 107 
1964 285 321 
1965 1190 1162 
1966 190 214 
1967 475 535 
1968 1020 996 
1969 475 535 
1970 1360 1328 
1971 95 107 
1972 340 332 
1973 510 498 
1974 570 642 
1975 510 498 
1976 665 749 
1977 1530 1494 
1978 510 498 
1979 1530 1494 
1980 850 830 
1981 1020 996 
1982 340 332 
1983 665 749 
1984 285 321 
1985 285 321 
1986 665 749 
1987 1190 1162 
1988 760 856 
1989 850 830 
1990 190 214 
1991 285 321 
1992 1700 1660 
1993 1700 1660 
1994 1700 1660 
1995 340 332 
1996 760 856 
1997 950 1070 
1998 760 856 
1999 380 428 
2000 475 535 
2001 1700 1660 
2002 1020 996 
2003 950 1070 
2004 380 428 
2005 665 749 
2006 190 214 
2007 570 642 
2008 285 321 
2009 1190 1162 
2010 760 856 
2011 1530 1494 
2012 1020 996 
2013 1360 1328 
2014 170 166 
2015 665 749 
2016 380 428 
2017 1360 1328 
2018 1700 1660 
2019 1360 1328 
2020 680 664 
2021 285 321 
2022 1190 1162 
2023 190 214 
2024 475 535 
2025 475 535 
2026 340 332 
2027 1700 1660 
2028 1700 1660 
2029 1360 1328 
2030 190 214 
2031 510 498 
2032 190 214 
2033 855 963 
2034 680 664 
2035 1360 1328 
2036 850 830 
2037 1530 1494 
2038 570 642 
2039 1190 1162 
2040 760 856 
2041 665 749 
2042 380 428 
2043 340 332 
2044 1700 1660 
2045 680 664 
2046 1530 1494 
2047 285 321 
2048 170 166 
2049 190 214 
2050 760 856 
2051 950 1070 
2052 190 214 
2053 380 428 
2054 380 428 
2055 1360 1328 
2056 1700 1660 
2057 855 963 
2058 1530 1494 
2059 510 498 
2060 170 166 
2061 680 664 
2062 850 830 
2063 285 321 
2064 475 535 
2065 665 749 
2066 380 428 
2067 190 214 
2068 855 963 
2069 1530 1494 
2070 340 332 
2071 95 107 
2072 1700 1660 
2073 1190 1162 
2074 950 1070 
2075 1530 1494 
2076 380 428 
2077 1360 1328 
2078 1020 996 
2079 1360 1328 
2080 285 321 
2081 510 498 
2082 95 107 
2083 95 107 
2084 1020 996 
2085 1020 996 
2086 510 498 
2087 170 166 
2088 510 498 
2089 190 214 
2090 760 856 
2091 190 214 
2092 1700 1660 
2093 855 963 
2094 855 963 
2095 680 664 
2096 510 498 
2097 95 107 
2098 665 749 
2099 1360 1328 
2100 380 428 
2101 680 664 
2102 1020 996 
2103 1700 1660 
2104 1530 1494 
2105 510 498 
2106 475 535 
2107 1020 996 
2108 475 535 
2109 95 107 
2110 95 107 
2111 340 332 
2112 1020 996 
2113 1360 1328 
2114 1190 1162 
2115 1360 1328 
2116 170 166 
2117 665 749 
2118 760 856 
2119 1530 1494 
2120 665 749 
2121 1360 1328 
2122 475 535 
2123 1700 1660 
2124 680 664 
2125 95 107 
2126 1700 1660 
2127 1360 1328 
2128 855 963 
2129 1530 1494 
2130 510 498 
2131 570 642 
2132 475 535 
2133 95 107 
2134 855 963 
2135 285 321 
2136 1190 1162 
2137 170 166 
2138 380 428 
2139 475 535 
2140 760 856 
2141 285 321 
2142 855 963 
2143 850 830 
2144 1700 1660 
2145 475 535 
2146 1020 996 
2147 1530 1494 
2148 170 166 
2149 475 535 
2150 340 332 
2151 665 749 
2152 95 107 
2153 680 664 
2154 1530 1494 
2155 760 856 
2156 855 963 
2157 510 498 
2158 570 642 
2159 850 830 
2160 170 166 
2161 665 749 
2162 1530 1494 
2163 510 498 
2164 760 856 
2165 760 856 
2166 380 428 
2167 1360 1328 
2168 95 107 
2169 340 332 
2170 1700 1660 
2171 510 498 
2172 1530 1494 
2173 850 830 
2174 340 332 
2175 665 749 
2176 1700 1660 
2177 1360 1328 
2178 850 830 
2179 380 428 
2180 1020 996 
2181 1700 1660 
2182 850 830 
2183 340 332 
2184 950 1070 
2185 170 166 
2186 170 166 
2187 380 428 
2188 285 321 
2189 285 321 
2190 1530 1494 
2191 510 498 
2192 1020 996 
2193 760 856 
2194 1020 996 
2195 1020 996 
2196 850 830 
2197 170 166 
2198 855 963 
2199 1190 1162 
2200 1530 1494 
2201 510 498 
2202 190 214 
2203 855 963 
2204 1190 1162 
2205 340 332 
2206 285 321 
2207 1020 996 
2208 380 428 
2209 760 856 
2210 380 428 
2211 680 664 
2212 950 1070 
2213 170 166 
2214 1190 1162 
2215 1700 1660 
2216 570 642 
2217 95 107 
2218 570 642 
2219 170 166 
2220 190 214 
2221 570 642 
2222 340 332 
2223 760 856 
2224 190 214 
2225 950 1070 
2226 95 107 
2227 570 642 
2228 285 321 
2229 855 963 
2230 1530 1494 
2231 570 642 
2232 850 830 
2233 1700 1660 
2234 1020 996 
2235 95 107 
2236 170 166 
2237 1700 1660 
2238 190 214 
2239 1530 1494 
2240 1020 996 
2241 1700 1660 
2242 190 214 
2243 475 535 
2244 475 535 
2245 170 166 
2246 950 1070 
2247 340 332 
2248 95 107 
2249 1360 1328 
2250 665 749 
2251 1360 1328 
2252 190 214 
2253 665 749 
2254 850 830 
2255 1530 1494 
2256 1020 996 
2257 285 321 
2258 1530 1494 
2259 1700 1660 
2260 1700 1660 
2261 95 107 
2262 1700 1660 
2263 1020 996 
2264 1700 1660 
2265 170 166 
2266 1530 1494 
2267 170 166 
2268 95 107 
2269 950 1070 
2270 680 664 
2271 1360 1328 
2272 1020 996 
2273 340 332 
2274 665 749 
2275 340 332 
2276 850 830 
2277 340 332 
2278 190 214 
2279 950 1070 
2280 850 830 
2281 475 535 
2282 1020 996 
2283 190 214 
2284 570 642 
2285 855 963 
2286 340 332 
2287 340 332 
2288 475 535 
2289 570 642 
2290 950 1070 
2291 1360 1328 
2292 680 664 
2293 665 749 
2294 95 107 
2295 170 166 
2296 95 107 
2297 285 321 
2298 1700 1660 
2299 570 642 
2300 475 535 
2301 1360 1328 
2302 1020 996 
2303 1360 1328 
2304 170 166 
2305 680 664 
2306 665 749 
2307 380 428 
2308 380 428 
2309 950 1070 
2310 665 749 
2311 475 535 
2312 510 498 
2313 1020 996 
2314 1360 1328 
2315 285 321 
2316 380 428 
2317 1190 1162 
2318 475 535 
2319 1700 1660 
2320 570 642 
2321 1360 1328 
2322 170 166 
2323 1360 1328 
2324 570 642 
2325 1020 996 
2326 1360 1328 
2327 680 664 
2328 1360 1328 
2329 285 321 
2330 850 830 
2331 1700 1660 
2332 1020 996 
2333 570 642 
2334 1530 1494 
2335 285 321 
2336 190 214 
2337 285 321 
2338 475 535 
2339 1020 996 
2340 170 166 
2341 190 214 
2342 1190 1162 
2343 475 535 
2344 510 498 
2345 285 321 
2346 380 428 
2347 665 749 
2348 950 1070 
2349 285 321 
2350 760 856 
2351 850 830 
2352 1190 1162 
2353 665 749 
2354 510 498 
2355 475 535 
2356 570 642 
2357 850 830 
2358 1700 1660 
2359 1020 996 
2360 680 664 
2361 850 830 
2362 850 830 
2363 510 498 
2364 510 498 
2365 570 642 
2366 1190 1162 
2367 850 830 
2368 340 332 
2369 170 166 
2370 95 107 
2371 1190 1162 
2372 1530 1494 
2373 850 830 
2374 855 963 
2375 170 166 
2376 285 321 
2377 475 535 
2378 850 830 
2379 665 749 
2380 665 749 
2381 1190 1162 
2382 340 332 
2383 665 749 
2384 1190 1162 
2385 850 830 
2386 850 830 
2387 475 535 
2388 1700 1660 
2389 190 214 
2390 950 1070 
2391 95 107 
2392 1360 1328 
2393 285 321 
2394 950 1070 
2395 680 664 
2396 950 1070 
2397 950 1070 
2398 665 749 
2399 510 498 
2400 1530 1494 
2401 1020 996 
2402 380 428 
2403 760 856 
2404 570 642 
2405 570 642 
2406 510 498 
2407 855 963 
2408 1020 996 
2409 850 830 
2410 380 428 
2411 950 1070 
2412 665 749 
2413 510 498 
2414 665 749 
2415 475 535 
2416 170 166 
2417 1530 1494 
2418 380 428 
2419 855 963 
2420 1700 1660 
2421 680 664 
2422 190 214 
2423 760 856 
2424 285 321 
2425 170 166 
2426 1360 1328 
2427 170 166 
2428 665 749 
2429 950 1070 
2430 95 107 
2431 850 830 
2432 340 332 
2433 510 498 
2434 950 1070 
2435 570 642 
2436 950 1070 
2437 855 963 
2438 285 321 
2439 170 166 
2440 1190 1162 
2441 170 166 
2442 190 214 
2443 475 535 
2444 570 642 
2445 1020 996 
2446 850 830 
2447 1530 1494 
2448 170 166 
2449 1700 1660 
2450 950 1070 
2451 855 963 
2452 95 107 
2453 285 321 
2454 1020 996 
2455 1360 1328 
2456 285 321 
2457 340 332 
2458 95 107 
2459 1190 1162 
2460 1360 1328 
2461 1530 1494 
2462 1190 1162 
2463 680 664 
2464 1360 1328 
2465 855 963 
2466 475 535 
2467 680 664 
2468 680 664 
2469 680 664 
2470 1360 1328 
2471 850 830 
2472 1360 1328 
2473 1530 1494 
2474 665 749 
2475 95 107 
2476 95 107 
2477 1360 1328 
2478 1020 996 
2479 1020 996 
2480 680 664 
2481 855 963 
2482 1700 1660 
2483 760 856 
2484 95 107 
2485 1190 1162 
2486 855 963 
2487 850 830 
2488 285 321 
2489 665 749 
2490 475 535 
2491 380 428 
2492 475 535 
2493 380 428 
2494 855 963 
2495 95 107 
2496 95 107 
2497 1020 996 
2498 760 856 
2499 1190 1162 
2500 510 498 
2501 950 1070 
2502 570 642 
2503 95 107 
2504 190 214 
2505 1020 996 
2506 190 214 
2507 850 830 
2508 510 498 
2509 190 214 
2510 190 214 
2511 855 963 
2512 285 321 
2513 95 107 
2514 570 642 
2515 340 332 
2516 1360 1328 
2517 190 214 
2518 285 321 
2519 510 498 
2520 570 642 
2521 760 856 
2522 285 321 
2523 475 535 
2524 760 856 
2525 95 107 
2526 285 321 
2527 340 332 
2528 570 642 
2529 760 856 
2530 95 107 
2531 1020 996 
2532 95 107 
2533 760 856 
2534 570 642 
2535 665 749 
2536 1020 996 
2537 1360 1328 
2538 340 332 
2539 340 332 
2540 510 498 
2541 1530 1494 
2542 760 856 
2543 1360 1328 
2544 1190 1162 
2545 850 830 
2546 760 856 
2547 340 332 
2548 850 830 
2549 380 428 
2550 1020 996 
2551 1700 1660 
2552 1020 996 
2553 855 963 
2554 285 321 
2555 1020 996 
2556 170 166 
2557 340 332 
2558 1020 996 
2559 1700 1660 
2560 1700 1660 
2561 1700 1660 
2562 170 166 
2563 760 856 
2564 95 107 
2565 1360 1328 
2566 1020 996 
2567 170 166 
2568 1190 1162 
2569 170 166 
2570 1530 1494 
2571 570 642 
2572 850 830 
2573 855 963 
2574 760 856 
2575 855 963 
2576 760 856 
2577 1190 1162 
2578 1020 996 
2579 1190 1162 
2580 950 1070 
2581 285 321 
2582 680 664 
2583 340 332 
2584 680 664 
2585 285 321 
2586 570 642 
2587 680 664 
2588 855 963 
2589 850 830 
2590 1020 996 
2591 1020 996 
2592 380 428 
2593 380 428 
2594 1020 996 
2595 285 321 
2596 1020 996 
2597 380 428 
2598 570 642 
2599 95 107 
2600 340 332 
2601 570 642 
2602 475 535 
2603 285 321 
2604 680 664 
2605 760 856 
2606 680 664 
2607 570 642 
2608 1700 1660 
2609 1530 1494 
2610 680 664 
2611 190 214 
2612 665 749 
2613 340 332 
2614 850 830 
2615 570 642 
2616 1530 1494 
2617 950 1070 
2618 1530 1494 
2619 950 1070 
2620 680 664 
2621 570 642 
2622 1190 1162 
2623 1360 1328 
2624 1360 1328 
2625 1700 1660 
2626 170 166 
2627 380 428 
2628 95 107 
2629 95 107 
2630 1360 1328 
2631 510 498 
2632 95 107 
2633 1020 996 
2634 285 321 
2635 1020 996 
2636 570 642 
2637 855 963 
2638 1020 996 
2639 95 107 
2640 680 664 
2641 170 166 
2642 1190 1162 
2643 855 963 
2644 170 166 
2645 1530 1494 
2646 95 107 
2647 1530 1494 
2648 190 214 
2649 380 428 
2650 855 963 
2651 475 535 
2652 1190 1162 
2653 855 963 
2654 1190 1162 
2655 760 856 
2656 380 428 
2657 855 963 
2658 475 535 
2659 1530 1494 
2660 1360 1328 
2661 380 428 
2662 475 535 
2663 510 498 
2664 510 498 
2665 1530 1494 
2666 1530 1494 
2667 665 749 
2668 190 214 
2669 1190 1162 
2670 950 1070 
2671 190 214 
2672 760 856 
2673 1190 1162 
2674 855 963 
2675 1360 1328 
2676 950 1070 
2677 510 498 
2678 950 1070 
2679 285 321 
2680 850 830 
2681 665 749 
2682 510 498 
2683 380 428 
2684 760 856 
2685 95 107 
2686 1360 1328 
2687 340 332 
2688 380 428 
2689 340 332 
2690 570 642 
2691 1190 1162 
2692 850 830 
2693 1700 1660 
2694 285 321 
2695 760 856 
2696 1700 1660 
2697 855 963 
2698 1360 1328 
2699 170 166 
2700 380 428 
2701 950 1070 
2702 680 664 
2703 170 166 
2704 950 1070 
2705 855 963 
2706 1190 1162 
2707 475 535 
2708 1700 1660 
2709 285 321 
2710 1190 1162 
2711 510 498 
2712 190 214 
2713 510 498 
2714 510 498 
2715 760 856 
2716 170 166 
2717 1190 1162 
2718 95 107 
2719 1360 1328 
2720 285 321 
2721 170 166 
2722 170 166 
2723 1700 1660 
2724 380 428 
2725 1190 1162 
2726 170 166 
2727 380 428 
2728 285 321 
2729 1530 1494 
2730 170 166 
2731 680 664 
2732 1700 1660 
2733 1190 1162 
2734 665 749 
2735 1360 1328 
2736 950 1070 
2737 855 963 
2738 760 856 
2739 680 664 
2740 1360 1328 
2741 285 321 
2742 680 664 
2743 1700 1660 
2744 1020 996 
2745 190 214 
2746 570 642 
2747 760 856 
2748 760 856 
2749 850 830 
2750 340 332 
2751 1530 1494 
2752 1530 1494 
2753 190 214 
2754 855 963 
2755 665 749 
2756 1360 1328 
2757 855 963 
2758 665 749 
2759 380 428 
2760 170 166 
2761 1530 1494 
2762 380 428 
2763 1530 1494 
2764 1190 1162 
2765 95 107 
2766 855 963 
2767 1190 1162 
2768 285 321 
2769 1360 1328 
2770 1020 996 
2771 570 642 
2772 570 642 
2773 570 642 
2774 850 830 
2775 760 856 
2776 950 1070 
2777 190 214 
2778 1530 1494 
2779 855 963 
2780 510 498 
2781 170 166 
2782 95 107 
2783 340 332 
2784 380 428 
2785 760 856 
2786 475 535 
2787 760 856 
2788 855 963 
2789 170 166 
2790 285 321 
2791 950 1070 
2792 760 856 
2793 760 856 
2794 950 1070 
2795 190 214 
2796 855 963 
2797 570 642 
2798 340 332 
2799 1530 1494 
2800 680 664 
2801 340 332 
2802 680 664 
2803 1020 996 
2804 1700 1660 
2805 1530 1494 
2806 475 535 
2807 570 642 
2808 510 498 
2809 475 535 
2810 1530 1494 
2811 950 1070 
2812 665 749 
2813 1190 1162 
2814 1020 996 
2815 665 749 
2816 95 107 
2817 665 749 
2818 570 642 
2819 1020 996 
2820 855 963 
2821 1360 1328 
2822 340 332 
2823 850 830 
2824 855 963 
2825 570 642 
2826 510 498 
2827 680 664 
2828 950 1070 
2829 190 214 
2830 1020 996 
2831 1530 1494 
2832 1700 1660 
2833 170 166 
2834 1530 1494 
2835 855 963 
2836 570 642 
2837 680 664 
2838 855 963 
2839 190 214 
2840 340 332 
2841 510 498 
2842 475 535 
2843 170 166 
2844 1190 1162 
2845 665 749 
2846 855 963 
2847 510 498 
2848 285 321 
2849 190 214 
2850 665 749 
2851 850 830 
2852 665 749 
2853 680 664 
2854 680 664 
2855 510 498 
2856 1530 1494 
2857 95 107 
2858 1530 1494 
2859 380 428 
2860 1360 1328 
2861 1700 1660 
2862 850 830 
2863 285 321 
2864 1190 1162 
2865 570 642 
2866 340 332 
2867 680 664 
2868 665 749 
2869 510 498 
2870 1530 1494 
2871 190 214 
2872 1530 1494 
2873 570 642 
2874 380 428 
2875 1530 1494 
2876 665 749 
2877 170 166 
2878 950 1070 
2879 170 166 
2880 510 498 
2881 760 856 
2882 475 535 
2883 760 856 
2884 665 749 
2885 665 749 
2886 285 321 
2887 170 166 
2888 665 749 
2889 380 428 
2890 475 535 
2891 855 963 
2892 340 332 
2893 170 166 
2894 190 214 
2895 380 428 
2896 1360 1328 
2897 760 856 
2898 680 664 
2899 1700 1660 
2900 475 535 
2901 95 107 
2902 1700 1660 
2903 850 830 
2904 855 963 
2905 570 642 
2906 570 642 
2907 380 428 
2908 1190 1162 
2909 1360 1328 
2910 570 642 
2911 1530 1494 
2912 95 107 
2913 1360 1328 
2914 1700 1660 
2915 1700 1660 
2916 510 498 
2917 95 107 
2918 170 166 
2919 760 856 
2920 475 535 
2921 760 856 
2922 380 428 
2923 1700 1660 
2924 665 749 
2925 510 498 
2926 475 535 
2927 1190 1162 
2928 380 428 
2929 475 535 
2930 680 664 
2931 475 535 
2932 950 1070 
2933 95 107 
2934 1020 996 
2935 850 830 
2936 850 830 
2937 680 664 
2938 680 664 
2939 665 749 
2940 95 107 
2941 510 498 
2942 475 535 
2943 570 642 
2944 680 664 
2945 850 830 
2946 95 107 
2947 950 1070 
2948 190 214 
2949 190 214 
2950 1020 996 
2951 380 428 
2952 760 856 
2953 475 535 
2954 380 428 
2955 1020 996 
2956 380 428 
2957 570 642 
2958 680 664 
2959 380 428 
2960 850 830 
2961 1190 1162 
2962 1530 1494 
2963 380 428 
2964 95 107 
2965 95 107 
2966 855 963 
2967 510 498 
2968 510 498 
2969 340 332 
2970 850 830 
2971 1020 996 
2972 1190 1162 
2973 1360 1328 
2974 850 830 
2975 340 332 
2976 170 166 
2977 570 642 
2978 170 166 
2979 170 166 
2980 680 664 
2981 380 428 
2982 190 214 
2983 665 749 
2984 1530 1494 
2985 665 749 
2986 1190 1162 
2987 340 332 
2988 170 166 
2989 475 535 
2990 285 321 
2991 190 214 
2992 1020 996 
2993 570 642 
2994 850 830 
2995 1360 1328 
2996 760 856 
2997 680 664 
2998 760 856 
2999 475 535 
3000 380 428 
3001 1700 1660 
3002 510 498 
3003 1360 1328 
3004 760 856 
3005 855 963 
3006 1530 1494 
3007 665 749 
3008 380 428 
3009 340 332 
3010 380 428 
3011 475 535 
3012 95 107 
3013 340 332 
3014 475 535 
3015 510 498 
3016 760 856 
3017 1530 1494 
3018 1190 1162 
3019 1190 1162 
3020 665 749 
3021 475 535 
3022 1700 1660 
3023 850 830 
3024 1020 996 
3025 855 963 
3026 475 535 
3027 680 664 
3028 475 535 
3029 380 428 
3030 170 166 
3031 475 535 
3032 1530 1494 
3033 1190 1162 
3034 1020 996 
3035 510 498 
3036 380 428 
3037 285 321 
3038 950 1070 
3039 665 749 
3040 1700 1660 
3041 380 428 
3042 1530 1494 
3043 570 642 
3044 570 642 
3045 855 963 
3046 340 332 
3047 380 428 
3048 760 856 
3049 850 830 
3050 950 1070 
3051 570 642 
3052 855 963 
3053 1190 1162 
3054 95 107 
3055 510 498 
3056 855 963 
3057 475 535 
3058 680 664 
3059 1360 1328 
3060 665 749 
3061 1530 1494 
3062 190 214 
3063 855 963 
3064 380 428 
3065 680 664 
3066 285 321 
3067 1530 1494 
3068 1360 1328 
3069 475 535 
3070 1700 1660 
3071 760 856 
3072 760 856 
3073 1530 1494 
3074 570 642 
3075 850 830 
3076 285 321 
3077 1360 1328 
3078 95 107 
3079 950 1070 
3080 190 214 
3081 190 214 
3082 190 214 
3083 170 166 
3084 510 498 
3085 665 749 
3086 285 321 
3087 380 428 
3088 1360 1328 
3089 1700 1660 
3090 760 856 
3091 1190 1162 
3092 380 428 
3093 95 107 
3094 285 321 
3095 1530 1494 
3096 190 214 
3097 285 321 
3098 1360 1328 
3099 850 830 
3100 760 856 
3101 340 332 
3102 760 856 
3103 380 428 
3104 855 963 
3105 1190 1162 
3106 1700 1660 
3107 380 428 
3108 570 642 
3109 190 214 
3110 950 1070 
3111 285 321 
3112 680 664 
3113 1360 1328 
3114 1360 1328 
3115 340 332 
3116 665 749 
3117 850 830 
3118 190 214 
3119 1700 1660 
3120 340 332 
3121 1360 1328 
3122 340 332 
3123 510 498 
3124 1360 1328 
3125 1360 1328 
3126 1700 1660 
3127 570 642 
3128 1700 1660 
3129 380 428 
3130 760 856 
3131 170 166 
3132 680 664 
3133 680 664 
3134 380 428 
3135 1020 996 
3136 1530 1494 
3137 855 963 
3138 1190 1162 
3139 665 749 
3140 95 107 
3141 1360 1328 
3142 510 498 
3143 170 166 
3144 285 321 
3145 850 830 
3146 680 664 
3147 1360 1328 
3148 510 498 
3149 1190 1162 
3150 760 856 
3151 510 498 
3152 1700 1660 
3153 190 214 
3154 190 214 
3155 1530 1494 
3156 190 214 
3157 1700 1660 
3158 1530 1494 
3159 190 214 
3160 570 642 
3161 1360 1328 
3162 1700 1660 
3163 1530 1494 
3164 1530 1494 
3165 170 166 
3166 680 664 
3167 95 107 
3168 1190 1162 
3169 285 321 
3170 95 107 
3171 95 107 
3172 855 963 
3173 95 107 
3174 1700 1660 
3175 340 332 
3176 380 428 
3177 570 642 
3178 850 830 
3179 1190 1162 
3180 510 498 
3181 475 535 
3182 760 856 
3183 855 963 
3184 340 332 
3185 570 642 
3186 1530 1494 
3187 1020 996 
3188 340 332 
3189 380 428 
3190 1360 1328 
3191 950 1070 
3192 855 963 
3193 475 535 
3194 340 332 
3195 190 214 
3196 285 321 
3197 380 428 
3198 1360 1328 
3199 380 428 
3200 1190 1162 
3201 170 166 
3202 850 830 
3203 340 332 
3204 680 664 
3205 855 963 
3206 680 664 
3207 170 166 
3208 1530 1494 
3209 1530 1494 
3210 1700 1660 
3211 475 535 
3212 950 1070 
3213 1190 1162 
3214 1530 1494 
3215 570 642 
3216 380 428 
3217 1020 996 
3218 665 749 
3219 510 498 
3220 1360 1328 
3221 665 749 
3222 1700 1660 
3223 1360 1328 
3224 950 1070 
3225 850 830 
3226 1190 1162 
3227 475 535 
3228 340 332 
3229 1020 996 
3230 1530 1494 
3231 760 856 
3232 380 428 
3233 380 428 
3234 510 498 
3235 1530 1494 
3236 1360 1328 
3237 855 963 
3238 285 321 
3239 475 535 
3240 665 749 
3241 510 498 
3242 760 856 
3243 760 856 
3244 680 664 
3245 1360 1328 
3246 170 166 
3247 570 642 
3248 190 214 
3249 570 642 
3250 190 214 
3251 475 535 
3252 855 963 
3253 380 428 
3254 510 498 
3255 1700 1660 
3256 1530 1494 
3257 855 963 
3258 170 166 
3259 1700 1660 
3260 1020 996 
3261 475 535 
3262 95 107 
3263 850 830 
3264 850 830 
3265 510 498 
3266 475 535 
3267 1360 1328 
3268 340 332 
3269 1700 1660 
3270 475 535 
3271 760 856 
3272 1530 1494 
3273 1530 1494 
3274 1700 1660 
3275 510 498 
3276 190 214 
3277 380 428 
3278 95 107 
3279 855 963 
3280 285 321 
3281 380 428 
3282 170 166 
3283 380 428 
3284 510 498 
3285 1530 1494 
3286 285 321 
3287 1530 1494 
3288 475 535 
3289 760 856 
3290 950 1070 
3291 850 830 
3292 665 749 
3293 95 107 
3294 760 856 
3295 285 321 
3296 680 664 
3297 190 214 
3298 1360 1328 
3299 1360 1328 
3300 680 664 
3301 1020 996 
3302 1700 1660 
3303 855 963 
3304 340 332 
3305 850 830 
3306 855 963 
3307 1020 996 
3308 1700 1660 
3309 380 428 
3310 1530 1494 
3311 510 498 
3312 475 535 
3313 1360 1328 
3314 950 1070 
3315 1700 1660 
3316 950 1070 
3317 760 856 
3318 170 166 
3319 95 107 
3320 475 535 
3321 680 664 
3322 1020 996 
3323 665 749 
3324 950 1070 
3325 285 321 
3326 1700 1660 
3327 1360 1328 
3328 1190 1162 
3329 855 963 
3330 1530 1494 
3331 1530 1494 
3332 950 1070 
3333 1530 1494 
3334 850 830 
3335 1020 996 
3336 950 1070 
3337 1190 1162 
3338 285 321 
3339 855 963 
3340 570 642 
3341 170 166 
3342 850 830 
3343 665 749 
3344 1700 1660 
3345 1020 996 
3346 950 1070 
3347 680 664 
3348 475 535 
3349 570 642 
3350 95 107 
3351 855 963 
3352 760 856 
3353 850 830 
3354 665 749 
3355 190 214 
3356 1020 996 
3357 760 856 
3358 665 749 
3359 1700 1660 
3360 950 1070 
3361 170 166 
3362 190 214 
3363 570 642 
3364 665 749 
3365 665 749 
3366 680 664 
3367 475 535 
3368 1700 1660 
3369 170 166 
3370 510 498 
3371 1190 1162 
3372 510 498 
3373 510 498 
3374 380 428 
3375 1190 1162 
3376 850 830 
3377 665 749 
3378 1190 1162 
3379 760 856 
3380 680 664 
3381 850 830 
3382 1020 996 
3383 760 856 
3384 1020 996 
3385 1700 1660 
3386 1020 996 
3387 570 642 
3388 850 830 
3389 680 664 
3390 680 664 
3391 340 332 
3392 95 107 
3393 380 428 
3394 665 749 
3395 570 642 
3396 1530 1494 
3397 1360 1328 
3398 950 1070 
3399 475 535 
3400 510 498 
3401 380 428 
3402 950 1070 
3403 855 963 
3404 475 535 
3405 380 428 
3406 570 642 
3407 1700 1660 
3408 285 321 
3409 190 214 
3410 95 107 
3411 1700 1660 
3412 170 166 
3413 190 214 
3414 170 166 
3415 190 214 
3416 680 664 
3417 170 166 
3418 170 166 
3419 380 428 
3420 285 321 
3421 190 214 
3422 95 107 
3423 380 428 
3424 1360 1328 
3425 1700 1660 
3426 95 107 
3427 570 642 
3428 1360 1328 
3429 760 856 
3430 570 642 
3431 190 214 
3432 510 498 
3433 95 107 
3434 950 1070 
3435 1700 1660 
3436 340 332 
3437 855 963 
3438 190 214 
3439 680 664 
3440 1530 1494 
3441 760 856 
3442 665 749 
3443 855 963 
3444 570 642 
3445 680 664 
3446 950 1070 
3447 1360 1328 
3448 665 749 
3449 1530 1494 
3450 170 166 
3451 190 214 
3452 570 642 
3453 170 166 
3454 760 856 
3455 1530 1494 
3456 95 107 
3457 380 428 
3458 1700 1660 
3459 510 498 
3460 475 535 
3461 1360 1328 
3462 340 332 
3463 510 498 
3464 850 830 
3465 1700 1660 
3466 1530 1494 
3467 285 321 
3468 950 1070 
3469 170 166 
3470 510 498 
3471 950 1070 
3472 1360 1328 
3473 950 1070 
3474 1190 1162 
3475 1190 1162 
3476 570 642 
3477 170 166 
3478 855 963 
3479 170 166 
3480 170 166 
3481 1700 1660 
3482 170 166 
3483 510 498 
3484 380 428 
3485 1530 1494 
3486 95 107 
3487 475 535 
3488 380 428 
3489 1530 1494 
3490 1360 1328 
3491 1360 1328 
3492 190 214 
3493 190 214 
3494 190 214 
3495 340 332 
3496 1530 1494 
3497 855 963 
3498 1360 1328 
3499 170 166 
3500 1020 996 
3501 680 664 
3502 1020 996 
3503 1700 1660 
3504 340 332 
3505 475 535 
3506 340 332 
3507 95 107 
3508 1530 1494 
3509 1700 1660 
3510 665 749 
3511 95 107 
3512 855 963 
3513 950 1070 
3514 950 1070 
3515 285 321 
3516 680 664 
3517 1190 1162 
3518 760 856 
3519 855 963 
3520 475 535 
3521 665 749 
3522 950 1070 
3523 380 428 
3524 510 498 
3525 95 107 
3526 475 535 
3527 1190 1162 
3528 950 1070 
3529 1020 996 
3530 510 498 
3531 1190 1162 
3532 950 1070 
3533 475 535 
3534 190 214 
3535 1190 1162 
3536 665 749 
3537 1530 1494 
3538 1700 1660 
3539 1700 1660 
3540 1190 1162 
3541 850 830 
3542 1700 1660 
3543 680 664 
3544 170 166 
3545 760 856 
3546 170 166 
3547 1530 1494 
3548 1360 1328 
3549 510 498 
3550 475 535 
3551 665 749 
3552 950 1070 
3553 570 642 
3554 1360 1328 
3555 170 166 
3556 340 332 
3557 1020 996 
3558 850 830 
3559 570 642 
3560 1190 1162 
3561 570 642 
3562 285 321 
3563 570 642 
3564 950 1070 
3565 285 321 
3566 510 498 
3567 570 642 
3568 1700 1660 
3569 1530 1494 
3570 950 1070 
3571 1530 1494 
3572 665 749 
3573 285 321 
3574 1360 1328 
3575 380 428 
3576 380 428 
3577 1700 1660 
3578 570 642 
3579 510 498 
3580 340 332 
3581 665 749 
3582 1700 1660 
3583 1530 1494 
3584 1190 1162 
3585 1190 1162 
3586 170 166 
3587 665 749 
3588 190 214 
3589 1530 1494 
3590 1360 1328 
3591 510 498 
3592 1190 1162 
3593 680 664 
3594 855 963 
3595 855 963 
3596 510 498 
3597 1020 996 
3598 760 856 
3599 850 830 
3600 1360 1328 
3601 855 963 
3602 95 107 
3603 570 642 
3604 855 963 
3605 850 830 
3606 285 321 
3607 170 166 
3608 950 1070 
3609 855 963 
3610 1020 996 
3611 190 214 
3612 855 963 
3613 170 166 
3614 380 428 
3615 475 535 
3616 380 428 
3617 380 428 
3618 1190 1162 
3619 510 498 
3620 570 642 
3621 510 498 
3622 760 856 
3623 340 332 
3624 1530 1494 
3625 1360 1328 
3626 665 749 
3627 1700 1660 
3628 285 321 
3629 190 214 
3630 1190 1162 
3631 680 664 
3632 1020 996 
3633 1530 1494 
3634 850 830 
3635 855 963 
3636 1190 1162 
3637 510 498 
3638 1530 1494 
3639 1360 1328 
3640 1530 1494 
3641 680 664 
3642 680 664 
3643 95 107 
3644 855 963 
3645 1530 1494 
3646 1190 1162 
3647 1530 1494 
3648 380 428 
3649 1190 1162 
3650 510 498 
3651 285 321 
3652 1530 1494 
3653 950 1070 
3654 850 830 
3655 950 1070 
3656 1530 1494 
3657 1020 996 
3658 190 214 
3659 1020 996 
3660 680 664 
3661 680 664 
3662 1020 996 
3663 850 830 
3664 285 321 
3665 950 1070 
3666 475 535 
3667 850 830 
3668 340 332 
3669 285 321 
3670 1360 1328 
3671 680 664 
3672 1190 1162 
3673 855 963 
3674 510 498 
3675 475 535 
3676 475 535 
3677 855 963 
3678 855 963 
3679 1530 1494 
3680 510 498 
3681 285 321 
3682 680 664 
3683 850 830 
3684 1530 1494 
3685 380 428 
3686 1530 1494 
3687 1190 1162 
3688 850 830 
3689 855 963 
3690 170 166 
3691 475 535 
3692 170 166 
3693 855 963 
3694 285 321 
3695 760 856 
3696 95 107 
3697 1360 1328 
3698 950 1070 
3699 1530 1494 
3700 680 664 
3701 1020 996 
3702 380 428 
3703 850 830 
3704 510 498 
3705 380 428 
3706 1360 1328 
3707 285 321 
3708 665 749 
3709 570 642 
3710 850 830 
3711 1190 1162 
3712 510 498 
3713 285 321 
3714 950 1070 
3715 950 1070 
3716 850 830 
3717 285 321 
3718 855 963 
3719 340 332 
3720 190 214 
3721 380 428 
3722 95 107 
3723 1360 1328 
3724 380 428 
3725 665 749 
3726 380 428 
3727 855 963 
3728 1190 1162 
3729 1360 1328 
3730 170 166 
3731 1700 1660 
3732 850 830 
3733 1530 1494 
3734 950 1070 
3735 340 332 
3736 950 1070 
3737 850 830 
3738 665 749 
3739 1700 1660 
3740 475 535 
3741 850 830 
3742 850 830 
3743 475 535 
3744 1190 1162 
3745 170 166 
3746 680 664 
3747 1700 1660 
3748 1700 1660 
3749 1190 1162 
3750 475 535 
3751 170 166 
3752 570 642 
3753 95 107 
3754 850 830 
3755 285 321 
3756 95 107 
3757 665 749 
3758 340 332 
3759 950 1070 
3760 190 214 
3761 950 1070 
3762 285 321 
3763 510 498 
3764 760 856 
3765 760 856 
3766 340 332 
3767 1020 996 
3768 850 830 
3769 1190 1162 
3770 1530 1494 
3771 665 749 
3772 570 642 
3773 190 214 
3774 475 535 
3775 850 830 
3776 380 428 
3777 1530 1494 
3778 850 830 
3779 1360 1328 
3780 190 214 
3781 380 428 
3782 855 963 
3783 570 642 
3784 665 749 
3785 340 332 
3786 950 1070 
3787 170 166 
3788 510 498 
3789 1020 996 
3790 170 166 
3791 1020 996 
3792 340 332 
3793 950 1070 
3794 855 963 
3795 1190 1162 
3796 285 321 
3797 1530 1494 
3798 380 428 
3799 95 107 
3800 680 664 
3801 170 166 
3802 475 535 
3803 665 749 
3804 1360 1328 
3805 1190 1162 
3806 1190 1162 
3807 95 107 
3808 680 664 
3809 570 642 
3810 570 642 
3811 285 321 
3812 510 498 
3813 95 107 
3814 380 428 
3815 570 642 
3816 95 107 
3817 170 166 
3818 665 749 
3819 1360 1328 
3820 190 214 
3821 680 664 
3822 95 107 
3823 760 856 
3824 1360 1328 
3825 855 963 
3826 1530 1494 
3827 1190 1162 
3828 570 642 
3829 1190 1162 
3830 475 535 
3831 340 332 
3832 1530 1494 
3833 170 166 
3834 1360 1328 
3835 665 749 
3836 850 830 
3837 190 214 
3838 850 830 
3839 475 535 
3840 1020 996 
3841 1700 1660 
3842 950 1070 
3843 190 214 
3844 190 214 
3845 170 166 
3846 855 963 
3847 285 321 
3848 1530 1494 
3849 285 321 
3850 380 428 
3851 1020 996 
3852 380 428 
3853 285 321 
3854 340 332 
3855 950 1070 
3856 95 107 
3857 380 428 
3858 570 642 
3859 1190 1162 
3860 285 321 
3861 285 321 
3862 1020 996 
3863 475 535 
3864 285 321 
3865 1530 1494 
3866 510 498 
3867 665 749 
3868 1530 1494 
3869 475 535 
3870 850 830 
3871 340 332 
3872 475 535 
3873 570 642 
3874 1020 996 
3875 855 963 
3876 760 856 
3877 475 535 
3878 680 664 
3879 340 332 
3880 680 664 
3881 510 498 
3882 760 856 
3883 680 664 
3884 1190 1162 
3885 760 856 
3886 570 642 
3887 665 749 
3888 1530 1494 
3889 855 963 
3890 340 332 
3891 510 498 
3892 95 107 
3893 340 332 
3894 510 498 
3895 1530 1494 
3896 1700 1660 
3897 190 214 
3898 340 332 
3899 1700 1660 
3900 1700 1660 
3901 570 642 
3902 475 535 
3903 680 664 
3904 570 642 
3905 850 830 
3906 665 749 
3907 680 664 
3908 855 963 
3909 510 498 
3910 380 428 
3911 760 856 
3912 1530 1494 
3913 95 107 
3914 340 332 
3915 95 107 
3916 1020 996 
3917 760 856 
3918 1020 996 
3919 190 214 
3920 95 107 
3921 1700 1660 
3922 95 107 
3923 1360 1328 
3924 760 856 
3925 1700 1660 
3926 475 535 
3927 680 664 
3928 680 664 
3929 760 856 
3930 680 664 
3931 1360 1328 
3932 1190 1162 
3933 1020 996 
3934 1360 1328 
3935 570 642 
3936 190 214 
3937 1700 1660 
3938 285 321 
3939 1700 1660 
3940 475 535 
3941 170 166 
3942 850 830 
3943 665 749 
3944 950 1070 
3945 1190 1162 
3946 380 428 
3947 570 642 
3948 1530 1494 
3949 855 963 
3950 380 428 
3951 1530 1494 
3952 760 856 
3953 340 332 
3954 510 498 
3955 760 856 
3956 1360 1328 
3957 285 321 
3958 340 332 
3959 95 107 
3960 665 749 
3961 1190 1162 
3962 1360 1328 
3963 190 214 
3964 855 963 
3965 855 963 
3966 380 428 
3967 570 642 
3968 170 166 
3969 950 1070 
3970 95 107 
3971 1360 1328 
3972 760 856 
3973 510 498 
3974 475 535 
3975 855 963 
3976 1360 1328 
3977 380 428 
3978 850 830 
3979 1700 1660 
3980 570 642 
3981 340 332 
3982 190 214 
3983 665 749 
3984 760 856 
3985 285 321 
3986 285 321 
3987 380 428 
3988 760 856 
3989 1530 1494 
3990 680 664 
3991 340 332 
3992 510 498 
3993 950 1070 
3994 665 749 
3995 570 642 
3996 475 535 
3997 1700 1660 
3998 1190 1162 
3999 95 107 
4000 475 535 
4001 570 642 
4002 340 332 
4003 170 166 
4004 950 1070 
4005 680 664 
4006 570 642 
4007 680 664 
4008 1360 1328 
4009 1190 1162 
4010 95 107 
4011 570 642 
4012 190 214 
4013 680 664 
4014 950 1070 
4015 190 214 
4016 340 332 
4017 380 428 
4018 680 664 
4019 680 664 
4020 1700 1660 
4021 1020 996 
4022 570 642 
4023 510 498 
4024 190 214 
4025 570 642 
4026 1020 996 
4027 855 963 
4028 475 535 
4029 760 856 
4030 1530 1494 
4031 475 535 
4032 510 498 
4033 855 963 
4034 1360 1328 
4035 760 856 
4036 665 749 
4037 475 535 
4038 170 166 
4039 850 830 
4040 680 664 
4041 1020 996 
4042 380 428 
4043 1190 1162 
4044 170 166 
4045 1190 1162 
4046 760 856 
4047 380 428 
4048 285 321 
4049 855 963 
4050 850 830 
4051 285 321 
4052 760 856 
4053 1700 1660 
4054 570 642 
4055 190 214 
4056 570 642 
4057 475 535 
4058 760 856 
4059 380 428 
4060 855 963 
4061 475 535 
4062 340 332 
4063 680 664 
4064 340 332 
4065 190 214 
4066 190 214 
4067 95 107 
4068 855 963 
4069 1530 1494 
4070 950 1070 
4071 855 963 
4072 285 321 
4073 855 963 
4074 475 535 
4075 510 498 
4076 1530 1494 
4077 475 535 
4078 850 830 
4079 855 963 
4080 665 749 
4081 760 856 
4082 850 830 
4083 850 830 
4084 95 107 
4085 570 642 
4086 190 214 
4087 1190 1162 
4088 1190 1162 
4089 510 498 
4090 855 963 
4091 1020 996 
4092 95 107 
4093 340 332 
4094 510 498 
4095 570 642 
4096 665 749 
4097 950 1070 
4098 190 214 
4099 570 642 
4100 475 535 
4101 510 498 
4102 95 107 
4103 95 107 
4104 1360 1328 
4105 190 214 
4106 855 963 
4107 1020 996 
4108 1190 1162 
4109 665 749 
4110 170 166 
4111 1530 1494 
4112 95 107 
4113 760 856 
4114 170 166 
4115 1190 1162 
4116 285 321 
4117 950 1070 
4118 1700 1660 
4119 1700 1660 
4120 285 321 
4121 665 749 
4122 380 428 
4123 855 963 
4124 1700 1660 
4125 1700 1660 
4126 680 664 
4127 510 498 
4128 510 498 
4129 1530 1494 
4130 380 428 
4131 680 664 
4132 285 321 
4133 855 963 
4134 760 856 
4135 760 856 
4136 850 830 
4137 380 428 
4138 1020 996 
4139 1190 1162 
4140 510 498 
4141 380 428 
4142 190 214 
4143 950 1070 
4144 190 214 
4145 1700 1660 
4146 1020 996 
4147 190 214 
4148 190 214 
4149 510 498 
4150 1700 1660 
4151 170 166 
4152 340 332 
4153 95 107 
4154 380 428 
4155 285 321 
4156 170 166 
4157 285 321 
4158 510 498 
4159 850 830 
4160 570 642 
4161 1020 996 
4162 170 166 
4163 1700 1660 
4164 760 856 
4165 850 830 
4166 850 830 
4167 190 214 
4168 1190 1162 
4169 680 664 
4170 950 1070 
4171 1190 1162 
4172 475 535 
4173 680 664 
4174 340 332 
4175 380 428 
4176 760 856 
4177 340 332 
4178 570 642 
4179 475 535 
4180 510 498 
4181 190 214 
4182 570 642 
4183 855 963 
4184 950 1070 
4185 760 856 
4186 1190 1162 
4187 285 321 
4188 1530 1494 
4189 1530 1494 
4190 380 428 
4191 760 856 
4192 855 963 
4193 855 963 
4194 190 214 
4195 95 107 
4196 1360 1328 
4197 850 830 
4198 475 535 
4199 850 830 
4200 285 321 
4201 1020 996 
4202 1530 1494 
4203 95 107 
4204 190 214 
4205 285 321 
4206 855 963 
4207 475 535 
4208 340 332 
4209 190 214 
4210 1360 1328 
4211 170 166 
4212 570 642 
4213 855 963 
4214 1360 1328 
4215 1020 996 
4216 285 321 
4217 665 749 
4218 850 830 
4219 760 856 
4220 340 332 
4221 1530 1494 
4222 510 498 
4223 760 856 
4224 665 749 
4225 950 1070 
4226 475 535 
4227 510 498 
4228 665 749 
4229 570 642 
4230 570 642 
4231 855 963 
4232 850 830 
4233 1360 1328 
4234 190 214 
4235 95 107 
4236 950 1070 
4237 1360 1328 
4238 950 1070 
4239 475 535 
4240 1530 1494 
4241 510 498 
4242 170 166 
4243 475 535 
4244 1530 1494 
4245 950 1070 
4246 855 963 
4247 170 166 
4248 1190 1162 
4249 95 107 
4250 95 107 
4251 850 830 
4252 380 428 
4253 1700 1660 
4254 950 1070 
4255 285 321 
4256 1360 1328 
4257 190 214 
4258 570 642 
4259 510 498 
4260 170 166 
4261 850 830 
4262 760 856 
4263 95 107 
4264 680 664 
4265 285 321 
4266 570 642 
4267 340 332 
4268 855 963 
4269 340 332 
4270 190 214 
4271 680 664 
4272 665 749 
4273 665 749 
4274 950 1070 
4275 340 332 
4276 1530 1494 
4277 190 214 
4278 510 498 
4279 570 642 
4280 1360 1328 
4281 665 749 
4282 285 321 
4283 1530 1494 
4284 475 535 
4285 680 664 
4286 1700 1660 
4287 1530 1494 
4288 950 1070 
4289 760 856 
4290 1530 1494 
4291 570 642 
4292 680 664 
4293 510 498 
4294 1530 1494 
4295 855 963 
4296 285 321 
4297 510 498 
4298 475 535 
4299 1530 1494 
4300 950 1070 
4301 340 332 
4302 475 535 
4303 340 332 
4304 510 498 
4305 170 166 
4306 950 1070 
4307 510 498 
4308 570 642 
4309 1700 1660 
4310 340 332 
4311 1190 1162 
4312 850 830 
4313 950 1070 
4314 1020 996 
4315 380 428 
4316 1700 1660 
4317 855 963 
4318 510 498 
4319 1360 1328 
4320 570 642 
4321 950 1070 
4322 95 107 
4323 170 166 
4324 475 535 
4325 190 214 
4326 510 498 
4327 1020 996 
4328 510 498 
4329 380 428 
4330 95 107 
4331 665 749 
4332 665 749 
4333 680 664 
4334 190 214 
4335 95 107 
4336 190 214 
4337 170 166 
4338 475 535 
4339 665 749 
4340 1020 996 
4341 95 107 
4342 1020 996 
4343 1190 1162 
4344 760 856 
4345 1190 1162 
4346 850 830 
4347 1020 996 
4348 1190 1162 
4349 1360 1328 
4350 1530 1494 
4351 1020 996 
4352 760 856 
4353 680 664 
4354 170 166 
4355 1020 996 
4356 95 107 
4357 1020 996 
4358 1020 996 
4359 680 664 
4360 1700 1660 
4361 340 332 
4362 665 749 
4363 950 1070 
4364 760 856 
4365 570 642 
4366 950 1070 
4367 855 963 
4368 95 107 
4369 95 107 
4370 1360 1328 
4371 570 642 
4372 380 428 
4373 510 498 
4374 680 664 
4375 950 1070 
4376 855 963 
4377 1190 1162 
4378 1190 1162 
4379 760 856 
4380 190 214 
4381 760 856 
4382 170 166 
4383 855 963 
4384 680 664 
4385 1530 1494 
4386 170 166 
4387 95 107 
4388 680 664 
4389 1190 1162 
4390 570 642 
4391 1700 1660 
4392 340 332 
4393 855 963 
4394 850 830 
4395 760 856 
4396 760 856 
4397 850 830 
4398 170 166 
4399 1020 996 
4400 285 321 
4401 760 856 
4402 1700 1660 
4403 665 749 
4404 380 428 
4405 340 332 
4406 1700 1660 
4407 1530 1494 
4408 170 166 
4409 855 963 
4410 285 321 
4411 475 535 
4412 570 642 
4413 285 321 
4414 340 332 
4415 1360 1328 
4416 190 214 
4417 285 321 
4418 170 166 
4419 510 498 
4420 760 856 
4421 95 107 
4422 1700 1660 
4423 570 642 
4424 510 498 
4425 285 321 
4426 285 321 
4427 570 642 
4428 855 963 
4429 760 856 
4430 190 214 
4431 665 749 
4432 680 664 
4433 1700 1660 
4434 340 332 
4435 950 1070 
4436 1020 996 
4437 510 498 
4438 380 428 
4439 475 535 
4440 285 321 
4441 850 830 
4442 475 535 
4443 570 642 
4444 1190 1162 
4445 760 856 
4446 1360 1328 
4447 1190 1162 
4448 1360 1328 
4449 340 332 
4450 510 498 
4451 95 107 
4452 850 830 
4453 1020 996 
4454 1360 1328 
4455 190 214 
4456 760 856 
4457 680 664 
4458 1700 1660 
4459 665 749 
4460 855 963 
4461 665 749 
4462 1360 1328 
4463 1700 1660 
4464 1360 1328 
4465 380 428 
4466 850 830 
4467 190 214 
4468 1700 1660 
4469 95 107 
4470 950 1070 
4471 340 332 
4472 850 830 
4473 190 214 
4474 680 664 
4475 285 321 
4476 1530 1494 
4477 760 856 
4478 190 214 
4479 1190 1162 
4480 190 214 
4481 855 963 
4482 1360 1328 
4483 950 1070 
4484 1530 1494 
4485 1190 1162 
4486 1700 1660 
4487 570 642 
4488 665 749 
4489 340 332 
4490 1360 1328 
4491 760 856 
4492 570 642 
4493 380 428 
4494 855 963 
4495 1020 996 
4496 380 428 
4497 285 321 
4498 95 107 
4499 855 963 
4500 285 321 
4501 190 214 
4502 680 664 
4503 1700 1660 
4504 760 856 
4505 570 642 
4506 1190 1162 
4507 95 107 
4508 95 107 
4509 1530 1494 
4510 340 332 
4511 170 166 
4512 190 214 
4513 1530 1494 
4514 475 535 
4515 1190 1162 
4516 475 535 
4517 760 856 
4518 285 321 
4519 190 214 
4520 190 214 
4521 510 498 
4522 1700 1660 
4523 760 856 
4524 190 214 
4525 285 321 
4526 850 830 
4527 340 332 
4528 1190 1162 
4529 95 107 
4530 1190 1162 
4531 380 428 
4532 95 107 
4533 1360 1328 
4534 855 963 
4535 850 830 
4536 665 749 
4537 1190 1162 
4538 190 214 
4539 340 332 
4540 170 166 
4541 665 749 
4542 285 321 
4543 95 107 
4544 1020 996 
4545 1360 1328 
4546 1360 1328 
4547 510 498 
4548 190 214 
4549 1020 996 
4550 340 332 
4551 680 664 
4552 1360 1328 
4553 510 498 
4554 1360 1328 
4555 850 830 
4556 380 428 
4557 680 664 
4558 340 332 
4559 1360 1328 
4560 1020 996 
4561 570 642 
4562 380 428 
4563 475 535 
4564 340 332 
4565 285 321 
4566 665 749 
4567 850 830 
4568 1530 1494 
4569 680 664 
4570 950 1070 
4571 340 332 
4572 1190 1162 
4573 850 830 
4574 1530 1494 
4575 340 332 
4576 680 664 
4577 380 428 
4578 170 166 
4579 510 498 
4580 380 428 
4581 680 664 
4582 850 830 
4583 1020 996 
4584 380 428 
4585 1700 1660 
4586 665 749 
4587 510 498 
4588 850 830 
4589 475 535 
4590 1700 1660 
4591 665 749 
4592 1360 1328 
4593 680 664 
4594 1530 1494 
4595 665 749 
4596 510 498 
4597 1190 1162 
4598 850 830 
4599 1020 996 
4600 855 963 
4601 1700 1660 
4602 855 963 
4603 570 642 
4604 570 642 
4605 1360 1328 
4606 850 830 
4607 850 830 
4608 95 107 
4609 380 428 
4610 95 107 
4611 1190 1162 
4612 190 214 
4613 680 664 
4614 475 535 
4615 760 856 
4616 475 535 
4617 850 830 
4618 950 1070 
4619 855 963 
4620 170 166 
4621 1190 1162 
4622 680 664 
4623 1700 1660 
4624 285 321 
4625 570 642 
4626 1190 1162 
4627 680 664 
4628 570 642 
4629 380 428 
4630 1020 996 
4631 1700 1660 
4632 1530 1494 
4633 1190 1162 
4634 380 428 
4635 570 642 
4636 680 664 
4637 1700 1660 
4638 760 856 
4639 1360 1328 
4640 1020 996 
4641 680 664 
4642 950 1070 
4643 1530 1494 
4644 510 498 
4645 510 498 
4646 1020 996 
4647 1360 1328 
4648 1020 996 
4649 380 428 
4650 1190 1162 
4651 950 1070 
4652 1020 996 
4653 850 830 
4654 1360 1328 
4655 1190 1162 
4656 760 856 
4657 1360 1328 
4658 850 830 
4659 850 830 
4660 855 963 
4661 510 498 
4662 1530 1494 
4663 665 749 
4664 95 107 
4665 170 166 
4666 1530 1494 
4667 1700 1660 
4668 510 498 
4669 680 664 
4670 760 856 
4671 850 830 
4672 285 321 
4673 950 1070 
4674 95 107 
4675 1020 996 
4676 340 332 
4677 665 749 
4678 475 535 
4679 190 214 
4680 855 963 
4681 1530 1494 
4682 850 830 
4683 170 166 
4684 680 664 
4685 1700 1660 
4686 190 214 
4687 1360 1328 
4688 1020 996 
4689 95 107 
4690 850 830 
4691 855 963 
4692 665 749 
4693 1530 1494 
4694 285 321 
4695 170 166 
4696 380 428 
4697 850 830 
4698 190 214 
4699 510 498 
4700 285 321 
4701 855 963 
4702 855 963 
4703 760 856 
4704 850 830 
4705 475 535 
4706 665 749 
4707 1360 1328 
4708 665 749 
4709 1360 1328 
4710 680 664 
4711 680 664 
4712 340 332 
4713 170 166 
4714 380 428 
4715 340 332 
4716 665 749 
4717 380 428 
4718 1020 996 
4719 855 963 
4720 665 749 
4721 1700 1660 
4722 570 642 
4723 170 166 
4724 950 1070 
4725 1020 996 
4726 760 856 
4727 665 749 
4728 1700 1660 
4729 510 498 
4730 680 664 
4731 760 856 
4732 1360 1328 
4733 1530 1494 
4734 1700 1660 
4735 850 830 
4736 1700 1660 
4737 380 428 
4738 1360 1328 
4739 1020 996 
4740 950 1070 
4741 570 642 
4742 680 664 
4743 1700 1660 
4744 1020 996 
4745 475 535 
4746 380 428 
4747 1020 996 
4748 190 214 
4749 665 749 
4750 285 321 
4751 1020 996 
4752 95 107 
4753 570 642 
4754 855 963 
4755 1020 996 
4756 1020 996 
4757 950 1070 
4758 510 498 
4759 680 664 
4760 1530 1494 
4761 950 1070 
4762 510 498 
4763 340 332 
4764 95 107 
4765 680 664 
4766 340 332 
4767 1360 1328 
4768 850 830 
4769 665 749 
4770 285 321 
4771 380 428 
4772 475 535 
4773 285 321 
4774 1700 1660 
4775 1190 1162 
4776 680 664 
4777 1530 1494 
4778 95 107 
4779 1190 1162 
4780 760 856 
4781 1530 1494 
4782 850 830 
4783 760 856 
4784 285 321 
4785 570 642 
4786 475 535 
4787 665 749 
4788 1020 996 
4789 855 963 
4790 1700 1660 
4791 760 856 
4792 510 498 
4793 680 664 
4794 1020 996 
4795 570 642 
4796 850 830 
4797 850 830 
4798 285 321 
4799 1190 1162 
4800 285 321 
4801 950 1070 
4802 1530 1494 
4803 855 963 
4804 285 321 
4805 475 535 
4806 680 664 
4807 850 830 
4808 95 107 
4809 1190 1162 
4810 850 830 
4811 1700 1660 
4812 1020 996 
4813 510 498 
4814 855 963 
4815 950 1070 
4816 475 535 
4817 475 535 
4818 1530 1494 
4819 170 166 
4820 1700 1660 
4821 285 321 
4822 510 498 
4823 950 1070 
4824 285 321 
4825 1530 1494 
4826 510 498 
4827 1360 1328 
4828 190 214 
4829 1190 1162 
4830 340 332 
4831 475 535 
4832 1360 1328 
4833 950 1070 
4834 170 166 
4835 475 535 
4836 680 664 
4837 285 321 
4838 1360 1328 
4839 170 166 
4840 760 856 
4841 285 321 
4842 855 963 
4843 285 321 
4844 1700 1660 
4845 1360 1328 
4846 380 428 
4847 190 214 
4848 850 830 
4849 665 749 
4850 170 166 
4851 190 214 
4852 1360 1328 
4853 340 332 
4854 570 642 
4855 950 1070 
4856 340 332 
4857 1700 1660 
4858 1700 1660 
4859 340 332 
4860 1020 996 
4861 1360 1328 
4862 1190 1162 
4863 850 830 
4864 510 498 
4865 170 166 
4866 380 428 
4867 170 166 
4868 950 1070 
4869 1360 1328 
4870 285 321 
4871 95 107 
4872 95 107 
4873 380 428 
4874 850 830 
4875 1190 1162 
4876 380 428 
4877 1530 1494 
4878 855 963 
4879 1190 1162 
4880 1530 1494 
4881 1360 1328 
4882 190 214 
4883 510 498 
4884 950 1070 
4885 850 830 
4886 475 535 
4887 950 1070 
4888 1530 1494 
4889 665 749 
4890 190 214 
4891 285 321 
4892 855 963 
4893 855 963 
4894 95 107 
4895 665 749 
4896 170 166 
4897 950 1070 
4898 510 498 
4899 760 856 
4900 340 332 
4901 665 749 
4902 665 749 
4903 760 856 
4904 510 498 
4905 665 749 
4906 760 856 
4907 95 107 
4908 950 1070 
4909 1020 996 
4910 665 749 
4911 950 1070 
4912 855 963 
4913 285 321 
4914 1530 1494 
4915 1700 1660 
4916 1190 1162 
4917 1360 1328 
4918 170 166 
4919 285 321 
4920 190 214 
4921 850 830 
4922 850 830 
4923 475 535 
4924 1700 1660 
4925 1190 1162 
4926 380 428 
4927 340 332 
4928 665 749 
4929 190 214 
4930 510 498 
4931 1190 1162 
4932 1020 996 
4933 1020 996 
4934 1530 1494 
4935 950 1070 
4936 665 749 
4937 190 214 
4938 1190 1162 
4939 380 428 
4940 170 166 
4941 665 749 
4942 190 214 
4943 1190 1162 
4944 1530 1494 
4945 855 963 
4946 850 830 
4947 950 1070 
4948 285 321 
4949 950 1070 
4950 680 664 
4951 510 498 
4952 950 1070 
4953 1530 1494 
4954 380 428 
4955 1700 1660 
4956 665 749 
4957 1360 1328 
4958 855 963 
4959 570 642 
4960 1360 1328 
4961 1020 996 
4962 950 1070 
4963 855 963 
4964 340 332 
4965 1190 1162 
4966 570 642 
4967 1360 1328 
4968 1530 1494 
4969 665 749 
4970 1530 1494 
4971 170 166 
4972 1020 996 
4973 340 332 
4974 1530 1494 
4975 850 830 
4976 475 535 
4977 1360 1328 
4978 285 321 
4979 380 428 
4980 340 332 
4981 340 332 
4982 680 664 
4983 1530 1494 
4984 570 642 
4985 760 856 
4986 1190 1162 
4987 510 498 
4988 1700 1660 
4989 680 664 
4990 95 107 
4991 570 642 
4992 570 642 
4993 850 830 
4994 285 321 
4995 1530 1494 
4996 170 166 
4997 170 166 
4998 95 107 
4999 1530 1494 
5000 190 214 
