npieces: 5000
capacity: 1911761
1 770 650 
2 616 520 
3 231 195 
4 693 585 
5 888 960 
6 77 65 
7 111 120 
8 888 960 
9 555 600 
10 555 600 
11 154 130 
12 154 130 
13 693 585 
14 444 480 
15 1110 1200 
16 888 960 
17 770 650 
18 333 360 
19 154 130 
20 111 120 
21 462 390 
22 154 130 
23 777 840 
24 616 520 
25 888 960 
26 555 600 
27 333 360 
28 385 325 
29 888 960 
30 333 360 
31 770 650 
32 462 390 
33 777 840 
34 693 585 
35 999 1080 
36 999 1080 
37 1110 1200 
38 1110 1200 
39 111 120 
40 888 960 
41 555 600 
42 333 360 
43 999 1080 
44 154 130 
45 462 390 
46 693 585 
47 555 600 
48 77 65 
49 1110 1200 
50 666 720 
51 555 600 
52 770 650 
53 77 65 
54 154 130 
55 462 390 
56 111 120 
57 222 240 
58 888 960 
59 1110 1200 
60 308 260 
61 77 65 
62 1110 1200 
63 308 260 
64 888 960 
65 222 240 
66 555 600 
67 777 840 
68 308 260 
69 333 360 
70 555 600 
71 888 960 
72 999 1080 
73 77 65 
74 539 455 
75 539 455 
76 308 260 
77 539 455 
78 555 600 
79 77 65 
80 888 960 
81 1110 1200 
82 385 325 
83 308 260 
84 333 360 
85 77 65 
86 999 1080 
87 999 1080 
88 666 720 
89 333 360 
90 333 360 
91 539 455 
92 154 130 
93 222 240 
94 693 585 
95 539 455 
96 666 720 
97 539 455 
98 888 960 
99 154 130 
100 1110 1200 
101 999 1080 
102 999 1080 
103 444 480 
104 693 585 
105 539 455 
106 777 840 
107 333 360 
108 385 325 
109 888 960 
110 462 390 
111 154 130 
112 231 195 
113 462 390 
114 666 720 
115 666 720 
116 666 720 
117 385 325 
118 1110 1200 
119 462 390 
120 616 520 
121 777 840 
122 616 520 
123 999 1080 
124 555 600 
125 231 195 
126 444 480 
127 999 1080 
128 222 240 
129 616 520 
130 333 360 
131 888 960 
132 777 840 
133 222 240 
134 1110 1200 
135 444 480 
136 222 240 
137 231 195 
138 777 840 
139 777 840 
140 539 455 
141 777 840 
142 693 585 
143 888 960 
144 693 585 
145 333 360 
146 539 455 
147 308 260 
148 111 120 
149 308 260 
150 999 1080 
151 385 325 
152 888 960 
153 666 720 
154 444 480 
155 385 325 
156 777 840 
157 462 390 
158 462 390 
159 770 650 
160 539 455 
161 308 260 
162 616 520 
163 308 260 
164 231 195 
165 333 360 
166 444 480 
167 777 840 
168 333 360 
169 666 720 
170 770 650 
171 616 520 
172 222 240 
173 385 325 
174 154 130 
175 231 195 
176 555 600 
177 693 585 
178 154 130 
179 539 455 
180 555 600 
181 666 720 
182 77 65 
183 333 360 
184 1110 1200 
185 333 360 
186 462 390 
187 77 65 
188 308 260 
189 222 240 
190 555 600 
191 222 240 
192 1110 1200 
193 616 520 
194 616 520 
195 777 840 
196 888 960 
197 444 480 
198 77 65 
199 999 1080 
200 154 130 
201 616 520 
202 539 455 
203 231 195 
204 999 1080 
205 770 650 
206 111 120 
207 777 840 
208 77 65 
209 666 720 
210 616 520 
211 222 240 
212 154 130 
213 1110 1200 
214 231 195 
215 770 650 
216 777 840 
217 111 120 
218 385 325 
219 77 65 
220 77 65 
221 888 960 
222 555 600 
223 333 360 
224 888 960 
225 462 390 
226 693 585 
227 308 260 
228 308 260 
229 1110 1200 
230 77 65 
231 231 195 
232 999 1080 
233 333 360 
234 308 260 
235 111 120 
236 666 720 
237 231 195 
238 616 520 
239 770 650 
240 1110 1200 
241 777 840 
242 385 325 
243 444 480 
244 616 520 
245 444 480 
246 333 360 
247 385 325 
248 770 650 
249 770 650 
250 462 390 
251 616 520 
252 666 720 
253 77 65 
254 888 960 
255 308 260 
256 111 120 
257 666 720 
258 111 120 
259 333 360 
260 539 455 
261 222 240 
262 616 520 
263 385 325 
264 231 195 
265 308 260 
266 666 720 
267 462 390 
268 777 840 
269 999 1080 
270 77 65 
271 777 840 
272 666 720 
273 539 455 
274 222 240 
275 77 65 
276 222 240 
277 555 600 
278 154 130 
279 616 520 
280 666 720 
281 154 130 
282 770 650 
283 222 240 
284 111 120 
285 539 455 
286 1110 1200 
287 231 195 
288 154 130 
289 555 600 
290 777 840 
291 231 195 
292 1110 1200 
293 444 480 
294 385 325 
295 770 650 
296 777 840 
297 222 240 
298 308 260 
299 1110 1200 
300 999 1080 
301 308 260 
302 1110 1200 
303 666 720 
304 462 390 
305 616 520 
306 555 600 
307 770 650 
308 666 720 
309 770 650 
310 154 130 
311 888 960 
312 111 120 
313 1110 1200 
314 616 520 
315 539 455 
316 539 455 
317 444 480 
318 666 720 
319 539 455 
320 444 480 
321 693 585 
322 693 585 
323 888 960 
324 888 960 
325 555 600 
326 462 390 
327 888 960 
328 999 1080 
329 555 600 
330 999 1080 
331 444 480 
332 444 480 
333 888 960 
334 777 840 
335 462 390 
336 693 585 
337 888 960 
338 154 130 
339 385 325 
340 222 240 
341 999 1080 
342 222 240 
343 555 600 
344 693 585 
345 308 260 
346 444 480 
347 888 960 
348 154 130 
349 333 360 
350 444 480 
351 666 720 
352 777 840 
353 444 480 
354 888 960 
355 111 120 
356 77 65 
357 666 720 
358 333 360 
359 616 520 
360 616 520 
361 385 325 
362 462 390 
363 888 960 
364 666 720 
365 444 480 
366 385 325 
367 777 840 
368 154 130 
369 770 650 
370 111 120 
371 77 65 
372 1110 1200 
373 154 130 
374 1110 1200 
375 999 1080 
376 1110 1200 
377 111 120 
378 539 455 
379 385 325 
380 444 480 
381 308 260 
382 616 520 
383 999 1080 
384 1110 1200 
385 231 195 
386 888 960 
387 385 325 
388 231 195 
389 333 360 
390 308 260 
391 616 520 
392 693 585 
393 385 325 
394 231 195 
395 770 650 
396 111 120 
397 333 360 
398 616 520 
399 888 960 
400 462 390 
401 770 650 
402 888 960 
403 154 130 
404 693 585 
405 770 650 
406 616 520 
407 308 260 
408 539 455 
409 555 600 
410 1110 1200 
411 111 120 
412 444 480 
413 616 520 
414 666 720 
415 770 650 
416 1110 1200 
417 111 120 
418 462 390 
419 770 650 
420 555 600 
421 444 480 
422 111 120 
423 666 720 
424 385 325 
425 385 325 
426 539 455 
427 222 240 
428 77 65 
429 693 585 
430 888 960 
431 555 600 
432 539 455 
433 308 260 
434 999 1080 
435 385 325 
436 539 455 
437 154 130 
438 333 360 
439 308 260 
440 308 260 
441 770 650 
442 444 480 
443 308 260 
444 616 520 
445 444 480 
446 462 390 
447 308 260 
448 231 195 
449 1110 1200 
450 693 585 
451 888 960 
452 888 960 
453 308 260 
454 385 325 
455 308 260 
456 111 120 
457 616 520 
458 385 325 
459 616 520 
460 385 325 
461 385 325 
462 444 480 
463 111 120 
464 333 360 
465 462 390 
466 777 840 
467 308 260 
468 154 130 
469 222 240 
470 999 1080 
471 77 65 
472 555 600 
473 693 585 
474 888 960 
475 231 195 
476 222 240 
477 222 240 
478 1110 1200 
479 154 130 
480 770 650 
481 616 520 
482 539 455 
483 222 240 
484 308 260 
485 462 390 
486 770 650 
487 308 260 
488 693 585 
489 693 585 
490 308 260 
491 231 195 
492 616 520 
493 1110 1200 
494 111 120 
495 231 195 
496 693 585 
497 666 720 
498 333 360 
499 666 720 
500 693 585 
501 333 360 
502 462 390 
503 77 65 
504 693 585 
505 539 455 
506 222 240 
507 444 480 
508 555 600 
509 385 325 
510 154 130 
511 222 240 
512 308 260 
513 462 390 
514 555 600 
515 1110 1200 
516 770 650 
517 222 240 
518 1110 1200 
519 462 390 
520 77 65 
521 616 520 
522 555 600 
523 111 120 
524 616 520 
525 666 720 
526 999 1080 
527 385 325 
528 999 1080 
529 770 650 
530 77 65 
531 555 600 
532 444 480 
533 666 720 
534 770 650 
535 888 960 
536 777 840 
537 770 650 
538 999 1080 
539 222 240 
540 693 585 
541 333 360 
542 693 585 
543 888 960 
544 693 585 
545 154 130 
546 154 130 
547 666 720 
548 333 360 
549 308 260 
550 77 65 
551 888 960 
552 222 240 
553 333 360 
554 77 65 
555 1110 1200 
556 385 325 
557 385 325 
558 777 840 
559 111 120 
560 77 65 
561 666 720 
562 999 1080 
563 770 650 
564 333 360 
565 77 65 
566 693 585 
567 666 720 
568 1110 1200 
569 308 260 
570 154 130 
571 770 650 
572 888 960 
573 999 1080 
574 77 65 
575 616 520 
576 888 960 
577 154 130 
578 111 120 
579 999 1080 
580 1110 1200 
581 77 65 
582 555 600 
583 666 720 
584 111 120 
585 616 520 
586 888 960 
587 539 455 
588 333 360 
589 222 240 
590 693 585 
591 77 65 
592 693 585 
593 616 520 
594 666 720 
595 308 260 
596 77 65 
597 770 650 
598 231 195 
599 539 455 
600 77 65 
601 616 520 
602 222 240 
603 77 65 
604 308 260 
605 154 130 
606 462 390 
607 444 480 
608 616 520 
609 539 455 
610 77 65 
611 999 1080 
612 77 65 
613 154 130 
614 308 260 
615 555 600 
616 333 360 
617 308 260 
618 999 1080 
619 666 720 
620 888 960 
621 888 960 
622 462 390 
623 77 65 
624 444 480 
625 222 240 
626 308 260 
627 444 480 
628 616 520 
629 462 390 
630 616 520 
631 777 840 
632 1110 1200 
633 154 130 
634 308 260 
635 308 260 
636 222 240 
637 444 480 
638 555 600 
639 770 650 
640 154 130 
641 888 960 
642 770 650 
643 333 360 
644 1110 1200 
645 231 195 
646 539 455 
647 539 455 
648 333 360 
649 999 1080 
650 111 120 
651 308 260 
652 555 600 
653 385 325 
654 888 960 
655 333 360 
656 333 360 
657 616 520 
658 616 520 
659 77 65 
660 666 720 
661 444 480 
662 385 325 
663 539 455 
664 1110 1200 
665 444 480 
666 666 720 
667 770 650 
668 222 240 
669 385 325 
670 444 480 
671 222 240 
672 462 390 
673 693 585 
674 231 195 
675 77 65 
676 693 585 
677 333 360 
678 888 960 
679 999 1080 
680 777 840 
681 777 840 
682 111 120 
683 777 840 
684 231 195 
685 888 960 
686 222 240 
687 693 585 
688 111 120 
689 462 390 
690 77 65 
691 462 390 
692 770 650 
693 222 240 
694 154 130 
695 231 195 
696 777 840 
697 385 325 
698 333 360 
699 154 130 
700 154 130 
701 308 260 
702 770 650 
703 222 240 
704 333 360 
705 616 520 
706 222 240 
707 770 650 
708 539 455 
709 693 585 
710 385 325 
711 333 360 
712 770 650 
713 616 520 
714 770 650 
715 308 260 
716 693 585 
717 462 390 
718 77 65 
719 770 650 
720 666 720 
721 77 65 
722 385 325 
723 222 240 
724 444 480 
725 111 120 
726 77 65 
727 444 480 
728 154 130 
729 666 720 
730 888 960 
731 693 585 
732 555 600 
733 462 390 
734 777 840 
735 770 650 
736 154 130 
737 616 520 
738 111 120 
739 666 720 
740 770 650 
741 555 600 
742 770 650 
743 385 325 
744 616 520 
745 444 480 
746 308 260 
747 111 120 
748 111 120 
749 77 65 
750 77 65 
751 231 195 
752 77 65 
753 693 585 
754 111 120 
755 555 600 
756 222 240 
757 154 130 
758 539 455 
759 770 650 
760 1110 1200 
761 539 455 
762 154 130 
763 770 650 
764 77 65 
765 777 840 
766 693 585 
767 333 360 
768 539 455 
769 999 1080 
770 462 390 
771 444 480 
772 462 390 
773 888 960 
774 999 1080 
775 666 720 
776 616 520 
777 333 360 
778 222 240 
779 777 840 
780 111 120 
781 539 455 
782 308 260 
783 444 480 
784 385 325 
785 154 130 
786 385 325 
787 693 585 
788 222 240 
789 231 195 
790 539 455 
791 154 130 
792 111 120 
793 444 480 
794 616 520 
795 111 120 
796 666 720 
797 154 130 
798 616 520 
799 154 130 
800 231 195 
801 770 650 
802 385 325 
803 693 585 
804 666 720 
805 1110 1200 
806 777 840 
807 666 720 
808 385 325 
809 222 240 
810 555 600 
811 555 600 
812 231 195 
813 777 840 
814 539 455 
815 308 260 
816 770 650 
817 693 585 
818 555 600 
819 333 360 
820 999 1080 
821 154 130 
822 77 65 
823 888 960 
824 888 960 
825 616 520 
826 222 240 
827 999 1080 
828 77 65 
829 999 1080 
830 231 195 
831 539 455 
832 1110 1200 
833 539 455 
834 693 585 
835 666 720 
836 770 650 
837 693 585 
838 616 520 
839 222 240 
840 231 195 
841 111 120 
842 154 130 
843 888 960 
844 616 520 
845 154 130 
846 539 455 
847 222 240 
848 539 455 
849 616 520 
850 555 600 
851 231 195 
852 555 600 
853 444 480 
854 308 260 
855 154 130 
856 308 260 
857 231 195 
858 231 195 
859 770 650 
860 444 480 
861 616 520 
862 462 390 
863 539 455 
864 385 325 
865 666 720 
866 222 240 
867 308 260 
868 222 240 
869 231 195 
870 888 960 
871 539 455 
872 444 480 
873 666 720 
874 770 650 
875 77 65 
876 111 120 
877 888 960 
878 1110 1200 
879 222 240 
880 999 1080 
881 777 840 
882 231 195 
883 231 195 
884 444 480 
885 888 960 
886 616 520 
887 154 130 
888 462 390 
889 333 360 
890 770 650 
891 539 455 
892 231 195 
893 385 325 
894 462 390 
895 154 130 
896 555 600 
897 1110 1200 
898 77 65 
899 222 240 
900 693 585 
901 444 480 
902 693 585 
903 385 325 
904 888 960 
905 888 960 
906 462 390 
907 111 120 
908 333 360 
909 770 650 
910 333 360 
911 777 840 
912 308 260 
913 666 720 
914 888 960 
915 444 480 
916 333 360 
917 666 720 
918 444 480 
919 770 650 
920 154 130 
921 333 360 
922 616 520 
923 222 240 
924 693 585 
925 539 455 
926 539 455 
927 888 960 
928 555 600 
929 770 650 
930 385 325 
931 693 585 
932 111 120 
933 154 130 
934 385 325 
935 770 650 
936 77 65 
937 111 120 
938 462 390 
939 693 585 
940 770 650 
941 385 325 
942 231 195 
943 693 585 
944 77 65 
945 385 325 
946 770 650 
947 444 480 
948 444 480 
949 616 520 
950 888 960 
951 888 960 
952 385 325 
953 888 960 
954 154 130 
955 444 480 
956 222 240 
957 777 840 
958 333 360 
959 666 720 
960 308 260 
961 616 520 
962 999 1080 
963 444 480 
964 308 260 
965 308 260 
966 770 650 
967 888 960 
968 1110 1200 
969 693 585 
970 999 1080 
971 154 130 
972 444 480 
973 77 65 
974 888 960 
975 444 480 
976 77 65 
977 222 240 
978 154 130 
979 444 480 
980 555 600 
981 693 585 
982 693 585 
983 666 720 
984 666 720 
985 666 720 
986 616 520 
987 999 1080 
988 308 260 
989 616 520 
990 777 840 
991 616 520 
992 888 960 
993 462 390 
994 888 960 
995 616 520 
996 777 840 
997 231 195 
998 333 360 
999 385 325 
1000 888 960 
1001 616 520 
1002 616 520 
1003 77 65 
1004 999 1080 
1005 888 960 
1006 999 1080 
1007 154 130 
1008 888 960 
1009 666 720 
1010 693 585 
1011 385 325 
1012 777 840 
1013 770 650 
1014 222 240 
1015 888 960 
1016 333 360 
1017 111 120 
1018 555 600 
1019 555 600 
1020 555 600 
1021 777 840 
1022 385 325 
1023 693 585 
1024 462 390 
1025 111 120 
1026 770 650 
1027 616 520 
1028 462 390 
1029 999 1080 
1030 616 520 
1031 385 325 
1032 462 390 
1033 222 240 
1034 222 240 
1035 77 65 
1036 616 520 
1037 539 455 
1038 308 260 
1039 385 325 
1040 539 455 
1041 999 1080 
1042 154 130 
1043 770 650 
1044 444 480 
1045 222 240 
1046 333 360 
1047 1110 1200 
1048 999 1080 
1049 616 520 
1050 539 455 
1051 777 840 
1052 770 650 
1053 308 260 
1054 385 325 
1055 777 840 
1056 616 520 
1057 539 455 
1058 888 960 
1059 999 1080 
1060 999 1080 
1061 444 480 
1062 385 325 
1063 616 520 
1064 693 585 
1065 231 195 
1066 888 960 
1067 693 585 
1068 111 120 
1069 111 120 
1070 308 260 
1071 231 195 
1072 77 65 
1073 555 600 
1074 888 960 
1075 308 260 
1076 444 480 
1077 693 585 
1078 308 260 
1079 666 720 
1080 693 585 
1081 616 520 
1082 444 480 
1083 111 120 
1084 539 455 
1085 154 130 
1086 555 600 
1087 154 130 
1088 333 360 
1089 777 840 
1090 111 120 
1091 777 840 
1092 308 260 
1093 888 960 
1094 555 600 
1095 777 840 
1096 77 65 
1097 77 65 
1098 666 720 
1099 693 585 
1100 770 650 
1101 888 960 
1102 308 260 
1103 444 480 
1104 770 650 
1105 231 195 
1106 333 360 
1107 616 520 
1108 444 480 
1109 777 840 
1110 616 520 
1111 222 240 
1112 333 360 
1113 777 840 
1114 462 390 
1115 333 360 
1116 222 240 
1117 333 360 
1118 333 360 
1119 1110 1200 
1120 666 720 
1121 231 195 
1122 999 1080 
1123 77 65 
1124 616 520 
1125 539 455 
1126 777 840 
1127 111 120 
1128 616 520 
1129 111 120 
1130 333 360 
1131 462 390 
1132 888 960 
1133 1110 1200 
1134 111 120 
1135 616 520 
1136 231 195 
1137 777 840 
1138 666 720 
1139 555 600 
1140 308 260 
1141 111 120 
1142 1110 1200 
1143 888 960 
1144 616 520 
1145 231 195 
1146 539 455 
1147 770 650 
1148 308 260 
1149 888 960 
1150 999 1080 
1151 555 600 
1152 777 840 
1153 111 120 
1154 231 195 
1155 385 325 
1156 999 1080 
1157 539 455 
1158 777 840 
1159 666 720 
1160 462 390 
1161 462 390 
1162 888 960 
1163 888 960 
1164 777 840 
1165 888 960 
1166 111 120 
1167 111 120 
1168 999 1080 
1169 693 585 
1170 444 480 
1171 222 240 
1172 616 520 
1173 666 720 
1174 308 260 
1175 616 520 
1176 777 840 
1177 111 120 
1178 308 260 
1179 385 325 
1180 77 65 
1181 616 520 
1182 111 120 
1183 555 600 
1184 231 195 
1185 666 720 
1186 999 1080 
1187 154 130 
1188 231 195 
1189 231 195 
1190 770 650 
1191 539 455 
1192 555 600 
1193 693 585 
1194 462 390 
1195 444 480 
1196 539 455 
1197 693 585 
1198 385 325 
1199 111 120 
1200 555 600 
1201 111 120 
1202 666 720 
1203 444 480 
1204 231 195 
1205 666 720 
1206 539 455 
1207 308 260 
1208 111 120 
1209 385 325 
1210 77 65 
1211 222 240 
1212 222 240 
1213 77 65 
1214 888 960 
1215 462 390 
1216 999 1080 
1217 333 360 
1218 888 960 
1219 770 650 
1220 999 1080 
1221 333 360 
1222 154 130 
1223 231 195 
1224 777 840 
1225 693 585 
1226 888 960 
1227 308 260 
1228 444 480 
1229 1110 1200 
1230 777 840 
1231 222 240 
1232 555 600 
1233 385 325 
1234 777 840 
1235 616 520 
1236 385 325 
1237 616 520 
1238 777 840 
1239 693 585 
1240 888 960 
1241 231 195 
1242 777 840 
1243 777 840 
1244 231 195 
1245 666 720 
1246 770 650 
1247 333 360 
1248 666 720 
1249 154 130 
1250 444 480 
1251 616 520 
1252 333 360 
1253 1110 1200 
1254 777 840 
1255 770 650 
1256 1110 1200 
1257 231 195 
1258 616 520 
1259 385 325 
1260 385 325 
1261 385 325 
1262 693 585 
1263 616 520 
1264 888 960 
1265 111 120 
1266 999 1080 
1267 539 455 
1268 444 480 
1269 111 120 
1270 333 360 
1271 999 1080 
1272 308 260 
1273 222 240 
1274 231 195 
1275 693 585 
1276 154 130 
1277 111 120 
1278 231 195 
1279 616 520 
1280 1110 1200 
1281 77 65 
1282 555 600 
1283 77 65 
1284 539 455 
1285 111 120 
1286 888 960 
1287 385 325 
1288 777 840 
1289 231 195 
1290 77 65 
1291 462 390 
1292 333 360 
1293 308 260 
1294 111 120 
1295 333 360 
1296 77 65 
1297 777 840 
1298 999 1080 
1299 444 480 
1300 333 360 
1301 444 480 
1302 555 600 
1303 693 585 
1304 333 360 
1305 1110 1200 
1306 444 480 
1307 444 480 
1308 999 1080 
1309 444 480 
1310 666 720 
1311 462 390 
1312 770 650 
1313 777 840 
1314 154 130 
1315 308 260 
1316 154 130 
1317 154 130 
1318 999 1080 
1319 308 260 
1320 308 260 
1321 616 520 
1322 1110 1200 
1323 154 130 
1324 231 195 
1325 770 650 
1326 777 840 
1327 777 840 
1328 770 650 
1329 385 325 
1330 444 480 
1331 154 130 
1332 770 650 
1333 770 650 
1334 462 390 
1335 770 650 
1336 154 130 
1337 333 360 
1338 616 520 
1339 616 520 
1340 1110 1200 
1341 385 325 
1342 154 130 
1343 385 325 
1344 539 455 
1345 888 960 
1346 555 600 
1347 693 585 
1348 222 240 
1349 154 130 
1350 385 325 
1351 111 120 
1352 385 325 
1353 888 960 
1354 1110 1200 
1355 1110 1200 
1356 777 840 
1357 770 650 
1358 888 960 
1359 111 120 
1360 444 480 
1361 333 360 
1362 999 1080 
1363 333 360 
1364 385 325 
1365 770 650 
1366 77 65 
1367 222 240 
1368 999 1080 
1369 777 840 
1370 154 130 
1371 770 650 
1372 616 520 
1373 222 240 
1374 693 585 
1375 154 130 
1376 999 1080 
1377 770 650 
1378 385 325 
1379 222 240 
1380 77 65 
1381 616 520 
1382 693 585 
1383 462 390 
1384 77 65 
1385 999 1080 
1386 462 390 
1387 77 65 
1388 616 520 
1389 444 480 
1390 444 480 
1391 111 120 
1392 385 325 
1393 77 65 
1394 777 840 
1395 308 260 
1396 222 240 
1397 539 455 
1398 222 240 
1399 231 195 
1400 1110 1200 
1401 222 240 
1402 462 390 
1403 154 130 
1404 231 195 
1405 539 455 
1406 616 520 
1407 333 360 
1408 539 455 
1409 1110 1200 
1410 1110 1200 
1411 222 240 
1412 666 720 
1413 444 480 
1414 1110 1200 
1415 333 360 
1416 555 600 
1417 770 650 
1418 462 390 
1419 222 240 
1420 111 120 
1421 154 130 
1422 111 120 
1423 616 520 
1424 444 480 
1425 555 600 
1426 770 650 
1427 111 120 
1428 1110 1200 
1429 444 480 
1430 111 120 
1431 693 585 
1432 1110 1200 
1433 666 720 
1434 308 260 
1435 777 840 
1436 616 520 
1437 385 325 
1438 333 360 
1439 777 840 
1440 308 260 
1441 777 840 
1442 555 600 
1443 154 130 
1444 777 840 
1445 154 130 
1446 77 65 
1447 333 360 
1448 770 650 
1449 999 1080 
1450 333 360 
1451 308 260 
1452 888 960 
1453 222 240 
1454 333 360 
1455 111 120 
1456 231 195 
1457 888 960 
1458 231 195 
1459 539 455 
1460 231 195 
1461 539 455 
1462 999 1080 
1463 999 1080 
1464 308 260 
1465 231 195 
1466 444 480 
1467 111 120 
1468 777 840 
1469 77 65 
1470 222 240 
1471 555 600 
1472 154 130 
1473 693 585 
1474 555 600 
1475 888 960 
1476 154 130 
1477 777 840 
1478 154 130 
1479 444 480 
1480 154 130 
1481 385 325 
1482 77 65 
1483 462 390 
1484 231 195 
1485 666 720 
1486 462 390 
1487 154 130 
1488 616 520 
1489 770 650 
1490 77 65 
1491 444 480 
1492 77 65 
1493 462 390 
1494 770 650 
1495 616 520 
1496 77 65 
1497 462 390 
1498 385 325 
1499 333 360 
1500 1110 1200 
1501 444 480 
1502 462 390 
1503 555 600 
1504 616 520 
1505 462 390 
1506 154 130 
1507 444 480 
1508 999 1080 
1509 308 260 
1510 888 960 
1511 77 65 
1512 308 260 
1513 888 960 
1514 770 650 
1515 555 600 
1516 777 840 
1517 666 720 
1518 555 600 
1519 154 130 
1520 385 325 
1521 385 325 
1522 333 360 
1523 385 325 
1524 555 600 
1525 555 600 
1526 308 260 
1527 333 360 
1528 616 520 
1529 666 720 
1530 555 600 
1531 777 840 
1532 1110 1200 
1533 222 240 
1534 693 585 
1535 1110 1200 
1536 777 840 
1537 333 360 
1538 385 325 
1539 385 325 
1540 385 325 
1541 111 120 
1542 999 1080 
1543 555 600 
1544 111 120 
1545 462 390 
1546 462 390 
1547 444 480 
1548 77 65 
1549 111 120 
1550 308 260 
1551 616 520 
1552 231 195 
1553 444 480 
1554 888 960 
1555 693 585 
1556 111 120 
1557 539 455 
1558 999 1080 
1559 333 360 
1560 333 360 
1561 154 130 
1562 462 390 
1563 308 260 
1564 555 600 
1565 385 325 
1566 111 120 
1567 693 585 
1568 308 260 
1569 444 480 
1570 111 120 
1571 1110 1200 
1572 77 65 
1573 1110 1200 
1574 385 325 
1575 222 240 
1576 539 455 
1577 231 195 
1578 385 325 
1579 385 325 
1580 444 480 
1581 462 390 
1582 111 120 
1583 444 480 
1584 385 325 
1585 444 480 
1586 444 480 
1587 999 1080 
1588 77 65 
1589 693 585 
1590 231 195 
1591 154 130 
1592 308 260 
1593 555 600 
1594 231 195 
1595 999 1080 
1596 231 195 
1597 154 130 
1598 154 130 
1599 154 130 
1600 539 455 
1601 999 1080 
1602 693 585 
1603 770 650 
1604 888 960 
1605 616 520 
1606 1110 1200 
1607 77 65 
1608 77 65 
1609 385 325 
1610 616 520 
1611 231 195 
1612 333 360 
1613 666 720 
1614 666 720 
1615 770 650 
1616 888 960 
1617 111 120 
1618 1110 1200 
1619 1110 1200 
1620 308 260 
1621 1110 1200 
1622 616 520 
1623 770 650 
1624 666 720 
1625 462 390 
1626 77 65 
1627 77 65 
1628 770 650 
1629 693 585 
1630 888 960 
1631 385 325 
1632 444 480 
1633 999 1080 
1634 666 720 
1635 333 360 
1636 1110 1200 
1637 154 130 
1638 777 840 
1639 444 480 
1640 1110 1200 
1641 777 840 
1642 999 1080 
1643 462 390 
1644 539 455 
1645 539 455 
1646 111 120 
1647 308 260 
1648 1110 1200 
1649 693 585 
1650 555 600 
1651 385 325 
1652 222 240 
1653 231 195 
1654 770 650 
1655 693 585 
1656 462 390 
1657 385 325 
1658 462 390 
1659 693 585 
1660 385 325 
1661 154 130 
1662 693 585 
1663 308 260 
1664 999 1080 
1665 777 840 
1666 888 960 
1667 444 480 
1668 154 130 
1669 77 65 
1670 154 130 
1671 999 1080 
1672 77 65 
1673 1110 1200 
1674 539 455 
1675 231 195 
1676 333 360 
1677 231 195 
1678 444 480 
1679 770 650 
1680 385 325 
1681 231 195 
1682 666 720 
1683 385 325 
1684 539 455 
1685 616 520 
1686 888 960 
1687 770 650 
1688 539 455 
1689 333 360 
1690 888 960 
1691 462 390 
1692 308 260 
1693 539 455 
1694 539 455 
1695 111 120 
1696 333 360 
1697 385 325 
1698 444 480 
1699 231 195 
1700 777 840 
1701 111 120 
1702 154 130 
1703 222 240 
1704 222 240 
1705 333 360 
1706 333 360 
1707 444 480 
1708 555 600 
1709 308 260 
1710 333 360 
1711 77 65 
1712 1110 1200 
1713 555 600 
1714 222 240 
1715 77 65 
1716 444 480 
1717 999 1080 
1718 770 650 
1719 222 240 
1720 1110 1200 
1721 666 720 
1722 888 960 
1723 539 455 
1724 539 455 
1725 999 1080 
1726 231 195 
1727 231 195 
1728 154 130 
1729 539 455 
1730 444 480 
1731 777 840 
1732 385 325 
1733 308 260 
1734 444 480 
1735 616 520 
1736 333 360 
1737 616 520 
1738 231 195 
1739 308 260 
1740 77 65 
1741 111 120 
1742 777 840 
1743 888 960 
1744 693 585 
1745 999 1080 
1746 222 240 
1747 770 650 
1748 777 840 
1749 616 520 
1750 222 240 
1751 333 360 
1752 333 360 
1753 888 960 
1754 616 520 
1755 77 65 
1756 77 65 
1757 154 130 
1758 385 325 
1759 999 1080 
1760 666 720 
1761 154 130 
1762 770 650 
1763 444 480 
1764 770 650 
1765 693 585 
1766 385 325 
1767 999 1080 
1768 231 195 
1769 616 520 
1770 616 520 
1771 77 65 
1772 154 130 
1773 693 585 
1774 616 520 
1775 231 195 
1776 308 260 
1777 154 130 
1778 77 65 
1779 231 195 
1780 666 720 
1781 616 520 
1782 231 195 
1783 462 390 
1784 693 585 
1785 222 240 
1786 770 650 
1787 231 195 
1788 616 520 
1789 308 260 
1790 539 455 
1791 555 600 
1792 222 240 
1793 154 130 
1794 308 260 
1795 555 600 
1796 77 65 
1797 555 600 
1798 308 260 
1799 462 390 
1800 666 720 
1801 222 240 
1802 308 260 
1803 539 455 
1804 444 480 
1805 555 600 
1806 888 960 
1807 385 325 
1808 111 120 
1809 777 840 
1810 999 1080 
1811 539 455 
1812 777 840 
1813 1110 1200 
1814 770 650 
1815 385 325 
1816 231 195 
1817 222 240 
1818 777 840 
1819 77 65 
1820 308 260 
1821 333 360 
1822 999 1080 
1823 666 720 
1824 111 120 
1825 616 520 
1826 154 130 
1827 539 455 
1828 539 455 
1829 1110 1200 
1830 777 840 
1831 77 65 
1832 616 520 
1833 693 585 
1834 539 455 
1835 231 195 
1836 888 960 
1837 693 585 
1838 308 260 
1839 539 455 
1840 770 650 
1841 154 130 
1842 777 840 
1843 666 720 
1844 231 195 
1845 77 65 
1846 385 325 
1847 770 650 
1848 231 195 
1849 77 65 
1850 333 360 
1851 888 960 
1852 462 390 
1853 462 390 
1854 888 960 
1855 539 455 
1856 616 520 
1857 154 130 
1858 111 120 
1859 385 325 
1860 1110 1200 
1861 222 240 
1862 77 65 
1863 539 455 
1864 231 195 
1865 222 240 
1866 555 600 
1867 1110 1200 
1868 616 520 
1869 539 455 
1870 666 720 
1871 385 325 
1872 555 600 
1873 333 360 
1874 308 260 
1875 999 1080 
1876 222 240 
1877 539 455 
1878 333 360 
1879 693 585 
1880 770 650 
1881 462 390 
1882 77 65 
1883 444 480 
1884 616 520 
1885 154 130 
1886 616 520 
1887 444 480 
1888 539 455 
1889 770 650 
1890 999 1080 
1891 308 260 
1892 770 650 
1893 693 585 
1894 666 720 
1895 154 130 
1896 666 720 
1897 308 260 
1898 154 130 
1899 555 600 
1900 462 390 
1901 693 585 
1902 1110 1200 
1903 444 480 
1904 222 240 
1905 111 120 
1906 308 260 
1907 888 960 
1908 462 390 
1909 222 240 
1910 462 390 
1911 777 840 
1912 616 520 
1913 555 600 
1914 231 195 
1915 770 650 
1916 770 650 
1917 222 240 
1918 111 120 
1919 154 130 
1920 777 840 
1921 333 360 
1922 539 455 
1923 385 325 
1924 555 600 
1925 777 840 
1926 308 260 
1927 770 650 
1928 154 130 
1929 1110 1200 
1930 333 360 
1931 385 325 
1932 777 840 
1933 999 1080 
1934 666 720 
1935 462 390 
1936 555 600 
1937 462 390 
1938 666 720 
1939 770 650 
1940 222 240 
1941 77 65 
1942 385 325 
1943 616 520 
1944 222 240 
1945 616 520 
1946 444 480 
1947 462 390 
1948 539 455 
1949 308 260 
1950 111 120 
1951 693 585 
1952 693 585 
1953 462 390 
1954 888 960 
1955 231 195 
1956 385 325 
1957 666 720 
1958 462 390 
1959 999 1080 
1960 308 260 
1961 77 65 
1962 154 130 
1963 777 840 
1964 999 1080 
1965 231 195 
1966 444 480 
1967 777 840 
1968 616 520 
1969 333 360 
1970 154 130 
1971 999 1080 
1972 462 390 
1973 385 325 
1974 444 480 
1975 539 455 
1976 777 840 
1977 385 325 
1978 693 585 
1979 231 195 
1980 77 65 
1981 462 390 
1982 308 260 
1983 111 120 
1984 555 600 
1985 111 120 
1986 777 840 
1987 77 65 
1988 1110 1200 
1989 77 65 
1990 1110 1200 
1991 111 120 
1992 462 390 
1993 154 130 
1994 154 130 
1995 616 520 
1996 888 960 
1997 1110 1200 
1998 888 960 
1999 444 480 
2000 333 360 
2001 616 520 
2002 462 390 
2003 666 720 
2004 222 240 
2005 111 120 
2006 888 960 
2007 888 960 
2008 111 120 
2009 77 65 
2010 1110 1200 
2011 385 325 
2012 770 650 
2013 462 390 
2014 385 325 
2015 333 360 
2016 1110 1200 
2017 462 390 
2018 462 390 
2019 154 130 
2020 154 130 
2021 777 840 
2022 539 455 
2023 666 720 
2024 333 360 
2025 777 840 
2026 308 260 
2027 462 390 
2028 154 130 
2029 770 650 
2030 888 960 
2031 231 195 
2032 222 240 
2033 777 840 
2034 770 650 
2035 770 650 
2036 539 455 
2037 231 195 
2038 444 480 
2039 385 325 
2040 888 960 
2041 555 600 
2042 222 240 
2043 308 260 
2044 462 390 
2045 770 650 
2046 693 585 
2047 555 600 
2048 385 325 
2049 222 240 
2050 888 960 
2051 888 960 
2052 222 240 
2053 888 960 
2054 888 960 
2055 154 130 
2056 308 260 
2057 999 1080 
2058 231 195 
2059 539 455 
2060 693 585 
2061 154 130 
2062 231 195 
2063 999 1080 
2064 999 1080 
2065 777 840 
2066 444 480 
2067 666 720 
2068 111 120 
2069 77 65 
2070 616 520 
2071 555 600 
2072 308 260 
2073 693 585 
2074 222 240 
2075 539 455 
2076 222 240 
2077 616 520 
2078 154 130 
2079 154 130 
2080 555 600 
2081 231 195 
2082 777 840 
2083 111 120 
2084 154 130 
2085 308 260 
2086 693 585 
2087 231 195 
2088 385 325 
2089 444 480 
2090 444 480 
2091 444 480 
2092 616 520 
2093 777 840 
2094 333 360 
2095 616 520 
2096 385 325 
2097 999 1080 
2098 333 360 
2099 308 260 
2100 444 480 
2101 616 520 
2102 462 390 
2103 616 520 
2104 77 65 
2105 385 325 
2106 777 840 
2107 308 260 
2108 111 120 
2109 333 360 
2110 777 840 
2111 154 130 
2112 616 520 
2113 616 520 
2114 693 585 
2115 616 520 
2116 77 65 
2117 111 120 
2118 1110 1200 
2119 385 325 
2120 333 360 
2121 770 650 
2122 333 360 
2123 616 520 
2124 462 390 
2125 999 1080 
2126 308 260 
2127 462 390 
2128 555 600 
2129 539 455 
2130 539 455 
2131 888 960 
2132 111 120 
2133 555 600 
2134 999 1080 
2135 555 600 
2136 693 585 
2137 693 585 
2138 222 240 
2139 777 840 
2140 444 480 
2141 111 120 
2142 777 840 
2143 693 585 
2144 462 390 
2145 777 840 
2146 616 520 
2147 539 455 
2148 539 455 
2149 999 1080 
2150 154 130 
2151 999 1080 
2152 555 600 
2153 616 520 
2154 77 65 
2155 888 960 
2156 777 840 
2157 385 325 
2158 222 240 
2159 231 195 
2160 539 455 
2161 333 360 
2162 539 455 
2163 693 585 
2164 222 240 
2165 222 240 
2166 666 720 
2167 308 260 
2168 555 600 
2169 770 650 
2170 616 520 
2171 693 585 
2172 231 195 
2173 539 455 
2174 308 260 
2175 555 600 
2176 462 390 
2177 616 520 
2178 693 585 
2179 222 240 
2180 154 130 
2181 616 520 
2182 693 585 
2183 616 520 
2184 1110 1200 
2185 77 65 
2186 693 585 
2187 1110 1200 
2188 111 120 
2189 111 120 
2190 539 455 
2191 231 195 
2192 770 650 
2193 222 240 
2194 770 650 
2195 462 390 
2196 539 455 
2197 231 195 
2198 777 840 
2199 693 585 
2200 77 65 
2201 77 65 
2202 888 960 
2203 333 360 
2204 539 455 
2205 308 260 
2206 111 120 
2207 462 390 
2208 888 960 
2209 222 240 
2210 888 960 
2211 770 650 
2212 444 480 
2213 231 195 
2214 231 195 
2215 462 390 
2216 444 480 
2217 555 600 
2218 666 720 
2219 385 325 
2220 666 720 
2221 888 960 
2222 308 260 
2223 444 480 
2224 1110 1200 
2225 666 720 
2226 555 600 
2227 444 480 
2228 333 360 
2229 111 120 
2230 231 195 
2231 222 240 
2232 693 585 
2233 154 130 
2234 462 390 
2235 999 1080 
2236 385 325 
2237 462 390 
2238 444 480 
2239 385 325 
2240 770 650 
2241 154 130 
2242 666 720 
2243 555 600 
2244 999 1080 
2245 231 195 
2246 666 720 
2247 154 130 
2248 777 840 
2249 154 130 
2250 111 120 
2251 616 520 
2252 222 240 
2253 777 840 
2254 539 455 
2255 231 195 
2256 308 260 
2257 999 1080 
2258 231 195 
2259 154 130 
2260 770 650 
2261 111 120 
2262 462 390 
2263 770 650 
2264 308 260 
2265 693 585 
2266 231 195 
2267 231 195 
2268 333 360 
2269 444 480 
2270 770 650 
2271 308 260 
2272 770 650 
2273 616 520 
2274 555 600 
2275 770 650 
2276 539 455 
2277 308 260 
2278 222 240 
2279 1110 1200 
2280 385 325 
2281 999 1080 
2282 308 260 
2283 666 720 
2284 1110 1200 
2285 111 120 
2286 308 260 
2287 308 260 
2288 777 840 
2289 666 720 
2290 1110 1200 
2291 154 130 
2292 770 650 
2293 555 600 
2294 777 840 
2295 385 325 
2296 555 600 
2297 111 120 
2298 308 260 
2299 666 720 
2300 555 600 
2301 154 130 
2302 770 650 
2303 308 260 
2304 693 585 
2305 770 650 
2306 555 600 
2307 222 240 
2308 666 720 
2309 1110 1200 
2310 999 1080 
2311 999 1080 
2312 385 325 
2313 462 390 
2314 308 260 
2315 333 360 
2316 222 240 
2317 539 455 
2318 999 1080 
2319 616 520 
2320 444 480 
2321 462 390 
2322 231 195 
2323 770 650 
2324 222 240 
2325 770 650 
2326 308 260 
2327 770 650 
2328 308 260 
2329 111 120 
2330 385 325 
2331 770 650 
2332 770 650 
2333 444 480 
2334 693 585 
2335 555 600 
2336 222 240 
2337 999 1080 
2338 555 600 
2339 462 390 
2340 77 65 
2341 888 960 
2342 385 325 
2343 111 120 
2344 231 195 
2345 111 120 
2346 1110 1200 
2347 111 120 
2348 444 480 
2349 111 120 
2350 666 720 
2351 231 195 
2352 77 65 
2353 111 120 
2354 385 325 
2355 333 360 
2356 222 240 
2357 539 455 
2358 616 520 
2359 308 260 
2360 308 260 
2361 231 195 
2362 385 325 
2363 77 65 
2364 77 65 
2365 888 960 
2366 693 585 
2367 693 585 
2368 308 260 
2369 693 585 
2370 999 1080 
2371 539 455 
2372 231 195 
2373 385 325 
2374 999 1080 
2375 385 325 
2376 111 120 
2377 333 360 
2378 539 455 
2379 555 600 
2380 555 600 
2381 693 585 
2382 616 520 
2383 555 600 
2384 231 195 
2385 693 585 
2386 231 195 
2387 777 840 
2388 308 260 
2389 222 240 
2390 1110 1200 
2391 777 840 
2392 616 520 
2393 333 360 
2394 666 720 
2395 770 650 
2396 444 480 
2397 888 960 
2398 111 120 
2399 693 585 
2400 385 325 
2401 462 390 
2402 444 480 
2403 888 960 
2404 222 240 
2405 444 480 
2406 385 325 
2407 555 600 
2408 770 650 
2409 231 195 
2410 1110 1200 
2411 888 960 
2412 111 120 
2413 539 455 
2414 333 360 
2415 777 840 
2416 385 325 
2417 77 65 
2418 666 720 
2419 777 840 
2420 616 520 
2421 616 520 
2422 222 240 
2423 666 720 
2424 555 600 
2425 539 455 
2426 462 390 
2427 539 455 
2428 777 840 
2429 666 720 
2430 999 1080 
2431 385 325 
2432 616 520 
2433 693 585 
2434 666 720 
2435 444 480 
2436 1110 1200 
2437 999 1080 
2438 555 600 
2439 693 585 
2440 693 585 
2441 77 65 
2442 222 240 
2443 999 1080 
2444 1110 1200 
2445 616 520 
2446 77 65 
2447 231 195 
2448 231 195 
2449 462 390 
2450 666 720 
2451 999 1080 
2452 111 120 
2453 111 120 
2454 308 260 
2455 154 130 
2456 111 120 
2457 770 650 
2458 111 120 
2459 539 455 
2460 308 260 
2461 77 65 
2462 231 195 
2463 770 650 
2464 770 650 
2465 555 600 
2466 999 1080 
2467 308 260 
2468 154 130 
2469 616 520 
2470 616 520 
2471 693 585 
2472 308 260 
2473 231 195 
2474 777 840 
2475 333 360 
2476 555 600 
2477 154 130 
2478 462 390 
2479 154 130 
2480 462 390 
2481 333 360 
2482 308 260 
2483 222 240 
2484 999 1080 
2485 77 65 
2486 333 360 
2487 385 325 
2488 333 360 
2489 555 600 
2490 111 120 
2491 888 960 
2492 777 840 
2493 1110 1200 
2494 111 120 
2495 999 1080 
2496 111 120 
2497 770 650 
2498 444 480 
2499 693 585 
2500 539 455 
2501 222 240 
2502 222 240 
2503 555 600 
2504 444 480 
2505 154 130 
2506 888 960 
2507 231 195 
2508 539 455 
2509 666 720 
2510 1110 1200 
2511 111 120 
2512 999 1080 
2513 333 360 
2514 444 480 
2515 770 650 
2516 154 130 
2517 1110 1200 
2518 111 120 
2519 385 325 
2520 1110 1200 
2521 1110 1200 
2522 555 600 
2523 111 120 
2524 1110 1200 
2525 999 1080 
2526 999 1080 
2527 308 260 
2528 444 480 
2529 1110 1200 
2530 111 120 
2531 308 260 
2532 333 360 
2533 666 720 
2534 1110 1200 
2535 111 120 
2536 308 260 
2537 154 130 
2538 616 520 
2539 616 520 
2540 693 585 
2541 693 585 
2542 888 960 
2543 462 390 
2544 77 65 
2545 231 195 
2546 666 720 
2547 770 650 
2548 539 455 
2549 444 480 
2550 154 130 
2551 770 650 
2552 308 260 
2553 333 360 
2554 777 840 
2555 770 650 
2556 231 195 
2557 154 130 
2558 154 130 
2559 462 390 
2560 462 390 
2561 462 390 
2562 77 65 
2563 888 960 
2564 111 120 
2565 770 650 
2566 770 650 
2567 385 325 
2568 539 455 
2569 231 195 
2570 77 65 
2571 888 960 
2572 693 585 
2573 999 1080 
2574 666 720 
2575 333 360 
2576 888 960 
2577 231 195 
2578 308 260 
2579 385 325 
2580 222 240 
2581 111 120 
2582 462 390 
2583 770 650 
2584 616 520 
2585 555 600 
2586 222 240 
2587 616 520 
2588 999 1080 
2589 539 455 
2590 770 650 
2591 462 390 
2592 666 720 
2593 444 480 
2594 308 260 
2595 333 360 
2596 616 520 
2597 666 720 
2598 1110 1200 
2599 999 1080 
2600 616 520 
2601 666 720 
2602 555 600 
2603 111 120 
2604 308 260 
2605 222 240 
2606 462 390 
2607 444 480 
2608 770 650 
2609 385 325 
2610 770 650 
2611 222 240 
2612 555 600 
2613 308 260 
2614 539 455 
2615 1110 1200 
2616 231 195 
2617 888 960 
2618 77 65 
2619 222 240 
2620 308 260 
2621 222 240 
2622 385 325 
2623 462 390 
2624 462 390 
2625 770 650 
2626 77 65 
2627 444 480 
2628 999 1080 
2629 333 360 
2630 154 130 
2631 77 65 
2632 111 120 
2633 154 130 
2634 111 120 
2635 154 130 
2636 666 720 
2637 555 600 
2638 462 390 
2639 777 840 
2640 462 390 
2641 385 325 
2642 231 195 
2643 777 840 
2644 539 455 
2645 693 585 
2646 111 120 
2647 77 65 
2648 444 480 
2649 1110 1200 
2650 999 1080 
2651 777 840 
2652 385 325 
2653 555 600 
2654 693 585 
2655 1110 1200 
2656 888 960 
2657 333 360 
2658 777 840 
2659 693 585 
2660 462 390 
2661 1110 1200 
2662 555 600 
2663 385 325 
2664 693 585 
2665 231 195 
2666 539 455 
2667 999 1080 
2668 222 240 
2669 693 585 
2670 222 240 
2671 1110 1200 
2672 666 720 
2673 539 455 
2674 333 360 
2675 770 650 
2676 1110 1200 
2677 77 65 
2678 666 720 
2679 777 840 
2680 231 195 
2681 999 1080 
2682 77 65 
2683 1110 1200 
2684 1110 1200 
2685 111 120 
2686 462 390 
2687 770 650 
2688 222 240 
2689 154 130 
2690 666 720 
2691 77 65 
2692 77 65 
2693 154 130 
2694 555 600 
2695 1110 1200 
2696 462 390 
2697 555 600 
2698 770 650 
2699 231 195 
2700 666 720 
2701 888 960 
2702 308 260 
2703 693 585 
2704 444 480 
2705 111 120 
2706 385 325 
2707 555 600 
2708 462 390 
2709 555 600 
2710 385 325 
2711 77 65 
2712 222 240 
2713 231 195 
2714 693 585 
2715 222 240 
2716 693 585 
2717 693 585 
2718 999 1080 
2719 616 520 
2720 777 840 
2721 231 195 
2722 231 195 
2723 462 390 
2724 888 960 
2725 539 455 
2726 231 195 
2727 222 240 
2728 999 1080 
2729 693 585 
2730 231 195 
2731 154 130 
2732 462 390 
2733 77 65 
2734 111 120 
2735 462 390 
2736 222 240 
2737 555 600 
2738 222 240 
2739 770 650 
2740 154 130 
2741 333 360 
2742 770 650 
2743 154 130 
2744 770 650 
2745 888 960 
2746 666 720 
2747 888 960 
2748 444 480 
2749 77 65 
2750 770 650 
2751 231 195 
2752 693 585 
2753 1110 1200 
2754 777 840 
2755 333 360 
2756 462 390 
2757 999 1080 
2758 555 600 
2759 444 480 
2760 385 325 
2761 539 455 
2762 444 480 
2763 77 65 
2764 539 455 
2765 333 360 
2766 333 360 
2767 231 195 
2768 555 600 
2769 308 260 
2770 770 650 
2771 1110 1200 
2772 444 480 
2773 888 960 
2774 77 65 
2775 444 480 
2776 444 480 
2777 444 480 
2778 385 325 
2779 777 840 
2780 231 195 
2781 77 65 
2782 555 600 
2783 770 650 
2784 1110 1200 
2785 1110 1200 
2786 111 120 
2787 1110 1200 
2788 777 840 
2789 77 65 
2790 555 600 
2791 888 960 
2792 444 480 
2793 444 480 
2794 666 720 
2795 888 960 
2796 777 840 
2797 888 960 
2798 462 390 
2799 77 65 
2800 616 520 
2801 154 130 
2802 770 650 
2803 154 130 
2804 770 650 
2805 385 325 
2806 777 840 
2807 888 960 
2808 77 65 
2809 999 1080 
2810 231 195 
2811 222 240 
2812 111 120 
2813 385 325 
2814 154 130 
2815 555 600 
2816 111 120 
2817 333 360 
2818 222 240 
2819 616 520 
2820 777 840 
2821 308 260 
2822 308 260 
2823 77 65 
2824 333 360 
2825 222 240 
2826 77 65 
2827 462 390 
2828 888 960 
2829 1110 1200 
2830 770 650 
2831 539 455 
2832 462 390 
2833 539 455 
2834 539 455 
2835 555 600 
2836 666 720 
2837 616 520 
2838 111 120 
2839 888 960 
2840 616 520 
2841 693 585 
2842 999 1080 
2843 693 585 
2844 539 455 
2845 999 1080 
2846 777 840 
2847 231 195 
2848 777 840 
2849 666 720 
2850 555 600 
2851 693 585 
2852 333 360 
2853 154 130 
2854 616 520 
2855 693 585 
2856 231 195 
2857 111 120 
2858 693 585 
2859 222 240 
2860 616 520 
2861 154 130 
2862 385 325 
2863 555 600 
2864 231 195 
2865 222 240 
2866 616 520 
2867 462 390 
2868 111 120 
2869 693 585 
2870 77 65 
2871 1110 1200 
2872 77 65 
2873 444 480 
2874 666 720 
2875 231 195 
2876 333 360 
2877 77 65 
2878 666 720 
2879 385 325 
2880 385 325 
2881 444 480 
2882 333 360 
2883 444 480 
2884 333 360 
2885 999 1080 
2886 111 120 
2887 77 65 
2888 111 120 
2889 444 480 
2890 555 600 
2891 555 600 
2892 308 260 
2893 231 195 
2894 888 960 
2895 1110 1200 
2896 770 650 
2897 444 480 
2898 462 390 
2899 770 650 
2900 999 1080 
2901 555 600 
2902 308 260 
2903 231 195 
2904 999 1080 
2905 1110 1200 
2906 888 960 
2907 666 720 
2908 693 585 
2909 616 520 
2910 888 960 
2911 385 325 
2912 555 600 
2913 462 390 
2914 770 650 
2915 770 650 
2916 385 325 
2917 777 840 
2918 693 585 
2919 222 240 
2920 333 360 
2921 666 720 
2922 222 240 
2923 308 260 
2924 111 120 
2925 77 65 
2926 555 600 
2927 693 585 
2928 444 480 
2929 333 360 
2930 462 390 
2931 333 360 
2932 888 960 
2933 111 120 
2934 770 650 
2935 385 325 
2936 385 325 
2937 770 650 
2938 616 520 
2939 333 360 
2940 111 120 
2941 385 325 
2942 777 840 
2943 222 240 
2944 154 130 
2945 539 455 
2946 111 120 
2947 666 720 
2948 888 960 
2949 444 480 
2950 462 390 
2951 222 240 
2952 222 240 
2953 555 600 
2954 444 480 
2955 154 130 
2956 666 720 
2957 666 720 
2958 308 260 
2959 888 960 
2960 539 455 
2961 385 325 
2962 539 455 
2963 444 480 
2964 111 120 
2965 333 360 
2966 999 1080 
2967 539 455 
2968 385 325 
2969 154 130 
2970 539 455 
2971 616 520 
2972 385 325 
2973 770 650 
2974 77 65 
2975 770 650 
2976 539 455 
2977 222 240 
2978 77 65 
2979 385 325 
2980 770 650 
2981 444 480 
2982 666 720 
2983 555 600 
2984 77 65 
2985 555 600 
2986 693 585 
2987 308 260 
2988 693 585 
2989 999 1080 
2990 999 1080 
2991 888 960 
2992 308 260 
2993 444 480 
2994 693 585 
2995 770 650 
2996 1110 1200 
2997 770 650 
2998 444 480 
2999 111 120 
3000 222 240 
3001 616 520 
3002 693 585 
3003 616 520 
3004 444 480 
3005 777 840 
3006 693 585 
3007 555 600 
3008 888 960 
3009 308 260 
3010 666 720 
3011 111 120 
3012 777 840 
3013 308 260 
3014 999 1080 
3015 385 325 
3016 888 960 
3017 539 455 
3018 77 65 
3019 385 325 
3020 777 840 
3021 999 1080 
3022 462 390 
3023 693 585 
3024 154 130 
3025 999 1080 
3026 777 840 
3027 616 520 
3028 999 1080 
3029 222 240 
3030 231 195 
3031 333 360 
3032 231 195 
3033 539 455 
3034 154 130 
3035 77 65 
3036 1110 1200 
3037 555 600 
3038 1110 1200 
3039 555 600 
3040 616 520 
3041 444 480 
3042 231 195 
3043 888 960 
3044 1110 1200 
3045 999 1080 
3046 308 260 
3047 444 480 
3048 444 480 
3049 77 65 
3050 888 960 
3051 444 480 
3052 555 600 
3053 77 65 
3054 777 840 
3055 77 65 
3056 333 360 
3057 999 1080 
3058 154 130 
3059 308 260 
3060 999 1080 
3061 539 455 
3062 444 480 
3063 555 600 
3064 444 480 
3065 770 650 
3066 111 120 
3067 77 65 
3068 308 260 
3069 111 120 
3070 616 520 
3071 222 240 
3072 888 960 
3073 77 65 
3074 1110 1200 
3075 693 585 
3076 555 600 
3077 308 260 
3078 555 600 
3079 444 480 
3080 888 960 
3081 444 480 
3082 444 480 
3083 693 585 
3084 539 455 
3085 111 120 
3086 333 360 
3087 666 720 
3088 616 520 
3089 616 520 
3090 1110 1200 
3091 385 325 
3092 666 720 
3093 333 360 
3094 999 1080 
3095 385 325 
3096 222 240 
3097 555 600 
3098 462 390 
3099 539 455 
3100 888 960 
3101 616 520 
3102 1110 1200 
3103 444 480 
3104 999 1080 
3105 231 195 
3106 462 390 
3107 222 240 
3108 444 480 
3109 888 960 
3110 222 240 
3111 555 600 
3112 154 130 
3113 616 520 
3114 154 130 
3115 154 130 
3116 555 600 
3117 693 585 
3118 888 960 
3119 616 520 
3120 770 650 
3121 154 130 
3122 154 130 
3123 693 585 
3124 154 130 
3125 462 390 
3126 770 650 
3127 888 960 
3128 308 260 
3129 444 480 
3130 444 480 
3131 231 195 
3132 770 650 
3133 770 650 
3134 888 960 
3135 616 520 
3136 231 195 
3137 999 1080 
3138 539 455 
3139 111 120 
3140 111 120 
3141 308 260 
3142 693 585 
3143 77 65 
3144 999 1080 
3145 385 325 
3146 308 260 
3147 308 260 
3148 539 455 
3149 231 195 
3150 444 480 
3151 539 455 
3152 462 390 
3153 666 720 
3154 444 480 
3155 385 325 
3156 222 240 
3157 154 130 
3158 539 455 
3159 666 720 
3160 1110 1200 
3161 154 130 
3162 770 650 
3163 385 325 
3164 77 65 
3165 539 455 
3166 770 650 
3167 777 840 
3168 693 585 
3169 555 600 
3170 999 1080 
3171 111 120 
3172 777 840 
3173 999 1080 
3174 308 260 
3175 154 130 
3176 888 960 
3177 1110 1200 
3178 693 585 
3179 539 455 
3180 77 65 
3181 555 600 
3182 888 960 
3183 111 120 
3184 308 260 
3185 222 240 
3186 693 585 
3187 308 260 
3188 462 390 
3189 666 720 
3190 462 390 
3191 222 240 
3192 999 1080 
3193 555 600 
3194 770 650 
3195 666 720 
3196 333 360 
3197 1110 1200 
3198 616 520 
3199 888 960 
3200 385 325 
3201 231 195 
3202 231 195 
3203 308 260 
3204 154 130 
3205 111 120 
3206 770 650 
3207 385 325 
3208 231 195 
3209 693 585 
3210 616 520 
3211 555 600 
3212 1110 1200 
3213 693 585 
3214 231 195 
3215 888 960 
3216 222 240 
3217 308 260 
3218 777 840 
3219 77 65 
3220 154 130 
3221 777 840 
3222 154 130 
3223 154 130 
3224 222 240 
3225 539 455 
3226 77 65 
3227 111 120 
3228 308 260 
3229 770 650 
3230 693 585 
3231 888 960 
3232 222 240 
3233 666 720 
3234 77 65 
3235 231 195 
3236 770 650 
3237 333 360 
3238 333 360 
3239 111 120 
3240 999 1080 
3241 231 195 
3242 222 240 
3243 444 480 
3244 616 520 
3245 770 650 
3246 231 195 
3247 888 960 
3248 444 480 
3249 888 960 
3250 666 720 
3251 777 840 
3252 777 840 
3253 222 240 
3254 385 325 
3255 616 520 
3256 77 65 
3257 555 600 
3258 77 65 
3259 770 650 
3260 154 130 
3261 777 840 
3262 999 1080 
3263 77 65 
3264 385 325 
3265 693 585 
3266 333 360 
3267 154 130 
3268 308 260 
3269 154 130 
3270 555 600 
3271 222 240 
3272 231 195 
3273 385 325 
3274 154 130 
3275 385 325 
3276 666 720 
3277 888 960 
3278 555 600 
3279 555 600 
3280 111 120 
3281 666 720 
3282 693 585 
3283 1110 1200 
3284 385 325 
3285 77 65 
3286 555 600 
3287 385 325 
3288 111 120 
3289 222 240 
3290 666 720 
3291 231 195 
3292 999 1080 
3293 111 120 
3294 222 240 
3295 111 120 
3296 462 390 
3297 888 960 
3298 770 650 
3299 154 130 
3300 462 390 
3301 308 260 
3302 462 390 
3303 111 120 
3304 770 650 
3305 385 325 
3306 111 120 
3307 616 520 
3308 616 520 
3309 222 240 
3310 693 585 
3311 539 455 
3312 111 120 
3313 308 260 
3314 1110 1200 
3315 770 650 
3316 444 480 
3317 222 240 
3318 385 325 
3319 111 120 
3320 555 600 
3321 462 390 
3322 770 650 
3323 777 840 
3324 1110 1200 
3325 777 840 
3326 462 390 
3327 154 130 
3328 77 65 
3329 777 840 
3330 231 195 
3331 385 325 
3332 666 720 
3333 385 325 
3334 231 195 
3335 308 260 
3336 666 720 
3337 385 325 
3338 999 1080 
3339 333 360 
3340 444 480 
3341 385 325 
3342 693 585 
3343 777 840 
3344 462 390 
3345 462 390 
3346 1110 1200 
3347 616 520 
3348 555 600 
3349 888 960 
3350 999 1080 
3351 999 1080 
3352 666 720 
3353 77 65 
3354 111 120 
3355 1110 1200 
3356 770 650 
3357 444 480 
3358 555 600 
3359 616 520 
3360 222 240 
3361 693 585 
3362 1110 1200 
3363 444 480 
3364 555 600 
3365 999 1080 
3366 154 130 
3367 777 840 
3368 308 260 
3369 539 455 
3370 539 455 
3371 231 195 
3372 693 585 
3373 385 325 
3374 888 960 
3375 231 195 
3376 231 195 
3377 555 600 
3378 385 325 
3379 666 720 
3380 154 130 
3381 385 325 
3382 770 650 
3383 222 240 
3384 616 520 
3385 154 130 
3386 770 650 
3387 444 480 
3388 385 325 
3389 154 130 
3390 770 650 
3391 154 130 
3392 777 840 
3393 222 240 
3394 555 600 
3395 1110 1200 
3396 385 325 
3397 462 390 
3398 222 240 
3399 333 360 
3400 231 195 
3401 666 720 
3402 666 720 
3403 555 600 
3404 777 840 
3405 666 720 
3406 444 480 
3407 308 260 
3408 333 360 
3409 444 480 
3410 111 120 
3411 154 130 
3412 77 65 
3413 666 720 
3414 693 585 
3415 444 480 
3416 770 650 
3417 693 585 
3418 385 325 
3419 666 720 
3420 999 1080 
3421 888 960 
3422 555 600 
3423 222 240 
3424 308 260 
3425 616 520 
3426 333 360 
3427 666 720 
3428 308 260 
3429 1110 1200 
3430 444 480 
3431 444 480 
3432 77 65 
3433 333 360 
3434 888 960 
3435 154 130 
3436 154 130 
3437 555 600 
3438 888 960 
3439 770 650 
3440 77 65 
3441 888 960 
3442 111 120 
3443 111 120 
3444 222 240 
3445 770 650 
3446 222 240 
3447 770 650 
3448 777 840 
3449 693 585 
3450 77 65 
3451 222 240 
3452 222 240 
3453 693 585 
3454 222 240 
3455 693 585 
3456 999 1080 
3457 222 240 
3458 462 390 
3459 693 585 
3460 999 1080 
3461 462 390 
3462 462 390 
3463 77 65 
3464 77 65 
3465 462 390 
3466 77 65 
3467 111 120 
3468 1110 1200 
3469 693 585 
3470 539 455 
3471 444 480 
3472 462 390 
3473 222 240 
3474 385 325 
3475 77 65 
3476 222 240 
3477 231 195 
3478 333 360 
3479 693 585 
3480 231 195 
3481 154 130 
3482 539 455 
3483 693 585 
3484 666 720 
3485 385 325 
3486 111 120 
3487 555 600 
3488 888 960 
3489 77 65 
3490 308 260 
3491 308 260 
3492 444 480 
3493 666 720 
3494 666 720 
3495 770 650 
3496 231 195 
3497 333 360 
3498 154 130 
3499 693 585 
3500 616 520 
3501 308 260 
3502 154 130 
3503 462 390 
3504 462 390 
3505 333 360 
3506 462 390 
3507 111 120 
3508 385 325 
3509 154 130 
3510 111 120 
3511 111 120 
3512 555 600 
3513 888 960 
3514 666 720 
3515 555 600 
3516 616 520 
3517 539 455 
3518 444 480 
3519 111 120 
3520 111 120 
3521 999 1080 
3522 222 240 
3523 666 720 
3524 231 195 
3525 777 840 
3526 333 360 
3527 539 455 
3528 1110 1200 
3529 154 130 
3530 77 65 
3531 539 455 
3532 222 240 
3533 333 360 
3534 222 240 
3535 693 585 
3536 777 840 
3537 77 65 
3538 616 520 
3539 462 390 
3540 385 325 
3541 77 65 
3542 462 390 
3543 154 130 
3544 693 585 
3545 666 720 
3546 539 455 
3547 231 195 
3548 308 260 
3549 231 195 
3550 111 120 
3551 333 360 
3552 222 240 
3553 444 480 
3554 154 130 
3555 231 195 
3556 154 130 
3557 462 390 
3558 539 455 
3559 1110 1200 
3560 77 65 
3561 666 720 
3562 111 120 
3563 222 240 
3564 666 720 
3565 777 840 
3566 231 195 
3567 666 720 
3568 462 390 
3569 693 585 
3570 888 960 
3571 231 195 
3572 777 840 
3573 999 1080 
3574 770 650 
3575 1110 1200 
3576 1110 1200 
3577 154 130 
3578 1110 1200 
3579 385 325 
3580 308 260 
3581 555 600 
3582 462 390 
3583 539 455 
3584 77 65 
3585 385 325 
3586 77 65 
3587 999 1080 
3588 888 960 
3589 231 195 
3590 616 520 
3591 77 65 
3592 231 195 
3593 154 130 
3594 333 360 
3595 555 600 
3596 693 585 
3597 154 130 
3598 888 960 
3599 693 585 
3600 154 130 
3601 111 120 
3602 111 120 
3603 1110 1200 
3604 777 840 
3605 385 325 
3606 555 600 
3607 385 325 
3608 222 240 
3609 111 120 
3610 770 650 
3611 666 720 
3612 555 600 
3613 231 195 
3614 888 960 
3615 333 360 
3616 666 720 
3617 222 240 
3618 693 585 
3619 539 455 
3620 666 720 
3621 77 65 
3622 444 480 
3623 308 260 
3624 693 585 
3625 616 520 
3626 333 360 
3627 616 520 
3628 999 1080 
3629 444 480 
3630 77 65 
3631 154 130 
3632 616 520 
3633 693 585 
3634 539 455 
3635 111 120 
3636 539 455 
3637 231 195 
3638 77 65 
3639 616 520 
3640 385 325 
3641 770 650 
3642 308 260 
3643 111 120 
3644 111 120 
3645 539 455 
3646 539 455 
3647 77 65 
3648 888 960 
3649 539 455 
3650 385 325 
3651 555 600 
3652 77 65 
3653 222 240 
3654 693 585 
3655 444 480 
3656 231 195 
3657 462 390 
3658 888 960 
3659 770 650 
3660 308 260 
3661 770 650 
3662 616 520 
3663 539 455 
3664 333 360 
3665 444 480 
3666 999 1080 
3667 693 585 
3668 770 650 
3669 555 600 
3670 462 390 
3671 616 520 
3672 77 65 
3673 999 1080 
3674 539 455 
3675 555 600 
3676 777 840 
3677 555 600 
3678 333 360 
3679 231 195 
3680 231 195 
3681 111 120 
3682 616 520 
3683 385 325 
3684 385 325 
3685 222 240 
3686 693 585 
3687 231 195 
3688 231 195 
3689 777 840 
3690 77 65 
3691 555 600 
3692 385 325 
3693 999 1080 
3694 777 840 
3695 888 960 
3696 777 840 
3697 462 390 
3698 666 720 
3699 539 455 
3700 154 130 
3701 462 390 
3702 888 960 
3703 385 325 
3704 693 585 
3705 666 720 
3706 616 520 
3707 111 120 
3708 555 600 
3709 888 960 
3710 539 455 
3711 77 65 
3712 385 325 
3713 777 840 
3714 888 960 
3715 444 480 
3716 385 325 
3717 999 1080 
3718 999 1080 
3719 462 390 
3720 444 480 
3721 444 480 
3722 777 840 
3723 462 390 
3724 444 480 
3725 333 360 
3726 222 240 
3727 555 600 
3728 231 195 
3729 154 130 
3730 385 325 
3731 770 650 
3732 77 65 
3733 77 65 
3734 666 720 
3735 770 650 
3736 1110 1200 
3737 693 585 
3738 555 600 
3739 770 650 
3740 555 600 
3741 385 325 
3742 693 585 
3743 777 840 
3744 539 455 
3745 385 325 
3746 462 390 
3747 154 130 
3748 462 390 
3749 385 325 
3750 777 840 
3751 77 65 
3752 888 960 
3753 111 120 
3754 693 585 
3755 333 360 
3756 111 120 
3757 111 120 
3758 462 390 
3759 1110 1200 
3760 666 720 
3761 888 960 
3762 777 840 
3763 231 195 
3764 1110 1200 
3765 666 720 
3766 308 260 
3767 616 520 
3768 385 325 
3769 693 585 
3770 77 65 
3771 333 360 
3772 444 480 
3773 888 960 
3774 333 360 
3775 693 585 
3776 1110 1200 
3777 385 325 
3778 231 195 
3779 462 390 
3780 888 960 
3781 1110 1200 
3782 777 840 
3783 444 480 
3784 111 120 
3785 462 390 
3786 444 480 
3787 385 325 
3788 385 325 
3789 154 130 
3790 385 325 
3791 770 650 
3792 154 130 
3793 1110 1200 
3794 999 1080 
3795 539 455 
3796 111 120 
3797 539 455 
3798 888 960 
3799 777 840 
3800 616 520 
3801 539 455 
3802 555 600 
3803 555 600 
3804 462 390 
3805 77 65 
3806 385 325 
3807 111 120 
3808 770 650 
3809 1110 1200 
3810 222 240 
3811 999 1080 
3812 539 455 
3813 333 360 
3814 888 960 
3815 888 960 
3816 777 840 
3817 539 455 
3818 333 360 
3819 154 130 
3820 1110 1200 
3821 308 260 
3822 111 120 
3823 888 960 
3824 308 260 
3825 111 120 
3826 385 325 
3827 77 65 
3828 444 480 
3829 77 65 
3830 777 840 
3831 616 520 
3832 385 325 
3833 539 455 
3834 462 390 
3835 333 360 
3836 77 65 
3837 666 720 
3838 693 585 
3839 111 120 
3840 462 390 
3841 770 650 
3842 666 720 
3843 1110 1200 
3844 444 480 
3845 77 65 
3846 333 360 
3847 777 840 
3848 77 65 
3849 111 120 
3850 222 240 
3851 154 130 
3852 444 480 
3853 777 840 
3854 462 390 
3855 888 960 
3856 555 600 
3857 1110 1200 
3858 222 240 
3859 385 325 
3860 555 600 
3861 777 840 
3862 770 650 
3863 555 600 
3864 999 1080 
3865 385 325 
3866 231 195 
3867 999 1080 
3868 693 585 
3869 999 1080 
3870 385 325 
3871 770 650 
3872 333 360 
3873 444 480 
3874 616 520 
3875 999 1080 
3876 666 720 
3877 999 1080 
3878 308 260 
3879 616 520 
3880 616 520 
3881 385 325 
3882 222 240 
3883 308 260 
3884 231 195 
3885 444 480 
3886 1110 1200 
3887 111 120 
3888 385 325 
3889 777 840 
3890 154 130 
3891 539 455 
3892 555 600 
3893 462 390 
3894 77 65 
3895 693 585 
3896 154 130 
3897 222 240 
3898 154 130 
3899 616 520 
3900 770 650 
3901 666 720 
3902 999 1080 
3903 462 390 
3904 444 480 
3905 385 325 
3906 999 1080 
3907 308 260 
3908 999 1080 
3909 693 585 
3910 222 240 
3911 666 720 
3912 693 585 
3913 333 360 
3914 462 390 
3915 555 600 
3916 770 650 
3917 1110 1200 
3918 462 390 
3919 1110 1200 
3920 333 360 
3921 770 650 
3922 555 600 
3923 770 650 
3924 888 960 
3925 154 130 
3926 777 840 
3927 770 650 
3928 154 130 
3929 666 720 
3930 462 390 
3931 770 650 
3932 77 65 
3933 154 130 
3934 462 390 
3935 666 720 
3936 888 960 
3937 462 390 
3938 333 360 
3939 616 520 
3940 111 120 
3941 539 455 
3942 539 455 
3943 111 120 
3944 888 960 
3945 231 195 
3946 444 480 
3947 222 240 
3948 385 325 
3949 111 120 
3950 222 240 
3951 385 325 
3952 1110 1200 
3953 462 390 
3954 539 455 
3955 444 480 
3956 154 130 
3957 777 840 
3958 616 520 
3959 555 600 
3960 555 600 
3961 539 455 
3962 462 390 
3963 666 720 
3964 333 360 
3965 999 1080 
3966 888 960 
3967 444 480 
3968 231 195 
3969 444 480 
3970 333 360 
3971 616 520 
3972 1110 1200 
3973 231 195 
3974 111 120 
3975 999 1080 
3976 770 650 
3977 444 480 
3978 231 195 
3979 616 520 
3980 888 960 
3981 616 520 
3982 888 960 
3983 999 1080 
3984 666 720 
3985 333 360 
3986 333 360 
3987 888 960 
3988 222 240 
3989 693 585 
3990 154 130 
3991 770 650 
3992 693 585 
3993 222 240 
3994 777 840 
3995 888 960 
3996 999 1080 
3997 308 260 
3998 77 65 
3999 111 120 
4000 333 360 
4001 888 960 
4002 616 520 
4003 693 585 
4004 222 240 
4005 154 130 
4006 444 480 
4007 154 130 
4008 308 260 
4009 693 585 
4010 333 360 
4011 666 720 
4012 666 720 
4013 308 260 
4014 888 960 
4015 222 240 
4016 154 130 
4017 222 240 
4018 616 520 
4019 154 130 
4020 616 520 
4021 308 260 
4022 666 720 
4023 385 325 
4024 888 960 
4025 222 240 
4026 308 260 
4027 111 120 
4028 777 840 
4029 666 720 
4030 539 455 
4031 999 1080 
4032 231 195 
4033 999 1080 
4034 154 130 
4035 1110 1200 
4036 333 360 
4037 555 600 
4038 77 65 
4039 385 325 
4040 616 520 
4041 462 390 
4042 1110 1200 
4043 693 585 
4044 385 325 
4045 539 455 
4046 444 480 
4047 222 240 
4048 111 120 
4049 777 840 
4050 385 325 
4051 777 840 
4052 666 720 
4053 770 650 
4054 888 960 
4055 444 480 
4056 444 480 
4057 999 1080 
4058 222 240 
4059 666 720 
4060 111 120 
4061 555 600 
4062 616 520 
4063 462 390 
4064 462 390 
4065 1110 1200 
4066 222 240 
4067 333 360 
4068 333 360 
4069 693 585 
4070 888 960 
4071 111 120 
4072 999 1080 
4073 999 1080 
4074 333 360 
4075 77 65 
4076 385 325 
4077 111 120 
4078 231 195 
4079 777 840 
4080 111 120 
4081 222 240 
4082 231 195 
4083 693 585 
4084 999 1080 
4085 222 240 
4086 1110 1200 
4087 385 325 
4088 231 195 
4089 539 455 
4090 111 120 
4091 154 130 
4092 999 1080 
4093 770 650 
4094 385 325 
4095 444 480 
4096 777 840 
4097 666 720 
4098 888 960 
4099 222 240 
4100 555 600 
4101 539 455 
4102 555 600 
4103 555 600 
4104 308 260 
4105 444 480 
4106 333 360 
4107 770 650 
4108 693 585 
4109 777 840 
4110 77 65 
4111 539 455 
4112 111 120 
4113 888 960 
4114 385 325 
4115 385 325 
4116 111 120 
4117 888 960 
4118 770 650 
4119 154 130 
4120 111 120 
4121 777 840 
4122 444 480 
4123 999 1080 
4124 308 260 
4125 770 650 
4126 154 130 
4127 693 585 
4128 385 325 
4129 385 325 
4130 1110 1200 
4131 308 260 
4132 111 120 
4133 999 1080 
4134 1110 1200 
4135 888 960 
4136 231 195 
4137 888 960 
4138 308 260 
4139 385 325 
4140 385 325 
4141 888 960 
4142 888 960 
4143 444 480 
4144 888 960 
4145 308 260 
4146 154 130 
4147 1110 1200 
4148 666 720 
4149 231 195 
4150 154 130 
4151 539 455 
4152 616 520 
4153 999 1080 
4154 666 720 
4155 777 840 
4156 77 65 
4157 777 840 
4158 231 195 
4159 77 65 
4160 888 960 
4161 770 650 
4162 693 585 
4163 154 130 
4164 444 480 
4165 539 455 
4166 693 585 
4167 444 480 
4168 231 195 
4169 154 130 
4170 888 960 
4171 77 65 
4172 555 600 
4173 770 650 
4174 770 650 
4175 1110 1200 
4176 666 720 
4177 308 260 
4178 888 960 
4179 111 120 
4180 231 195 
4181 888 960 
4182 444 480 
4183 555 600 
4184 888 960 
4185 666 720 
4186 231 195 
4187 111 120 
4188 693 585 
4189 77 65 
4190 666 720 
4191 888 960 
4192 777 840 
4193 777 840 
4194 666 720 
4195 777 840 
4196 462 390 
4197 77 65 
4198 555 600 
4199 77 65 
4200 333 360 
4201 616 520 
4202 385 325 
4203 111 120 
4204 222 240 
4205 333 360 
4206 111 120 
4207 333 360 
4208 616 520 
4209 1110 1200 
4210 616 520 
4211 77 65 
4212 666 720 
4213 777 840 
4214 308 260 
4215 154 130 
4216 111 120 
4217 555 600 
4218 693 585 
4219 888 960 
4220 616 520 
4221 231 195 
4222 231 195 
4223 1110 1200 
4224 111 120 
4225 444 480 
4226 777 840 
4227 385 325 
4228 333 360 
4229 888 960 
4230 888 960 
4231 555 600 
4232 693 585 
4233 462 390 
4234 222 240 
4235 555 600 
4236 444 480 
4237 616 520 
4238 1110 1200 
4239 555 600 
4240 385 325 
4241 539 455 
4242 385 325 
4243 555 600 
4244 77 65 
4245 444 480 
4246 999 1080 
4247 231 195 
4248 693 585 
4249 777 840 
4250 999 1080 
4251 231 195 
4252 888 960 
4253 462 390 
4254 222 240 
4255 555 600 
4256 462 390 
4257 666 720 
4258 888 960 
4259 77 65 
4260 385 325 
4261 539 455 
4262 444 480 
4263 333 360 
4264 462 390 
4265 999 1080 
4266 888 960 
4267 770 650 
4268 777 840 
4269 616 520 
4270 222 240 
4271 308 260 
4272 999 1080 
4273 999 1080 
4274 444 480 
4275 308 260 
4276 77 65 
4277 1110 1200 
4278 231 195 
4279 1110 1200 
4280 462 390 
4281 999 1080 
4282 999 1080 
4283 77 65 
4284 555 600 
4285 770 650 
4286 308 260 
4287 539 455 
4288 666 720 
4289 222 240 
4290 693 585 
4291 222 240 
4292 616 520 
4293 77 65 
4294 385 325 
4295 333 360 
4296 111 120 
4297 77 65 
4298 999 1080 
4299 385 325 
4300 1110 1200 
4301 770 650 
4302 999 1080 
4303 154 130 
4304 539 455 
4305 231 195 
4306 444 480 
4307 385 325 
4308 444 480 
4309 770 650 
4310 308 260 
4311 693 585 
4312 693 585 
4313 888 960 
4314 462 390 
4315 666 720 
4316 770 650 
4317 999 1080 
4318 385 325 
4319 770 650 
4320 1110 1200 
4321 888 960 
4322 777 840 
4323 385 325 
4324 555 600 
4325 666 720 
4326 539 455 
4327 462 390 
4328 385 325 
4329 1110 1200 
4330 333 360 
4331 555 600 
4332 333 360 
4333 770 650 
4334 666 720 
4335 777 840 
4336 444 480 
4337 385 325 
4338 777 840 
4339 777 840 
4340 462 390 
4341 555 600 
4342 154 130 
4343 693 585 
4344 888 960 
4345 77 65 
4346 539 455 
4347 462 390 
4348 693 585 
4349 770 650 
4350 693 585 
4351 770 650 
4352 444 480 
4353 616 520 
4354 77 65 
4355 616 520 
4356 555 600 
4357 462 390 
4358 308 260 
4359 154 130 
4360 616 520 
4361 462 390 
4362 999 1080 
4363 888 960 
4364 888 960 
4365 888 960 
4366 666 720 
4367 333 360 
4368 333 360 
4369 777 840 
4370 616 520 
4371 666 720 
4372 222 240 
4373 385 325 
4374 462 390 
4375 1110 1200 
4376 999 1080 
4377 77 65 
4378 693 585 
4379 444 480 
4380 666 720 
4381 222 240 
4382 385 325 
4383 555 600 
4384 154 130 
4385 77 65 
4386 539 455 
4387 111 120 
4388 770 650 
4389 77 65 
4390 444 480 
4391 462 390 
4392 770 650 
4393 111 120 
4394 77 65 
4395 1110 1200 
4396 444 480 
4397 77 65 
4398 693 585 
4399 154 130 
4400 999 1080 
4401 444 480 
4402 308 260 
4403 999 1080 
4404 222 240 
4405 462 390 
4406 616 520 
4407 231 195 
4408 385 325 
4409 333 360 
4410 777 840 
4411 333 360 
4412 888 960 
4413 555 600 
4414 770 650 
4415 616 520 
4416 444 480 
4417 555 600 
4418 693 585 
4419 77 65 
4420 222 240 
4421 999 1080 
4422 616 520 
4423 888 960 
4424 385 325 
4425 999 1080 
4426 999 1080 
4427 888 960 
4428 999 1080 
4429 1110 1200 
4430 222 240 
4431 999 1080 
4432 154 130 
4433 308 260 
4434 308 260 
4435 888 960 
4436 154 130 
4437 693 585 
4438 222 240 
4439 555 600 
4440 777 840 
4441 385 325 
4442 333 360 
4443 444 480 
4444 385 325 
4445 666 720 
4446 770 650 
4447 77 65 
4448 616 520 
4449 154 130 
4450 693 585 
4451 777 840 
4452 539 455 
4453 616 520 
4454 462 390 
4455 666 720 
4456 222 240 
4457 462 390 
4458 616 520 
4459 333 360 
4460 999 1080 
4461 999 1080 
4462 770 650 
4463 616 520 
4464 154 130 
4465 888 960 
4466 77 65 
4467 666 720 
4468 154 130 
4469 555 600 
4470 444 480 
4471 616 520 
4472 77 65 
4473 888 960 
4474 770 650 
4475 999 1080 
4476 231 195 
4477 1110 1200 
4478 222 240 
4479 77 65 
4480 888 960 
4481 333 360 
4482 770 650 
4483 666 720 
4484 77 65 
4485 77 65 
4486 616 520 
4487 1110 1200 
4488 999 1080 
4489 308 260 
4490 616 520 
4491 888 960 
4492 444 480 
4493 888 960 
4494 777 840 
4495 308 260 
4496 444 480 
4497 555 600 
4498 777 840 
4499 111 120 
4500 999 1080 
4501 666 720 
4502 616 520 
4503 154 130 
4504 444 480 
4505 1110 1200 
4506 385 325 
4507 111 120 
4508 111 120 
4509 77 65 
4510 308 260 
4511 77 65 
4512 1110 1200 
4513 693 585 
4514 111 120 
4515 385 325 
4516 777 840 
4517 1110 1200 
4518 777 840 
4519 444 480 
4520 444 480 
4521 231 195 
4522 770 650 
4523 222 240 
4524 444 480 
4525 111 120 
4526 77 65 
4527 770 650 
4528 693 585 
4529 777 840 
4530 77 65 
4531 444 480 
4532 999 1080 
4533 154 130 
4534 999 1080 
4535 77 65 
4536 999 1080 
4537 385 325 
4538 444 480 
4539 308 260 
4540 693 585 
4541 111 120 
4542 999 1080 
4543 111 120 
4544 154 130 
4545 616 520 
4546 616 520 
4547 693 585 
4548 888 960 
4549 616 520 
4550 462 390 
4551 462 390 
4552 462 390 
4553 385 325 
4554 154 130 
4555 693 585 
4556 222 240 
4557 462 390 
4558 154 130 
4559 154 130 
4560 308 260 
4561 1110 1200 
4562 222 240 
4563 555 600 
4564 154 130 
4565 333 360 
4566 555 600 
4567 385 325 
4568 77 65 
4569 308 260 
4570 888 960 
4571 154 130 
4572 693 585 
4573 539 455 
4574 385 325 
4575 154 130 
4576 308 260 
4577 1110 1200 
4578 539 455 
4579 385 325 
4580 1110 1200 
4581 308 260 
4582 693 585 
4583 308 260 
4584 1110 1200 
4585 616 520 
4586 333 360 
4587 77 65 
4588 385 325 
4589 999 1080 
4590 770 650 
4591 333 360 
4592 616 520 
4593 770 650 
4594 693 585 
4595 111 120 
4596 539 455 
4597 385 325 
4598 231 195 
4599 462 390 
4600 333 360 
4601 770 650 
4602 111 120 
4603 444 480 
4604 222 240 
4605 154 130 
4606 693 585 
4607 693 585 
4608 999 1080 
4609 888 960 
4610 999 1080 
4611 693 585 
4612 888 960 
4613 308 260 
4614 333 360 
4615 888 960 
4616 777 840 
4617 539 455 
4618 444 480 
4619 999 1080 
4620 231 195 
4621 77 65 
4622 308 260 
4623 616 520 
4624 555 600 
4625 666 720 
4626 77 65 
4627 770 650 
4628 666 720 
4629 666 720 
4630 154 130 
4631 154 130 
4632 539 455 
4633 385 325 
4634 444 480 
4635 222 240 
4636 308 260 
4637 308 260 
4638 1110 1200 
4639 308 260 
4640 154 130 
4641 308 260 
4642 888 960 
4643 385 325 
4644 385 325 
4645 231 195 
4646 616 520 
4647 308 260 
4648 616 520 
4649 444 480 
4650 385 325 
4651 666 720 
4652 154 130 
4653 693 585 
4654 770 650 
4655 693 585 
4656 888 960 
4657 462 390 
4658 231 195 
4659 77 65 
4660 777 840 
4661 539 455 
4662 385 325 
4663 777 840 
4664 777 840 
4665 385 325 
4666 693 585 
4667 616 520 
4668 693 585 
4669 308 260 
4670 888 960 
4671 231 195 
4672 555 600 
4673 666 720 
4674 777 840 
4675 154 130 
4676 462 390 
4677 555 600 
4678 555 600 
4679 1110 1200 
4680 999 1080 
4681 231 195 
4682 539 455 
4683 231 195 
4684 308 260 
4685 616 520 
4686 444 480 
4687 308 260 
4688 462 390 
4689 333 360 
4690 539 455 
4691 333 360 
4692 333 360 
4693 539 455 
4694 333 360 
4695 385 325 
4696 888 960 
4697 693 585 
4698 666 720 
4699 77 65 
4700 333 360 
4701 999 1080 
4702 333 360 
4703 666 720 
4704 539 455 
4705 777 840 
4706 111 120 
4707 154 130 
4708 555 600 
4709 308 260 
4710 616 520 
4711 616 520 
4712 308 260 
4713 231 195 
4714 222 240 
4715 154 130 
4716 999 1080 
4717 666 720 
4718 154 130 
4719 999 1080 
4720 333 360 
4721 616 520 
4722 444 480 
4723 77 65 
4724 1110 1200 
4725 308 260 
4726 222 240 
4727 999 1080 
4728 154 130 
4729 231 195 
4730 154 130 
4731 666 720 
4732 308 260 
4733 77 65 
4734 462 390 
4735 693 585 
4736 616 520 
4737 444 480 
4738 616 520 
4739 462 390 
4740 222 240 
4741 888 960 
4742 462 390 
4743 154 130 
4744 462 390 
4745 777 840 
4746 222 240 
4747 462 390 
4748 444 480 
4749 999 1080 
4750 333 360 
4751 462 390 
4752 111 120 
4753 666 720 
4754 999 1080 
4755 770 650 
4756 616 520 
4757 1110 1200 
4758 693 585 
4759 770 650 
4760 539 455 
4761 666 720 
4762 693 585 
4763 770 650 
4764 555 600 
4765 770 650 
4766 154 130 
4767 308 260 
4768 385 325 
4769 555 600 
4770 555 600 
4771 444 480 
4772 777 840 
4773 999 1080 
4774 308 260 
4775 539 455 
4776 154 130 
4777 693 585 
4778 111 120 
4779 539 455 
4780 888 960 
4781 539 455 
4782 385 325 
4783 222 240 
4784 333 360 
4785 1110 1200 
4786 111 120 
4787 999 1080 
4788 154 130 
4789 333 360 
4790 154 130 
4791 666 720 
4792 693 585 
4793 770 650 
4794 462 390 
4795 888 960 
4796 539 455 
4797 231 195 
4798 999 1080 
4799 231 195 
4800 111 120 
4801 666 720 
4802 539 455 
4803 555 600 
4804 555 600 
4805 777 840 
4806 308 260 
4807 539 455 
4808 555 600 
4809 385 325 
4810 77 65 
4811 462 390 
4812 616 520 
4813 385 325 
4814 333 360 
4815 444 480 
4816 555 600 
4817 111 120 
4818 385 325 
4819 77 65 
4820 308 260 
4821 111 120 
4822 539 455 
4823 666 720 
4824 333 360 
4825 693 585 
4826 77 65 
4827 308 260 
4828 222 240 
4829 385 325 
4830 770 650 
4831 999 1080 
4832 462 390 
4833 888 960 
4834 539 455 
4835 999 1080 
4836 770 650 
4837 111 120 
4838 462 390 
4839 539 455 
4840 444 480 
4841 999 1080 
4842 333 360 
4843 333 360 
4844 770 650 
4845 462 390 
4846 888 960 
4847 1110 1200 
4848 231 195 
4849 333 360 
4850 77 65 
4851 888 960 
4852 770 650 
4853 770 650 
4854 222 240 
4855 888 960 
4856 308 260 
4857 462 390 
4858 616 520 
4859 154 130 
4860 308 260 
4861 462 390 
4862 539 455 
4863 231 195 
4864 385 325 
4865 539 455 
4866 222 240 
4867 77 65 
4868 666 720 
4869 770 650 
4870 555 600 
4871 999 1080 
4872 999 1080 
4873 444 480 
4874 385 325 
4875 539 455 
4876 222 240 
4877 693 585 
4878 111 120 
4879 385 325 
4880 231 195 
4881 308 260 
4882 666 720 
4883 693 585 
4884 888 960 
4885 385 325 
4886 333 360 
4887 888 960 
4888 539 455 
4889 111 120 
4890 222 240 
4891 999 1080 
4892 999 1080 
4893 777 840 
4894 333 360 
4895 333 360 
4896 539 455 
4897 666 720 
4898 693 585 
4899 666 720 
4900 770 650 
4901 333 360 
4902 999 1080 
4903 444 480 
4904 385 325 
4905 111 120 
4906 444 480 
4907 777 840 
4908 444 480 
4909 462 390 
4910 555 600 
4911 1110 1200 
4912 333 360 
4913 777 840 
4914 539 455 
4915 770 650 
4916 693 585 
4917 616 520 
4918 539 455 
4919 333 360 
4920 666 720 
4921 539 455 
4922 539 455 
4923 999 1080 
4924 308 260 
4925 693 585 
4926 444 480 
4927 308 260 
4928 555 600 
4929 888 960 
4930 693 585 
4931 539 455 
4932 616 520 
4933 154 130 
4934 693 585 
4935 666 720 
4936 555 600 
4937 222 240 
4938 693 585 
4939 666 720 
4940 693 585 
4941 999 1080 
4942 1110 1200 
4943 693 585 
4944 231 195 
4945 999 1080 
4946 231 195 
4947 1110 1200 
4948 777 840 
4949 666 720 
4950 770 650 
4951 77 65 
4952 222 240 
4953 77 65 
4954 222 240 
4955 154 130 
4956 555 600 
4957 616 520 
4958 999 1080 
4959 222 240 
4960 770 650 
4961 308 260 
4962 1110 1200 
4963 999 1080 
4964 616 520 
4965 77 65 
4966 444 480 
4967 616 520 
4968 539 455 
4969 777 840 
4970 385 325 
4971 77 65 
4972 616 520 
4973 770 650 
4974 231 195 
4975 539 455 
4976 777 840 
4977 154 130 
4978 999 1080 
4979 666 720 
4980 770 650 
4981 462 390 
4982 462 390 
4983 385 325 
4984 222 240 
4985 222 240 
4986 231 195 
4987 539 455 
4988 308 260 
4989 308 260 
4990 555 600 
4991 888 960 
4992 888 960 
4993 693 585 
4994 999 1080 
4995 539 455 
4996 539 455 
4997 77 65 
4998 999 1080 
4999 693 585 
5000 222 240 
