npieces: 1000
capacity: 34232347
1 67970 57970 
2 46319 36319 
3 52427 42427 
4 30043 20043 
5 13725 3725 
6 75641 65641 
7 105890 95890 
8 53905 43905 
9 109535 99535 
10 17010 7010 
11 34584 24584 
12 69014 59014 
13 65256 55256 
14 75538 65538 
15 82962 72962 
16 97752 87752 
17 60728 50728 
18 101231 91231 
19 17385 7385 
20 91071 81071 
21 94782 84782 
22 64000 54000 
23 51106 41106 
24 73792 63792 
25 96255 86255 
26 51036 41036 
27 46283 36283 
28 12111 2111 
29 75839 65839 
30 108768 98768 
31 28243 18243 
32 32977 22977 
33 25296 15296 
34 36367 26367 
35 93543 83543 
36 25199 15199 
37 75092 65092 
38 41747 31747 
39 17189 7189 
40 23302 13302 
41 105776 95776 
42 23042 13042 
43 43710 33710 
44 63420 53420 
45 58863 48863 
46 94237 84237 
47 33389 23389 
48 56013 46013 
49 10927 927 
50 39186 29186 
51 88015 78015 
52 75011 65011 
53 94061 84061 
54 25761 15761 
55 64702 54702 
56 102436 92436 
57 24808 14808 
58 53723 43723 
59 19150 9150 
60 34885 24885 
61 83060 73060 
62 66918 56918 
63 80738 70738 
64 105469 95469 
65 106910 96910 
66 40349 30349 
67 33964 23964 
68 93268 83268 
69 102679 92679 
70 54036 44036 
71 38656 28656 
72 26714 16714 
73 37759 27759 
74 90330 80330 
75 83987 73987 
76 54932 44932 
77 84911 74911 
78 106743 96743 
79 68213 58213 
80 51440 41440 
81 102914 92914 
82 66965 56965 
83 109000 99000 
84 71194 61194 
85 105441 95441 
86 56090 46090 
87 26204 16204 
88 59048 49048 
89 16522 6522 
90 23923 13923 
91 46377 36377 
92 24752 14752 
93 60284 50284 
94 51181 41181 
95 17960 7960 
96 34681 24681 
97 53986 43986 
98 91133 81133 
99 41903 31903 
100 49806 39806 
101 49593 39593 
102 39264 29264 
103 78311 68311 
104 104655 94655 
105 19936 9936 
106 88764 78764 
107 81099 71099 
108 38658 28658 
109 103547 93547 
110 37509 27509 
111 16958 6958 
112 91079 81079 
113 61444 51444 
114 53883 43883 
115 58441 48441 
116 39017 29017 
117 17903 7903 
118 67057 57057 
119 54289 44289 
120 60528 50528 
121 82007 72007 
122 102793 92793 
123 99537 89537 
124 97235 87235 
125 43946 33946 
126 31642 21642 
127 100633 90633 
128 39370 29370 
129 40526 30526 
130 55763 45763 
131 106243 96243 
132 52738 42738 
133 80975 70975 
134 60186 50186 
135 27245 17245 
136 108938 98938 
137 40807 30807 
138 10509 509 
139 87960 77960 
140 28042 18042 
141 105032 95032 
142 51818 41818 
143 67100 57100 
144 36884 26884 
145 53033 43033 
146 50474 40474 
147 49414 39414 
148 31570 21570 
149 30410 20410 
150 85479 75479 
151 107759 97759 
152 48063 38063 
153 47205 37205 
154 71167 61167 
155 49370 39370 
156 91986 81986 
157 11475 1475 
158 76369 66369 
159 98793 88793 
160 102932 92932 
161 76120 66120 
162 25572 15572 
163 94556 84556 
164 21363 11363 
165 25229 15229 
166 41606 31606 
167 72552 62552 
168 76559 66559 
169 32712 22712 
170 104210 94210 
171 53264 43264 
172 89777 79777 
173 81930 71930 
174 89483 79483 
175 98915 88915 
176 74716 64716 
177 70725 60725 
178 97509 87509 
179 33554 23554 
180 24827 14827 
181 20359 10359 
182 95747 85747 
183 52043 42043 
184 38074 28074 
185 80935 70935 
186 11290 1290 
187 21366 11366 
188 39377 29377 
189 50219 40219 
190 14261 4261 
191 97772 87772 
192 104475 94475 
193 31764 21764 
194 95922 85922 
195 108463 98463 
196 69029 59029 
197 31303 21303 
198 36489 26489 
199 74539 64539 
200 60449 50449 
201 40088 30088 
202 99693 89693 
203 84775 74775 
204 20922 10922 
205 37461 27461 
206 39467 29467 
207 109063 99063 
208 106466 96466 
209 27308 17308 
210 42736 32736 
211 36417 26417 
212 94920 84920 
213 90874 80874 
214 95495 85495 
215 89817 79817 
216 106597 96597 
217 97489 87489 
218 28063 18063 
219 74876 64876 
220 12533 2533 
221 100741 90741 
222 22314 12314 
223 49366 39366 
224 64067 54067 
225 61396 51396 
226 71746 61746 
227 12752 2752 
228 68028 58028 
229 17872 7872 
230 70183 60183 
231 13577 3577 
232 50118 40118 
233 11658 1658 
234 95812 85812 
235 27184 17184 
236 18858 8858 
237 75612 65612 
238 58895 48895 
239 30139 20139 
240 53068 43068 
241 66098 56098 
242 88910 78910 
243 72103 62103 
244 49499 39499 
245 58902 48902 
246 98423 88423 
247 13933 3933 
248 12452 2452 
249 15704 5704 
250 87984 77984 
251 106045 96045 
252 99713 89713 
253 50902 40902 
254 82901 72901 
255 20698 10698 
256 49647 39647 
257 95565 85565 
258 93528 83528 
259 61842 51842 
260 60861 50861 
261 28572 18572 
262 88227 78227 
263 28280 18280 
264 101984 91984 
265 42033 32033 
266 69593 59593 
267 98239 88239 
268 69539 59539 
269 92819 82819 
270 55002 45002 
271 88021 78021 
272 66172 56172 
273 83948 73948 
274 16837 6837 
275 91545 81545 
276 60026 50026 
277 24048 14048 
278 29848 19848 
279 30139 20139 
280 51962 41962 
281 27662 17662 
282 68563 58563 
283 96303 86303 
284 82265 72265 
285 55250 45250 
286 85594 75594 
287 70030 60030 
288 65412 55412 
289 101876 91876 
290 25561 15561 
291 30825 20825 
292 85483 75483 
293 108065 98065 
294 35106 25106 
295 27082 17082 
296 53940 43940 
297 22787 12787 
298 15825 5825 
299 92265 82265 
300 85195 75195 
301 100464 90464 
302 24049 14049 
303 108007 98007 
304 46935 36935 
305 100748 90748 
306 56056 46056 
307 93707 83707 
308 28008 18008 
309 12796 2796 
310 38573 28573 
311 98327 88327 
312 72589 62589 
313 56585 46585 
314 107178 97178 
315 46310 36310 
316 12802 2802 
317 21548 11548 
318 46172 36172 
319 42276 32276 
320 85510 75510 
321 79196 69196 
322 30055 20055 
323 63977 53977 
324 32458 22458 
325 55217 45217 
326 18343 8343 
327 109396 99396 
328 37030 27030 
329 71860 61860 
330 109841 99841 
331 23713 13713 
332 76678 66678 
333 20005 10005 
334 69528 59528 
335 89574 79574 
336 42657 32657 
337 93992 83992 
338 65131 55131 
339 84912 74912 
340 72298 62298 
341 101581 91581 
342 68795 58795 
343 59924 49924 
344 97983 87983 
345 22459 12459 
346 60411 50411 
347 57332 47332 
348 35423 25423 
349 71673 61673 
350 102880 92880 
351 71345 61345 
352 50969 40969 
353 87833 77833 
354 36232 26232 
355 76904 66904 
356 48799 38799 
357 97121 87121 
358 54487 44487 
359 72746 62746 
360 71353 61353 
361 108918 98918 
362 47900 37900 
363 21755 11755 
364 71478 61478 
365 105159 95159 
366 97458 87458 
367 64519 54519 
368 101470 91470 
369 81715 71715 
370 108642 98642 
371 101084 91084 
372 30210 20210 
373 64313 54313 
374 28198 18198 
375 103944 93944 
376 48437 38437 
377 16986 6986 
378 99304 89304 
379 49040 39040 
380 36980 26980 
381 55181 45181 
382 33641 23641 
383 82057 72057 
384 62880 52880 
385 64415 54415 
386 95262 85262 
387 56023 46023 
388 22765 12765 
389 69156 59156 
390 100437 90437 
391 31360 21360 
392 73554 63554 
393 43646 33646 
394 79957 69957 
395 99500 89500 
396 51937 41937 
397 20361 10361 
398 87203 77203 
399 23708 13708 
400 52049 42049 
401 64833 54833 
402 60129 50129 
403 14595 4595 
404 65238 55238 
405 102513 92513 
406 87153 77153 
407 31749 21749 
408 54515 44515 
409 100729 90729 
410 93079 83079 
411 73771 63771 
412 91333 81333 
413 84411 74411 
414 81340 71340 
415 55488 45488 
416 57056 47056 
417 52610 42610 
418 99375 89375 
419 33708 23708 
420 31704 21704 
421 70607 60607 
422 48422 38422 
423 71690 61690 
424 34070 24070 
425 38913 28913 
426 101794 91794 
427 56007 46007 
428 106410 96410 
429 80864 70864 
430 43152 33152 
431 76282 66282 
432 26911 16911 
433 39879 29879 
434 18092 8092 
435 67546 57546 
436 39530 29530 
437 30732 20732 
438 53984 43984 
439 95073 85073 
440 31484 21484 
441 74988 64988 
442 48906 38906 
443 99931 89931 
444 69239 59239 
445 24152 14152 
446 65468 55468 
447 108362 98362 
448 54813 44813 
449 56918 46918 
450 83037 73037 
451 107930 97930 
452 90980 80980 
453 75382 65382 
454 24557 14557 
455 35740 25740 
456 20422 10422 
457 72402 62402 
458 23173 13173 
459 52929 42929 
460 33333 23333 
461 30880 20880 
462 83549 73549 
463 12053 2053 
464 76140 66140 
465 101943 91943 
466 33479 23479 
467 24245 14245 
468 72832 62832 
469 42684 32684 
470 15928 5928 
471 52878 42878 
472 32469 22469 
473 79656 69656 
474 107431 97431 
475 91860 81860 
476 88397 78397 
477 70135 60135 
478 54670 44670 
479 99387 89387 
480 80763 70763 
481 73936 63936 
482 90190 80190 
483 102966 92966 
484 11222 1222 
485 30860 20860 
486 51055 41055 
487 23082 13082 
488 35817 25817 
489 58661 48661 
490 79012 69012 
491 23949 13949 
492 74599 64599 
493 85244 75244 
494 48557 38557 
495 78112 68112 
496 41052 31052 
497 34375 24375 
498 48342 38342 
499 82823 72823 
500 19038 9038 
501 20085 10085 
502 58045 48045 
503 95809 85809 
504 62402 52402 
505 12959 2959 
506 25169 15169 
507 95304 85304 
508 14667 4667 
509 45614 35614 
510 107413 97413 
511 86119 76119 
512 91326 81326 
513 32227 22227 
514 90852 80852 
515 43795 33795 
516 42193 32193 
517 35750 25750 
518 61071 51071 
519 20679 10679 
520 69185 59185 
521 84078 74078 
522 16578 6578 
523 28032 18032 
524 50883 40883 
525 92777 82777 
526 43588 33588 
527 60529 50529 
528 105714 95714 
529 57866 47866 
530 95037 85037 
531 73348 63348 
532 45543 35543 
533 20333 10333 
534 25810 15810 
535 93262 83262 
536 85159 75159 
537 93543 83543 
538 98188 88188 
539 48302 38302 
540 103446 93446 
541 90542 80542 
542 57206 47206 
543 25122 15122 
544 17417 7417 
545 60610 50610 
546 96485 86485 
547 55205 45205 
548 75929 65929 
549 33112 23112 
550 44498 34498 
551 55177 45177 
552 16884 6884 
553 84033 74033 
554 25699 15699 
555 66285 56285 
556 62765 52765 
557 59387 49387 
558 83624 73624 
559 96603 86603 
560 100851 90851 
561 46163 36163 
562 43072 33072 
563 49665 39665 
564 11968 1968 
565 55926 45926 
566 105916 95916 
567 57097 47097 
568 26088 16088 
569 97267 87267 
570 87131 77131 
571 99543 89543 
572 108561 98561 
573 83310 73310 
574 98645 88645 
575 39007 29007 
576 101505 91505 
577 97763 87763 
578 24724 14724 
579 70817 60817 
580 101907 91907 
581 67925 57925 
582 46395 36395 
583 101922 91922 
584 46788 36788 
585 102163 92163 
586 26762 16762 
587 24392 14392 
588 24618 14618 
589 12997 2997 
590 25626 15626 
591 55729 45729 
592 42211 32211 
593 103065 93065 
594 37315 27315 
595 63953 53953 
596 20875 10875 
597 70980 60980 
598 79678 69678 
599 60678 50678 
600 36904 26904 
601 32567 22567 
602 69060 59060 
603 103097 93097 
604 29440 19440 
605 106016 96016 
606 36245 26245 
607 108532 98532 
608 85322 75322 
609 95642 85642 
610 44628 34628 
611 103290 93290 
612 56066 46066 
613 10770 770 
614 96367 86367 
615 67400 57400 
616 17685 7685 
617 59094 49094 
618 21853 11853 
619 66086 56086 
620 29692 19692 
621 28220 18220 
622 81825 71825 
623 72841 62841 
624 35782 25782 
625 56973 46973 
626 67499 57499 
627 87848 77848 
628 98670 88670 
629 91244 81244 
630 60061 50061 
631 76441 66441 
632 50316 40316 
633 94311 84311 
634 90634 80634 
635 86024 76024 
636 94983 84983 
637 24057 14057 
638 15866 5866 
639 51699 41699 
640 55464 45464 
641 64217 54217 
642 107787 97787 
643 26341 16341 
644 101738 91738 
645 11458 1458 
646 106930 96930 
647 13933 3933 
648 90125 80125 
649 34112 24112 
650 67199 57199 
651 50298 40298 
652 51753 41753 
653 90964 80964 
654 24862 14862 
655 79381 69381 
656 66528 56528 
657 82148 72148 
658 29082 19082 
659 18171 8171 
660 32140 22140 
661 56738 46738 
662 106972 96972 
663 48662 38662 
664 84440 74440 
665 87031 77031 
666 44337 34337 
667 75991 65991 
668 85707 75707 
669 43852 33852 
670 102569 92569 
671 91442 81442 
672 106942 96942 
673 97461 87461 
674 90748 80748 
675 28629 18629 
676 75503 65503 
677 69723 59723 
678 102823 92823 
679 55910 45910 
680 74318 64318 
681 107236 97236 
682 43348 33348 
683 81113 71113 
684 76021 66021 
685 41024 31024 
686 39224 29224 
687 105099 95099 
688 88564 78564 
689 19283 9283 
690 100949 90949 
691 23549 13549 
692 71658 61658 
693 75066 65066 
694 87808 77808 
695 39472 29472 
696 55184 45184 
697 75708 65708 
698 68061 58061 
699 34490 24490 
700 90703 80703 
701 19471 9471 
702 108358 98358 
703 61251 51251 
704 48274 38274 
705 84035 74035 
706 108842 98842 
707 34175 24175 
708 63062 53062 
709 101263 91263 
710 102963 92963 
711 81927 71927 
712 40573 30573 
713 81526 71526 
714 46656 36656 
715 17878 7878 
716 64770 54770 
717 36373 26373 
718 28048 18048 
719 95613 85613 
720 47911 37911 
721 26540 16540 
722 61632 51632 
723 30371 20371 
724 69899 59899 
725 42887 32887 
726 83564 73564 
727 55357 45357 
728 100055 90055 
729 77000 67000 
730 14898 4898 
731 19238 9238 
732 37463 27463 
733 51859 41859 
734 50004 40004 
735 83035 73035 
736 108166 98166 
737 21238 11238 
738 37563 27563 
739 10997 997 
740 89090 79090 
741 39090 29090 
742 49689 39689 
743 13860 3860 
744 79358 69358 
745 65802 55802 
746 43911 33911 
747 81637 71637 
748 88726 78726 
749 80967 70967 
750 20941 10941 
751 29728 19728 
752 57629 47629 
753 93445 83445 
754 38720 28720 
755 65984 55984 
756 19923 9923 
757 22654 12654 
758 93029 83029 
759 99727 89727 
760 62771 52771 
761 74257 64257 
762 44404 34404 
763 48398 38398 
764 105576 95576 
765 20623 10623 
766 54871 44871 
767 99278 89278 
768 67391 57391 
769 11778 1778 
770 60050 50050 
771 60750 50750 
772 55351 45351 
773 44698 34698 
774 92541 82541 
775 79281 69281 
776 109429 99429 
777 86644 76644 
778 68397 58397 
779 23611 13611 
780 58516 48516 
781 72361 62361 
782 35281 25281 
783 74536 64536 
784 54586 44586 
785 19825 9825 
786 16919 6919 
787 21097 11097 
788 32550 22550 
789 81843 71843 
790 46062 36062 
791 55036 45036 
792 56582 46582 
793 105674 95674 
794 89735 79735 
795 46822 36822 
796 31524 21524 
797 59349 49349 
798 31413 21413 
799 12016 2016 
800 74016 64016 
801 12859 2859 
802 102003 92003 
803 47516 37516 
804 58201 48201 
805 107352 97352 
806 31908 21908 
807 49730 39730 
808 84645 74645 
809 77161 67161 
810 24374 14374 
811 40939 30939 
812 54625 44625 
813 63792 53792 
814 20288 10288 
815 103785 93785 
816 26850 16850 
817 24901 14901 
818 26474 16474 
819 56849 46849 
820 60265 50265 
821 76761 66761 
822 100492 90492 
823 109206 99206 
824 37460 27460 
825 63655 53655 
826 40591 30591 
827 26819 16819 
828 30066 20066 
829 79834 69834 
830 89551 79551 
831 90581 80581 
832 51119 41119 
833 53621 43621 
834 27298 17298 
835 109491 99491 
836 56237 46237 
837 84035 74035 
838 70034 60034 
839 43274 33274 
840 48851 38851 
841 15164 5164 
842 85830 75830 
843 34345 24345 
844 41055 31055 
845 95120 85120 
846 40127 30127 
847 54038 44038 
848 104472 94472 
849 68595 58595 
850 106590 96590 
851 61900 51900 
852 62303 52303 
853 13317 3317 
854 13507 3507 
855 75122 65122 
856 23299 13299 
857 47197 37197 
858 20272 10272 
859 32696 22696 
860 55763 45763 
861 56209 46209 
862 71019 61019 
863 20752 10752 
864 89742 79742 
865 84772 74772 
866 55619 45619 
867 40647 30647 
868 64502 54502 
869 13037 3037 
870 72842 62842 
871 94815 84815 
872 89443 79443 
873 99744 89744 
874 38241 28241 
875 65898 55898 
876 44788 34788 
877 72828 62828 
878 105169 95169 
879 62341 52341 
880 69953 59953 
881 90416 80416 
882 102037 92037 
883 105135 95135 
884 79788 69788 
885 101418 91418 
886 45718 35718 
887 107268 97268 
888 37429 27429 
889 92766 82766 
890 31374 21374 
891 56314 46314 
892 48397 38397 
893 41615 31615 
894 100653 90653 
895 55383 45383 
896 81506 71506 
897 51293 41293 
898 86074 76074 
899 55277 45277 
900 68025 58025 
901 82667 72667 
902 69937 59937 
903 72436 62436 
904 57241 47241 
905 30091 20091 
906 94475 84475 
907 75042 65042 
908 18948 8948 
909 51593 41593 
910 76891 66891 
911 56137 46137 
912 68577 58577 
913 91377 81377 
914 98293 88293 
915 22029 12029 
916 104884 94884 
917 55518 45518 
918 43497 33497 
919 44128 34128 
920 83696 73696 
921 58208 48208 
922 91821 81821 
923 79932 69932 
924 102179 92179 
925 77480 67480 
926 13048 3048 
927 75613 65613 
928 54703 44703 
929 77203 67203 
930 34027 24027 
931 91704 81704 
932 10968 968 
933 24561 14561 
934 83658 73658 
935 79740 69740 
936 99513 89513 
937 106353 96353 
938 55592 45592 
939 94724 84724 
940 37169 27169 
941 64907 54907 
942 102689 92689 
943 26581 16581 
944 36539 26539 
945 33481 23481 
946 24448 14448 
947 94746 84746 
948 27292 17292 
949 101362 91362 
950 50209 40209 
951 78554 68554 
952 96790 86790 
953 87029 77029 
954 25073 15073 
955 91955 81955 
956 35193 25193 
957 37231 27231 
958 65585 55585 
959 98837 88837 
960 33688 23688 
961 57050 47050 
962 50010 40010 
963 29693 19693 
964 54169 44169 
965 96690 86690 
966 29018 19018 
967 67756 57756 
968 75654 65654 
969 98148 88148 
970 45788 35788 
971 107556 97556 
972 22625 12625 
973 73621 63621 
974 91622 81622 
975 105055 95055 
976 61653 51653 
977 65900 55900 
978 78300 68300 
979 35083 25083 
980 70983 60983 
981 16317 6317 
982 95714 85714 
983 92262 82262 
984 71307 61307 
985 23827 13827 
986 106078 96078 
987 95378 85378 
988 66291 56291 
989 42489 32489 
990 94108 84108 
991 68341 58341 
992 99874 89874 
993 26758 16758 
994 53739 43739 
995 65263 55263 
996 26527 16527 
997 21795 11795 
998 26340 16340 
999 102009 92009 
1000 57093 47093 
