npieces: 2000
capacity: 146873
1 821 621 
2 1193 993 
3 735 535 
4 751 551 
5 708 408 
6 456 156 
7 1104 904 
8 1198 998 
9 693 493 
10 869 669 
11 606 406 
12 426 126 
13 778 578 
14 1005 805 
15 750 550 
16 1007 807 
17 1101 901 
18 797 597 
19 929 729 
20 604 404 
21 784 584 
22 678 378 
23 1019 819 
24 1155 955 
25 1032 832 
26 433 233 
27 1023 823 
28 1122 922 
29 801 601 
30 467 267 
31 348 148 
32 731 531 
33 779 579 
34 1002 802 
35 1162 962 
36 912 712 
37 600 400 
38 666 466 
39 1149 949 
40 814 614 
41 779 579 
42 1192 992 
43 732 432 
44 882 582 
45 873 673 
46 1110 910 
47 1035 835 
48 407 207 
49 619 419 
50 528 228 
51 382 182 
52 581 381 
53 654 354 
54 976 776 
55 1147 947 
56 501 301 
57 217 17 
58 327 127 
59 711 511 
60 966 766 
61 1127 927 
62 481 281 
63 520 320 
64 792 592 
65 761 561 
66 900 600 
67 976 776 
68 904 704 
69 563 363 
70 288 88 
71 288 88 
72 1230 930 
73 640 440 
74 1096 896 
75 781 581 
76 709 509 
77 1165 965 
78 880 680 
79 231 31 
80 610 410 
81 906 706 
82 1009 809 
83 1116 916 
84 797 597 
85 1056 856 
86 367 167 
87 409 209 
88 370 170 
89 611 411 
90 1081 881 
91 617 417 
92 1116 816 
93 736 536 
94 823 623 
95 459 259 
96 1145 945 
97 336 136 
98 619 419 
99 519 319 
100 791 591 
101 379 179 
102 376 176 
103 345 145 
104 996 696 
105 1110 910 
106 406 206 
107 677 477 
108 299 99 
109 685 485 
110 611 411 
111 540 240 
112 617 417 
113 880 680 
114 846 546 
115 1133 933 
116 492 292 
117 1050 850 
118 804 504 
119 365 165 
120 922 722 
121 312 12 
122 505 305 
123 277 77 
124 490 290 
125 1134 934 
126 471 271 
127 411 211 
128 317 117 
129 414 214 
130 283 83 
131 1073 873 
132 798 598 
133 1143 943 
134 881 681 
135 852 552 
136 510 210 
137 483 283 
138 1008 808 
139 1030 830 
140 760 560 
141 417 217 
142 455 255 
143 1008 808 
144 870 570 
145 655 455 
146 777 577 
147 996 696 
148 918 618 
149 231 31 
150 561 361 
151 791 591 
152 973 773 
153 606 406 
154 426 126 
155 475 275 
156 859 659 
157 360 160 
158 912 712 
159 558 258 
160 300 100 
161 1029 829 
162 1164 864 
163 877 677 
164 252 52 
165 871 671 
166 1108 908 
167 790 590 
168 695 495 
169 673 473 
170 360 160 
171 337 137 
172 405 205 
173 1137 937 
174 525 325 
175 1134 934 
176 1087 887 
177 358 158 
178 925 725 
179 1109 909 
180 943 743 
181 930 730 
182 556 356 
183 1068 768 
184 988 788 
185 288 88 
186 1152 952 
187 508 308 
188 859 659 
189 1174 974 
190 510 210 
191 935 735 
192 870 670 
193 1248 948 
194 715 515 
195 1123 923 
196 312 112 
197 763 563 
198 935 735 
199 681 481 
200 839 639 
201 751 551 
202 816 516 
203 415 215 
204 929 729 
205 405 205 
206 779 579 
207 402 202 
208 846 646 
209 1109 909 
210 318 118 
211 516 316 
212 816 516 
213 288 88 
214 420 120 
215 750 550 
216 573 373 
217 750 450 
218 1260 960 
219 1062 862 
220 522 322 
221 856 656 
222 533 333 
223 474 274 
224 451 251 
225 867 667 
226 778 578 
227 507 307 
228 1080 780 
229 1139 939 
230 307 107 
231 827 627 
232 706 506 
233 869 669 
234 618 318 
235 214 14 
236 1083 883 
237 765 565 
238 547 347 
239 1080 780 
240 505 305 
241 1020 820 
242 1084 884 
243 205 5 
244 1055 855 
245 942 642 
246 1037 837 
247 331 131 
248 582 282 
249 1132 932 
250 1272 972 
251 843 643 
252 1008 808 
253 975 775 
254 297 97 
255 307 107 
256 724 524 
257 318 18 
258 503 303 
259 1045 845 
260 351 151 
261 768 568 
262 817 617 
263 1062 762 
264 688 488 
265 1147 947 
266 333 133 
267 1072 872 
268 1021 821 
269 774 474 
270 532 332 
271 676 476 
272 407 207 
273 755 555 
274 255 55 
275 936 736 
276 894 594 
277 825 625 
278 1003 803 
279 882 582 
280 393 193 
281 270 70 
282 526 326 
283 682 482 
284 1054 854 
285 305 105 
286 575 375 
287 1075 875 
288 791 591 
289 426 226 
290 441 241 
291 745 545 
292 858 658 
293 976 776 
294 876 576 
295 568 368 
296 241 41 
297 601 401 
298 361 161 
299 1164 964 
300 1198 998 
301 522 322 
302 678 478 
303 907 707 
304 1168 968 
305 342 42 
306 516 216 
307 621 421 
308 779 579 
309 267 67 
310 282 82 
311 1103 903 
312 444 244 
313 545 345 
314 676 476 
315 691 491 
316 726 426 
317 468 168 
318 709 509 
319 952 752 
320 1078 878 
321 833 633 
322 312 112 
323 1008 808 
324 235 35 
325 269 69 
326 623 423 
327 964 764 
328 630 430 
329 912 712 
330 822 522 
331 874 674 
332 246 46 
333 687 487 
334 1185 985 
335 279 79 
336 268 68 
337 918 618 
338 597 397 
339 717 517 
340 1104 804 
341 370 170 
342 443 243 
343 774 574 
344 666 466 
345 787 587 
346 832 632 
347 594 294 
348 958 758 
349 579 379 
350 693 493 
351 988 788 
352 376 176 
353 448 248 
354 244 44 
355 417 217 
356 1051 851 
357 1150 950 
358 1120 920 
359 726 526 
360 765 565 
361 582 382 
362 1025 825 
363 822 522 
364 589 389 
365 1080 880 
366 549 349 
367 486 186 
368 612 412 
369 761 561 
370 696 496 
371 991 791 
372 1180 980 
373 301 101 
374 432 132 
375 1035 835 
376 211 11 
377 306 6 
378 793 593 
379 259 59 
380 673 473 
381 370 170 
382 762 462 
383 405 205 
384 749 549 
385 1092 792 
386 1165 965 
387 611 411 
388 387 187 
389 915 715 
390 690 490 
391 367 167 
392 1284 984 
393 773 573 
394 1224 924 
395 612 412 
396 252 52 
397 373 173 
398 514 314 
399 211 11 
400 238 38 
401 209 9 
402 1191 991 
403 486 186 
404 691 491 
405 628 428 
406 751 551 
407 1122 822 
408 208 8 
409 420 120 
410 759 559 
411 798 498 
412 1038 738 
413 997 797 
414 756 456 
415 821 621 
416 573 373 
417 208 8 
418 403 203 
419 312 112 
420 945 745 
421 1104 804 
422 325 125 
423 629 429 
424 1174 974 
425 988 788 
426 629 429 
427 881 681 
428 649 449 
429 430 230 
430 529 329 
431 1153 953 
432 456 156 
433 273 73 
434 600 300 
435 856 656 
436 937 737 
437 479 279 
438 642 442 
439 759 559 
440 807 607 
441 515 315 
442 1038 738 
443 1080 780 
444 1179 979 
445 948 748 
446 1179 979 
447 963 763 
448 504 304 
449 948 648 
450 367 167 
451 607 407 
452 967 767 
453 321 121 
454 1162 962 
455 233 33 
456 759 559 
457 787 587 
458 1018 818 
459 1071 871 
460 1266 966 
461 891 691 
462 521 321 
463 954 654 
464 693 493 
465 1073 873 
466 450 150 
467 568 368 
468 871 671 
469 474 174 
470 591 391 
471 823 623 
472 921 721 
473 390 190 
474 630 330 
475 255 55 
476 940 740 
477 575 375 
478 1079 879 
479 1007 807 
480 498 198 
481 1048 848 
482 615 415 
483 660 360 
484 996 796 
485 510 210 
486 911 711 
487 1152 852 
488 651 451 
489 750 450 
490 437 237 
491 864 664 
492 1121 921 
493 1188 988 
494 585 385 
495 846 546 
496 240 40 
497 385 185 
498 773 573 
499 1098 898 
500 219 19 
501 505 305 
502 597 397 
503 861 661 
504 335 135 
505 545 345 
506 1020 720 
507 341 141 
508 235 35 
509 270 70 
510 748 548 
511 289 89 
512 807 607 
513 996 696 
514 365 165 
515 323 123 
516 376 176 
517 1192 992 
518 502 302 
519 437 237 
520 874 674 
521 753 553 
522 933 733 
523 210 10 
524 580 380 
525 1066 866 
526 235 35 
527 403 203 
528 431 231 
529 793 593 
530 601 401 
531 1167 967 
532 1031 831 
533 577 377 
534 636 436 
535 432 232 
536 376 176 
537 813 613 
538 1074 874 
539 1069 869 
540 833 633 
541 330 130 
542 870 570 
543 510 210 
544 1008 708 
545 336 136 
546 1031 831 
547 513 313 
548 251 51 
549 1073 873 
550 1149 949 
551 1152 852 
552 1188 988 
553 768 568 
554 370 170 
555 903 703 
556 438 238 
557 899 699 
558 306 6 
559 318 18 
560 1113 913 
561 217 17 
562 283 83 
563 357 157 
564 834 634 
565 372 172 
566 373 173 
567 1002 802 
568 556 356 
569 400 200 
570 1014 714 
571 903 703 
572 727 527 
573 601 401 
574 594 394 
575 360 160 
576 748 548 
577 393 193 
578 615 415 
579 1200 1000 
580 930 630 
581 1159 959 
582 1062 862 
583 489 289 
584 1074 874 
585 1212 912 
586 408 108 
587 1182 982 
588 647 447 
589 801 601 
590 390 90 
591 732 432 
592 551 351 
593 342 42 
594 257 57 
595 1030 830 
596 1059 859 
597 576 276 
598 486 286 
599 306 106 
600 955 755 
601 1059 859 
602 886 686 
603 355 155 
604 403 203 
605 877 677 
606 1059 859 
607 213 13 
608 1182 982 
609 1121 921 
610 816 516 
611 1114 914 
612 855 655 
613 481 281 
614 732 432 
615 1080 780 
616 1090 890 
617 1159 959 
618 924 724 
619 719 519 
620 351 151 
621 875 675 
622 559 359 
623 275 75 
624 223 23 
625 1158 858 
626 893 693 
627 864 664 
628 564 364 
629 552 352 
630 209 9 
631 1113 913 
632 389 189 
633 407 207 
634 216 16 
635 833 633 
636 327 127 
637 309 109 
638 1188 988 
639 876 576 
640 696 396 
641 942 642 
642 743 543 
643 1157 957 
644 852 552 
645 438 238 
646 1187 987 
647 669 469 
648 1194 894 
649 487 287 
650 1120 920 
651 515 315 
652 415 215 
653 329 129 
654 430 230 
655 381 181 
656 298 98 
657 731 531 
658 786 486 
659 1189 989 
660 341 141 
661 1000 800 
662 828 628 
663 469 269 
664 1182 882 
665 507 307 
666 247 47 
667 1177 977 
668 442 242 
669 385 185 
670 247 47 
671 444 144 
672 1069 869 
673 1026 826 
674 1158 958 
675 731 531 
676 623 423 
677 1152 952 
678 431 231 
679 768 468 
680 957 757 
681 503 303 
682 726 426 
683 1044 744 
684 1085 885 
685 963 763 
686 709 509 
687 397 197 
688 257 57 
689 360 60 
690 723 523 
691 516 316 
692 960 660 
693 652 452 
694 457 257 
695 1047 847 
696 546 346 
697 775 575 
698 867 667 
699 683 483 
700 1180 980 
701 465 265 
702 707 507 
703 943 743 
704 274 74 
705 651 451 
706 558 258 
707 1075 875 
708 618 318 
709 1079 879 
710 837 637 
711 846 546 
712 1015 815 
713 1103 903 
714 732 432 
715 887 687 
716 459 259 
717 809 609 
718 1078 878 
719 627 427 
720 947 747 
721 669 469 
722 1062 862 
723 877 677 
724 894 594 
725 408 108 
726 655 455 
727 696 496 
728 430 230 
729 1035 835 
730 381 181 
731 1168 968 
732 437 237 
733 877 677 
734 832 632 
735 900 700 
736 817 617 
737 1008 708 
738 696 396 
739 877 677 
740 900 700 
741 241 41 
742 611 411 
743 853 653 
744 1020 820 
745 295 95 
746 408 108 
747 897 697 
748 263 63 
749 1035 835 
750 775 575 
751 615 415 
752 328 128 
753 246 46 
754 366 166 
755 648 448 
756 564 264 
757 313 113 
758 966 766 
759 1126 926 
760 573 373 
761 543 343 
762 1107 907 
763 1111 911 
764 349 149 
765 390 190 
766 1063 863 
767 856 656 
768 555 355 
769 789 589 
770 1074 874 
771 273 73 
772 441 241 
773 615 415 
774 451 251 
775 1103 903 
776 948 748 
777 623 423 
778 317 117 
779 205 5 
780 739 539 
781 226 26 
782 1146 946 
783 961 761 
784 396 96 
785 455 255 
786 348 148 
787 1005 805 
788 960 660 
789 801 601 
790 1126 926 
791 883 683 
792 834 534 
793 627 427 
794 375 175 
795 303 103 
796 557 357 
797 1230 930 
798 522 222 
799 273 73 
800 521 321 
801 807 607 
802 1014 814 
803 492 192 
804 725 525 
805 990 690 
806 1147 947 
807 303 103 
808 535 335 
809 207 7 
810 915 715 
811 715 515 
812 1006 806 
813 348 148 
814 502 302 
815 586 386 
816 363 163 
817 1056 856 
818 694 494 
819 221 21 
820 1020 720 
821 214 14 
822 775 575 
823 306 6 
824 827 627 
825 831 631 
826 295 95 
827 1158 858 
828 1099 899 
829 419 219 
830 895 695 
831 864 664 
832 705 505 
833 976 776 
834 663 463 
835 880 680 
836 808 608 
837 672 472 
838 757 557 
839 221 21 
840 966 766 
841 456 256 
842 522 222 
843 779 579 
844 472 272 
845 803 603 
846 251 51 
847 1116 816 
848 601 401 
849 786 586 
850 786 486 
851 646 446 
852 539 339 
853 1014 814 
854 433 233 
855 231 31 
856 707 507 
857 732 532 
858 989 789 
859 735 535 
860 745 545 
861 780 480 
862 1192 992 
863 630 430 
864 461 261 
865 1194 994 
866 229 29 
867 867 667 
868 395 195 
869 427 227 
870 736 536 
871 593 393 
872 823 623 
873 928 728 
874 719 519 
875 1125 925 
876 265 65 
877 834 534 
878 825 625 
879 1125 925 
880 498 298 
881 355 155 
882 834 634 
883 834 634 
884 853 653 
885 323 123 
886 741 541 
887 862 662 
888 738 438 
889 1200 1000 
890 424 224 
891 479 279 
892 582 382 
893 689 489 
894 955 755 
895 558 258 
896 912 612 
897 747 547 
898 976 776 
899 1116 816 
900 276 76 
901 562 362 
902 384 84 
903 803 603 
904 1056 756 
905 761 561 
906 528 228 
907 1049 849 
908 226 26 
909 493 293 
910 985 785 
911 1044 744 
912 1023 823 
913 605 405 
914 1084 884 
915 852 552 
916 1134 934 
917 672 372 
918 666 466 
919 964 764 
920 360 60 
921 453 253 
922 324 24 
923 864 664 
924 706 506 
925 366 166 
926 1103 903 
927 987 787 
928 834 534 
929 573 373 
930 585 385 
931 718 518 
932 685 485 
933 1077 877 
934 1009 809 
935 1180 980 
936 1056 756 
937 1170 970 
938 535 335 
939 223 23 
940 1161 961 
941 468 168 
942 625 425 
943 577 377 
944 1062 862 
945 327 127 
946 923 723 
947 264 64 
948 1050 750 
949 201 1 
950 751 551 
951 351 151 
952 978 678 
953 1138 938 
954 981 781 
955 811 611 
956 989 789 
957 1199 999 
958 1156 956 
959 1035 835 
960 883 683 
961 943 743 
962 958 758 
963 215 15 
964 205 5 
965 336 36 
966 1140 840 
967 1146 946 
968 1199 999 
969 642 442 
970 910 710 
971 360 160 
972 312 112 
973 983 783 
974 611 411 
975 588 288 
976 257 57 
977 353 153 
978 815 615 
979 1086 786 
980 885 685 
981 490 290 
982 318 118 
983 1161 961 
984 250 50 
985 207 7 
986 535 335 
987 465 265 
988 295 95 
989 396 196 
990 1114 914 
991 985 785 
992 403 203 
993 1193 993 
994 873 673 
995 1018 818 
996 948 748 
997 1096 896 
998 807 607 
999 935 735 
1000 445 245 
1001 619 419 
1002 235 35 
1003 251 51 
1004 429 229 
1005 202 2 
1006 701 501 
1007 293 93 
1008 967 767 
1009 1035 835 
1010 376 176 
1011 534 334 
1012 468 268 
1013 996 696 
1014 1182 982 
1015 256 56 
1016 706 506 
1017 576 276 
1018 815 615 
1019 465 265 
1020 424 224 
1021 1005 805 
1022 897 697 
1023 1038 838 
1024 1183 983 
1025 475 275 
1026 256 56 
1027 208 8 
1028 346 146 
1029 591 391 
1030 503 303 
1031 321 121 
1032 858 558 
1033 509 309 
1034 813 613 
1035 495 295 
1036 870 570 
1037 298 98 
1038 1153 953 
1039 816 616 
1040 928 728 
1041 973 773 
1042 786 486 
1043 852 652 
1044 1066 866 
1045 481 281 
1046 215 15 
1047 534 334 
1048 1165 965 
1049 673 473 
1050 643 443 
1051 466 266 
1052 504 304 
1053 1131 931 
1054 402 202 
1055 720 520 
1056 429 229 
1057 829 629 
1058 901 701 
1059 271 71 
1060 447 247 
1061 243 43 
1062 577 377 
1063 514 314 
1064 930 730 
1065 1290 990 
1066 964 764 
1067 522 222 
1068 702 502 
1069 733 533 
1070 330 30 
1071 761 561 
1072 1044 844 
1073 616 416 
1074 345 145 
1075 340 140 
1076 750 550 
1077 951 751 
1078 1113 913 
1079 802 602 
1080 963 763 
1081 231 31 
1082 997 797 
1083 534 334 
1084 1056 856 
1085 580 380 
1086 819 619 
1087 468 168 
1088 863 663 
1089 408 208 
1090 1087 887 
1091 1140 840 
1092 235 35 
1093 418 218 
1094 660 460 
1095 953 753 
1096 226 26 
1097 263 63 
1098 708 408 
1099 343 143 
1100 1113 913 
1101 1101 901 
1102 1036 836 
1103 241 41 
1104 275 75 
1105 558 258 
1106 654 354 
1107 711 511 
1108 1062 762 
1109 849 649 
1110 317 117 
1111 600 300 
1112 1164 964 
1113 396 196 
1114 747 547 
1115 1176 876 
1116 262 62 
1117 202 2 
1118 1266 966 
1119 463 263 
1120 412 212 
1121 258 58 
1122 654 454 
1123 1188 988 
1124 751 551 
1125 214 14 
1126 648 448 
1127 838 638 
1128 276 76 
1129 321 121 
1130 298 98 
1131 298 98 
1132 899 699 
1133 489 289 
1134 1036 836 
1135 678 478 
1136 493 293 
1137 933 733 
1138 695 495 
1139 984 684 
1140 789 589 
1141 1006 806 
1142 601 401 
1143 628 428 
1144 1152 952 
1145 610 410 
1146 687 487 
1147 933 733 
1148 552 252 
1149 1060 860 
1150 1074 874 
1151 228 28 
1152 468 268 
1153 781 581 
1154 1254 954 
1155 1254 954 
1156 233 33 
1157 598 398 
1158 1101 901 
1159 641 441 
1160 354 154 
1161 371 171 
1162 1260 960 
1163 431 231 
1164 605 405 
1165 240 40 
1166 1116 916 
1167 402 202 
1168 899 699 
1169 559 359 
1170 990 690 
1171 1018 818 
1172 919 719 
1173 736 536 
1174 583 383 
1175 714 514 
1176 1119 919 
1177 1087 887 
1178 1096 896 
1179 911 711 
1180 305 105 
1181 750 450 
1182 846 646 
1183 846 646 
1184 927 727 
1185 492 192 
1186 803 603 
1187 1114 914 
1188 419 219 
1189 706 506 
1190 795 595 
1191 219 19 
1192 499 299 
1193 384 84 
1194 912 612 
1195 615 415 
1196 621 421 
1197 741 541 
1198 341 141 
1199 780 580 
1200 1107 907 
1201 1278 978 
1202 1206 906 
1203 291 91 
1204 744 544 
1205 1146 846 
1206 430 230 
1207 327 127 
1208 1185 985 
1209 317 117 
1210 1098 798 
1211 867 667 
1212 861 661 
1213 492 292 
1214 1132 932 
1215 1183 983 
1216 861 661 
1217 747 547 
1218 1206 906 
1219 267 67 
1220 508 308 
1221 1162 962 
1222 594 394 
1223 1090 890 
1224 503 303 
1225 1146 846 
1226 984 684 
1227 1000 800 
1228 1061 861 
1229 461 261 
1230 1236 936 
1231 988 788 
1232 1039 839 
1233 277 77 
1234 535 335 
1235 1146 846 
1236 729 529 
1237 897 697 
1238 541 341 
1239 1033 833 
1240 303 103 
1241 875 675 
1242 1146 946 
1243 714 514 
1244 736 536 
1245 282 82 
1246 396 196 
1247 330 30 
1248 622 422 
1249 934 734 
1250 629 429 
1251 1152 952 
1252 340 140 
1253 310 110 
1254 995 795 
1255 432 232 
1256 918 718 
1257 376 176 
1258 946 746 
1259 412 212 
1260 483 283 
1261 1105 905 
1262 804 604 
1263 1014 714 
1264 522 222 
1265 880 680 
1266 937 737 
1267 747 547 
1268 1096 896 
1269 703 503 
1270 1086 886 
1271 514 314 
1272 663 463 
1273 393 193 
1274 858 658 
1275 267 67 
1276 714 514 
1277 549 349 
1278 412 212 
1279 948 748 
1280 563 363 
1281 577 377 
1282 906 606 
1283 694 494 
1284 1131 931 
1285 895 695 
1286 300 100 
1287 984 684 
1288 568 368 
1289 210 10 
1290 317 117 
1291 1230 930 
1292 1185 985 
1293 945 745 
1294 592 392 
1295 214 14 
1296 420 120 
1297 219 19 
1298 828 528 
1299 955 755 
1300 967 767 
1301 473 273 
1302 505 305 
1303 809 609 
1304 723 523 
1305 256 56 
1306 876 576 
1307 1189 989 
1308 648 348 
1309 979 779 
1310 1029 829 
1311 535 335 
1312 498 298 
1313 388 188 
1314 1180 980 
1315 294 94 
1316 473 273 
1317 1171 971 
1318 399 199 
1319 901 701 
1320 733 533 
1321 333 133 
1322 517 317 
1323 402 202 
1324 1158 958 
1325 1086 886 
1326 502 302 
1327 873 673 
1328 1053 853 
1329 1095 895 
1330 205 5 
1331 312 12 
1332 925 725 
1333 264 64 
1334 220 20 
1335 606 406 
1336 378 178 
1337 630 430 
1338 226 26 
1339 258 58 
1340 1008 708 
1341 762 462 
1342 376 176 
1343 504 304 
1344 253 53 
1345 911 711 
1346 439 239 
1347 521 321 
1348 358 158 
1349 1272 972 
1350 227 27 
1351 261 61 
1352 430 230 
1353 1143 943 
1354 1134 834 
1355 1164 964 
1356 202 2 
1357 623 423 
1358 301 101 
1359 249 49 
1360 845 645 
1361 258 58 
1362 1158 958 
1363 780 480 
1364 681 481 
1365 1011 811 
1366 420 120 
1367 553 353 
1368 220 20 
1369 396 196 
1370 802 602 
1371 1129 929 
1372 1068 868 
1373 533 333 
1374 1147 947 
1375 468 168 
1376 355 155 
1377 899 699 
1378 1135 935 
1379 901 701 
1380 539 339 
1381 881 681 
1382 496 296 
1383 420 220 
1384 473 273 
1385 918 618 
1386 229 29 
1387 208 8 
1388 810 510 
1389 888 588 
1390 426 126 
1391 1212 912 
1392 681 481 
1393 1062 862 
1394 925 725 
1395 309 109 
1396 709 509 
1397 810 610 
1398 1150 950 
1399 538 338 
1400 889 689 
1401 411 211 
1402 255 55 
1403 1186 986 
1404 1139 939 
1405 439 239 
1406 400 200 
1407 690 390 
1408 995 795 
1409 766 566 
1410 484 284 
1411 1092 892 
1412 1078 878 
1413 378 178 
1414 502 302 
1415 996 696 
1416 936 736 
1417 888 588 
1418 756 556 
1419 642 342 
1420 304 104 
1421 468 268 
1422 911 711 
1423 397 197 
1424 423 223 
1425 1017 817 
1426 880 680 
1427 949 749 
1428 489 289 
1429 1109 909 
1430 504 204 
1431 417 217 
1432 1097 897 
1433 442 242 
1434 545 345 
1435 1134 934 
1436 705 505 
1437 414 214 
1438 550 350 
1439 1097 897 
1440 367 167 
1441 610 410 
1442 670 470 
1443 365 165 
1444 1001 801 
1445 487 287 
1446 269 69 
1447 570 370 
1448 330 130 
1449 783 583 
1450 945 745 
1451 1030 830 
1452 1041 841 
1453 754 554 
1454 721 521 
1455 880 680 
1456 1145 945 
1457 861 661 
1458 201 1 
1459 343 143 
1460 259 59 
1461 276 76 
1462 1296 996 
1463 359 159 
1464 917 717 
1465 721 521 
1466 208 8 
1467 555 355 
1468 450 150 
1469 562 362 
1470 397 197 
1471 411 211 
1472 687 487 
1473 430 230 
1474 570 270 
1475 828 528 
1476 1147 947 
1477 1096 896 
1478 885 685 
1479 1075 875 
1480 943 743 
1481 342 42 
1482 210 10 
1483 521 321 
1484 634 434 
1485 755 555 
1486 1061 861 
1487 761 561 
1488 717 517 
1489 937 737 
1490 239 39 
1491 1115 915 
1492 600 300 
1493 967 767 
1494 437 237 
1495 618 418 
1496 867 667 
1497 804 504 
1498 988 788 
1499 795 595 
1500 522 322 
1501 561 361 
1502 949 749 
1503 331 131 
1504 297 97 
1505 366 66 
1506 1026 826 
1507 349 149 
1508 811 611 
1509 685 485 
1510 471 271 
1511 617 417 
1512 1199 999 
1513 1069 869 
1514 793 593 
1515 477 277 
1516 826 626 
1517 780 480 
1518 366 66 
1519 400 200 
1520 1077 877 
1521 901 701 
1522 966 666 
1523 833 633 
1524 453 253 
1525 858 558 
1526 1023 823 
1527 244 44 
1528 1085 885 
1529 743 543 
1530 270 70 
1531 988 788 
1532 421 221 
1533 676 476 
1534 919 719 
1535 582 282 
1536 786 486 
1537 1062 862 
1538 300 100 
1539 204 4 
1540 723 523 
1541 766 566 
1542 633 433 
1543 1014 814 
1544 510 210 
1545 520 320 
1546 757 557 
1547 708 508 
1548 1032 832 
1549 297 97 
1550 304 104 
1551 1133 933 
1552 880 680 
1553 1169 969 
1554 970 770 
1555 577 377 
1556 772 572 
1557 846 546 
1558 690 490 
1559 972 772 
1560 586 386 
1561 474 174 
1562 292 92 
1563 768 568 
1564 391 191 
1565 436 236 
1566 777 577 
1567 738 438 
1568 1007 807 
1569 1163 963 
1570 666 466 
1571 213 13 
1572 451 251 
1573 984 684 
1574 725 525 
1575 873 673 
1576 1116 816 
1577 300 100 
1578 1242 942 
1579 693 493 
1580 246 46 
1581 1015 815 
1582 879 679 
1583 888 688 
1584 646 446 
1585 390 190 
1586 864 664 
1587 532 332 
1588 283 83 
1589 353 153 
1590 670 470 
1591 569 369 
1592 905 705 
1593 461 261 
1594 760 560 
1595 766 566 
1596 745 545 
1597 463 263 
1598 724 524 
1599 1140 840 
1600 366 66 
1601 703 503 
1602 1050 750 
1603 1177 977 
1604 665 465 
1605 286 86 
1606 1110 810 
1607 450 250 
1608 274 74 
1609 751 551 
1610 844 644 
1611 1080 880 
1612 963 763 
1613 521 321 
1614 615 415 
1615 1066 866 
1616 943 743 
1617 1278 978 
1618 870 570 
1619 264 64 
1620 993 793 
1621 405 205 
1622 484 284 
1623 853 653 
1624 892 692 
1625 1069 869 
1626 768 568 
1627 1198 998 
1628 922 722 
1629 631 431 
1630 513 313 
1631 785 585 
1632 969 769 
1633 1043 843 
1634 1143 943 
1635 1030 830 
1636 262 62 
1637 395 195 
1638 900 600 
1639 1121 921 
1640 954 654 
1641 891 691 
1642 1000 800 
1643 429 229 
1644 744 544 
1645 1151 951 
1646 984 784 
1647 486 186 
1648 948 748 
1649 767 567 
1650 750 450 
1651 607 407 
1652 838 638 
1653 813 613 
1654 658 458 
1655 504 304 
1656 819 619 
1657 316 116 
1658 702 502 
1659 996 696 
1660 433 233 
1661 1123 923 
1662 647 447 
1663 480 280 
1664 891 691 
1665 1168 968 
1666 502 302 
1667 310 110 
1668 211 11 
1669 957 757 
1670 503 303 
1671 654 454 
1672 358 158 
1673 478 278 
1674 576 376 
1675 1108 908 
1676 1019 819 
1677 396 96 
1678 258 58 
1679 295 95 
1680 859 659 
1681 1099 899 
1682 863 663 
1683 1056 856 
1684 918 618 
1685 417 217 
1686 402 202 
1687 948 648 
1688 1152 852 
1689 936 636 
1690 281 81 
1691 253 53 
1692 256 56 
1693 411 211 
1694 1086 886 
1695 1152 852 
1696 1192 992 
1697 1109 909 
1698 961 761 
1699 1176 976 
1700 495 295 
1701 387 187 
1702 823 623 
1703 505 305 
1704 201 1 
1705 354 154 
1706 990 790 
1707 582 382 
1708 589 389 
1709 1191 991 
1710 474 174 
1711 883 683 
1712 286 86 
1713 516 216 
1714 1168 968 
1715 419 219 
1716 453 253 
1717 553 353 
1718 202 2 
1719 966 766 
1720 936 736 
1721 1200 900 
1722 281 81 
1723 595 395 
1724 894 694 
1725 1087 887 
1726 1158 958 
1727 527 327 
1728 312 112 
1729 1158 858 
1730 593 393 
1731 504 204 
1732 729 529 
1733 1194 894 
1734 688 488 
1735 267 67 
1736 895 695 
1737 910 710 
1738 520 320 
1739 945 745 
1740 847 647 
1741 249 49 
1742 750 450 
1743 221 21 
1744 936 636 
1745 877 677 
1746 1159 959 
1747 208 8 
1748 559 359 
1749 365 165 
1750 312 12 
1751 299 99 
1752 640 440 
1753 700 500 
1754 815 615 
1755 844 644 
1756 1003 803 
1757 1071 871 
1758 495 295 
1759 516 216 
1760 316 116 
1761 615 415 
1762 495 295 
1763 994 794 
1764 987 787 
1765 696 396 
1766 1035 835 
1767 942 642 
1768 1056 856 
1769 490 290 
1770 808 608 
1771 1151 951 
1772 1096 896 
1773 383 183 
1774 1128 928 
1775 749 549 
1776 268 68 
1777 366 66 
1778 252 52 
1779 295 95 
1780 881 681 
1781 549 349 
1782 783 583 
1783 618 318 
1784 970 770 
1785 360 60 
1786 1113 913 
1787 810 510 
1788 324 24 
1789 916 716 
1790 473 273 
1791 1068 768 
1792 654 354 
1793 244 44 
1794 585 385 
1795 522 322 
1796 292 92 
1797 670 470 
1798 1194 894 
1799 468 168 
1800 720 420 
1801 378 78 
1802 333 133 
1803 846 646 
1804 247 47 
1805 409 209 
1806 223 23 
1807 1036 836 
1808 1024 824 
1809 735 535 
1810 1125 925 
1811 636 336 
1812 929 729 
1813 942 642 
1814 619 419 
1815 310 110 
1816 936 736 
1817 372 172 
1818 393 193 
1819 347 147 
1820 683 483 
1821 1188 988 
1822 269 69 
1823 1029 829 
1824 947 747 
1825 1177 977 
1826 801 601 
1827 432 132 
1828 564 364 
1829 1109 909 
1830 763 563 
1831 960 660 
1832 267 67 
1833 1042 842 
1834 791 591 
1835 636 336 
1836 430 230 
1837 888 688 
1838 775 575 
1839 1152 952 
1840 1143 943 
1841 389 189 
1842 595 395 
1843 603 403 
1844 849 649 
1845 587 387 
1846 249 49 
1847 429 229 
1848 385 185 
1849 501 301 
1850 757 557 
1851 202 2 
1852 1050 750 
1853 601 401 
1854 825 625 
1855 1120 920 
1856 1008 808 
1857 343 143 
1858 1126 926 
1859 713 513 
1860 532 332 
1861 223 23 
1862 1065 865 
1863 310 110 
1864 1266 966 
1865 735 535 
1866 510 310 
1867 892 692 
1868 552 252 
1869 763 563 
1870 936 736 
1871 894 594 
1872 970 770 
1873 610 410 
1874 639 439 
1875 785 585 
1876 828 528 
1877 751 551 
1878 887 687 
1879 706 506 
1880 205 5 
1881 741 541 
1882 239 39 
1883 547 347 
1884 1063 863 
1885 570 370 
1886 735 535 
1887 882 682 
1888 804 504 
1889 964 764 
1890 424 224 
1891 911 711 
1892 1018 818 
1893 486 286 
1894 936 736 
1895 214 14 
1896 571 371 
1897 707 507 
1898 1131 931 
1899 1146 946 
1900 630 330 
1901 321 121 
1902 1098 898 
1903 243 43 
1904 543 343 
1905 756 456 
1906 623 423 
1907 937 737 
1908 286 86 
1909 616 416 
1910 1242 942 
1911 813 613 
1912 1128 828 
1913 790 590 
1914 978 678 
1915 666 366 
1916 1116 816 
1917 1266 966 
1918 325 125 
1919 366 66 
1920 1011 811 
1921 498 298 
1922 423 223 
1923 840 640 
1924 568 368 
1925 857 657 
1926 372 72 
1927 888 588 
1928 1044 844 
1929 600 400 
1930 1012 812 
1931 523 323 
1932 630 430 
1933 408 108 
1934 1197 997 
1935 250 50 
1936 831 631 
1937 214 14 
1938 213 13 
1939 558 258 
1940 475 275 
1941 317 117 
1942 351 151 
1943 215 15 
1944 1198 998 
1945 934 734 
1946 1038 738 
1947 948 748 
1948 948 648 
1949 207 7 
1950 477 277 
1951 400 200 
1952 897 697 
1953 407 207 
1954 780 580 
1955 507 307 
1956 556 356 
1957 996 696 
1958 889 689 
1959 673 473 
1960 280 80 
1961 973 773 
1962 1035 835 
1963 341 141 
1964 321 121 
1965 1059 859 
1966 466 266 
1967 527 327 
1968 411 211 
1969 931 731 
1970 888 688 
1971 478 278 
1972 471 271 
1973 654 454 
1974 809 609 
1975 1146 846 
1976 468 268 
1977 903 703 
1978 811 611 
1979 555 355 
1980 767 567 
1981 973 773 
1982 1126 926 
1983 419 219 
1984 1050 850 
1985 1037 837 
1986 645 445 
1987 1008 808 
1988 1048 848 
1989 1083 883 
1990 635 435 
1991 675 475 
1992 742 542 
1993 370 170 
1994 1126 926 
1995 202 2 
1996 1152 852 
1997 1199 999 
1998 319 119 
1999 318 18 
2000 594 394 
