npieces: 500
capacity: 28321595
1 60818 70818 
2 52520 62520 
3 63270 73270 
4 70705 80705 
5 97700 107700 
6 12874 22874 
7 67765 77765 
8 84862 94862 
9 61854 71854 
10 95420 105420 
11 41988 51988 
12 80795 90795 
13 64607 74607 
14 64468 74468 
15 10326 20326 
16 60374 70374 
17 33255 43255 
18 67625 77625 
19 85540 95540 
20 69109 79109 
21 34502 44502 
22 57777 67777 
23 51957 61957 
24 66637 76637 
25 86782 96782 
26 49061 59061 
27 2742 12742 
28 71380 81380 
29 86103 96103 
30 18689 28689 
31 96247 106247 
32 87694 97694 
33 5247 15247 
34 83976 93976 
35 58434 68434 
36 56740 66740 
37 57819 67819 
38 63973 73973 
39 70296 80296 
40 90612 100612 
41 84559 94559 
42 60108 70108 
43 81738 91738 
44 61441 71441 
45 64838 74838 
46 96894 106894 
47 5201 15201 
48 16106 26106 
49 89855 99855 
50 21739 31739 
51 65162 75162 
52 9241 19241 
53 37812 47812 
54 38098 48098 
55 79538 89538 
56 26994 36994 
57 6152 16152 
58 42148 52148 
59 87513 97513 
60 13611 23611 
61 10124 20124 
62 68775 78775 
63 74214 84214 
64 18618 28618 
65 16110 26110 
66 92374 102374 
67 44871 54871 
68 82633 92633 
69 83614 93614 
70 76486 86486 
71 20147 30147 
72 59431 69431 
73 7998 17998 
74 38851 48851 
75 40255 50255 
76 47097 57097 
77 89062 99062 
78 23929 33929 
79 21593 31593 
80 69422 79422 
81 67505 77505 
82 13678 23678 
83 20004 30004 
84 17872 27872 
85 43272 53272 
86 97356 107356 
87 57808 67808 
88 76789 86789 
89 19945 29945 
90 72189 82189 
91 78549 88549 
92 75893 85893 
93 29044 39044 
94 62575 72575 
95 35596 45596 
96 77559 87559 
97 45265 55265 
98 22007 32007 
99 83050 93050 
100 99492 109492 
101 7617 17617 
102 72561 82561 
103 95802 105802 
104 15389 25389 
105 41087 51087 
106 85381 95381 
107 7382 17382 
108 21735 31735 
109 55123 65123 
110 32326 42326 
111 44130 54130 
112 26020 36020 
113 76435 86435 
114 25301 35301 
115 22405 32405 
116 3806 13806 
117 34006 44006 
118 18658 28658 
119 70660 80660 
120 88509 98509 
121 24375 34375 
122 81650 91650 
123 31805 41805 
124 25528 35528 
125 69954 79954 
126 57180 67180 
127 92861 102861 
128 21256 31256 
129 94270 104270 
130 88173 98173 
131 76318 86318 
132 63095 73095 
133 56663 66663 
134 77995 87995 
135 99265 109265 
136 39800 49800 
137 32710 42710 
138 61591 71591 
139 56996 66996 
140 80784 90784 
141 76896 86896 
142 35563 45563 
143 23136 33136 
144 43409 53409 
145 34552 44552 
146 23811 33811 
147 22017 32017 
148 99144 109144 
149 19986 29986 
150 69401 79401 
151 17155 27155 
152 88524 98524 
153 29605 39605 
154 73160 83160 
155 42853 52853 
156 67191 77191 
157 83211 93211 
158 30034 40034 
159 89997 99997 
160 33394 43394 
161 15240 25240 
162 50941 60941 
163 65400 75400 
164 83720 93720 
165 68533 78533 
166 19352 29352 
167 68988 78988 
168 75932 85932 
169 74216 84216 
170 55387 65387 
171 99196 109196 
172 53463 63463 
173 36482 46482 
174 74828 84828 
175 9478 19478 
176 61529 71529 
177 35860 45860 
178 3486 13486 
179 12909 22909 
180 84689 94689 
181 71887 81887 
182 95028 105028 
183 76127 86127 
184 38856 48856 
185 5543 15543 
186 20292 30292 
187 2466 12466 
188 89399 99399 
189 11362 21362 
190 54358 64358 
191 44975 54975 
192 37433 47433 
193 87619 97619 
194 93003 103003 
195 98219 108219 
196 78938 88938 
197 18414 28414 
198 69947 79947 
199 8030 18030 
200 45295 55295 
201 51319 61319 
202 39991 49991 
203 61842 71842 
204 43424 53424 
205 41612 51612 
206 9997 19997 
207 76266 86266 
208 544 10544 
209 41787 51787 
210 84169 94169 
211 87164 97164 
212 54653 64653 
213 84737 94737 
214 40120 50120 
215 20461 30461 
216 23443 33443 
217 47953 57953 
218 5160 15160 
219 59367 69367 
220 69371 79371 
221 16093 26093 
222 88300 98300 
223 31737 41737 
224 92800 102800 
225 72419 82419 
226 43452 53452 
227 26315 36315 
228 18386 28386 
229 49847 59847 
230 28664 38664 
231 45373 55373 
232 979 10979 
233 52649 62649 
234 59885 69885 
235 31931 41931 
236 47759 57759 
237 83059 93059 
238 40528 50528 
239 91231 101231 
240 92777 102777 
241 28450 38450 
242 44840 54840 
243 49507 59507 
244 95185 105185 
245 49662 59662 
246 2152 12152 
247 71905 81905 
248 53073 63073 
249 41303 51303 
250 75610 85610 
251 90473 100473 
252 43527 53527 
253 21358 31358 
254 15863 25863 
255 47294 57294 
256 85452 95452 
257 73181 83181 
258 3762 13762 
259 98605 108605 
260 55155 65155 
261 29956 39956 
262 84117 94117 
263 26923 36923 
264 39757 49757 
265 29585 39585 
266 90914 100914 
267 44554 54554 
268 32681 42681 
269 9963 19963 
270 16348 26348 
271 55832 65832 
272 96282 106282 
273 38587 48587 
274 44767 54767 
275 16533 26533 
276 18544 28544 
277 6360 16360 
278 92457 102457 
279 70958 80958 
280 54696 64696 
281 7341 17341 
282 9084 19084 
283 63835 73835 
284 36383 46383 
285 51017 61017 
286 46844 56844 
287 71185 81185 
288 65314 75314 
289 45475 55475 
290 68754 78754 
291 8772 18772 
292 30913 40913 
293 76456 86456 
294 60691 70691 
295 25213 35213 
296 53121 63121 
297 27203 37203 
298 47163 57163 
299 68180 78180 
300 51089 61089 
301 52327 62327 
302 82419 92419 
303 60459 70459 
304 97269 107269 
305 73084 83084 
306 63378 73378 
307 91430 101430 
308 78398 88398 
309 20036 30036 
310 33631 43631 
311 70954 80954 
312 83162 93162 
313 32168 42168 
314 47028 57028 
315 58129 68129 
316 22375 32375 
317 13476 23476 
318 70430 80430 
319 59111 69111 
320 96323 106323 
321 9355 19355 
322 84353 94353 
323 60133 70133 
324 85888 95888 
325 59896 69896 
326 66296 76296 
327 44200 54200 
328 86131 96131 
329 52051 62051 
330 25499 35499 
331 15500 25500 
332 82219 92219 
333 65213 75213 
334 74937 84937 
335 28362 38362 
336 39454 49454 
337 87160 97160 
338 76772 86772 
339 27083 37083 
340 22527 32527 
341 71765 81765 
342 62253 72253 
343 12616 22616 
344 33708 43708 
345 64571 74571 
346 3268 13268 
347 60384 70384 
348 11492 21492 
349 64465 74465 
350 69697 79697 
351 79861 89861 
352 22550 32550 
353 61288 71288 
354 33025 43025 
355 84131 94131 
356 44468 54468 
357 94024 104024 
358 20104 30104 
359 10046 20046 
360 84263 94263 
361 92789 102789 
362 47845 57845 
363 5319 15319 
364 16956 26956 
365 85502 95502 
366 87699 97699 
367 4618 14618 
368 95099 105099 
369 93443 103443 
370 38491 48491 
371 79127 89127 
372 30424 40424 
373 55072 65072 
374 66167 76167 
375 59291 69291 
376 40386 50386 
377 40026 50026 
378 8338 18338 
379 32827 42827 
380 35129 45129 
381 18724 28724 
382 2347 12347 
383 877 10877 
384 41246 51246 
385 39982 49982 
386 23320 33320 
387 74418 84418 
388 2 10002 
389 1387 11387 
390 34822 44822 
391 6068 16068 
392 51840 61840 
393 94014 104014 
394 8415 18415 
395 46232 56232 
396 79686 89686 
397 75777 85777 
398 90085 100085 
399 52063 62063 
400 95662 105662 
401 2417 12417 
402 29626 39626 
403 63743 73743 
404 35468 45468 
405 7961 17961 
406 47202 57202 
407 59833 69833 
408 93472 103472 
409 77849 87849 
410 11424 21424 
411 27159 37159 
412 39403 49403 
413 86994 96994 
414 44221 54221 
415 69956 79956 
416 63038 73038 
417 40753 50753 
418 56136 66136 
419 27399 37399 
420 80877 90877 
421 32470 42470 
422 11671 21671 
423 79198 89198 
424 27395 37395 
425 35777 45777 
426 35019 45019 
427 7827 17827 
428 28527 38527 
429 15352 25352 
430 78738 88738 
431 74013 84013 
432 20509 30509 
433 69750 79750 
434 44005 54005 
435 74582 84582 
436 30111 40111 
437 29139 39139 
438 83858 93858 
439 72148 82148 
440 95657 105657 
441 22252 32252 
442 69204 79204 
443 2535 12535 
444 78685 88685 
445 31087 41087 
446 84606 94606 
447 43694 53694 
448 79067 89067 
449 134 10134 
450 46039 56039 
451 12822 22822 
452 46618 56618 
453 45597 55597 
454 38942 48942 
455 21423 31423 
456 72500 82500 
457 62513 72513 
458 20751 30751 
459 95437 105437 
460 26683 36683 
461 62071 72071 
462 19230 29230 
463 29496 39496 
464 28873 38873 
465 80999 90999 
466 30144 40144 
467 656 10656 
468 26710 36710 
469 46051 56051 
470 1194 11194 
471 16290 26290 
472 66147 76147 
473 20071 30071 
474 25009 35009 
475 54495 64495 
476 32947 42947 
477 75087 85087 
478 98768 108768 
479 12063 22063 
480 62425 72425 
481 14559 24559 
482 19303 29303 
483 99889 109889 
484 81611 91611 
485 54835 64835 
486 54208 64208 
487 90045 100045 
488 77526 87526 
489 70500 80500 
490 6222 16222 
491 61465 71465 
492 24876 34876 
493 75732 85732 
494 17646 27646 
495 75268 85268 
496 98937 108937 
497 10486 20486 
498 97199 107199 
499 72546 82546 
500 83124 93124 
