npieces: 5000
capacity: 368187
1 868 768 
2 721 621 
3 1085 985 
4 1093 993 
5 1039 939 
6 635 535 
7 180 80 
8 651 551 
9 561 461 
10 508 408 
11 522 422 
12 256 156 
13 522 422 
14 1004 904 
15 508 408 
16 1098 998 
17 1050 950 
18 593 493 
19 515 415 
20 769 669 
21 792 692 
22 506 406 
23 1068 968 
24 226 126 
25 449 349 
26 678 578 
27 861 761 
28 905 805 
29 1057 957 
30 650 550 
31 789 689 
32 907 807 
33 674 574 
34 1001 901 
35 185 85 
36 697 597 
37 646 546 
38 829 729 
39 375 275 
40 504 404 
41 834 734 
42 684 584 
43 576 476 
44 478 378 
45 257 157 
46 919 819 
47 383 283 
48 1055 955 
49 1057 957 
50 932 832 
51 809 709 
52 333 233 
53 439 339 
54 923 823 
55 408 308 
56 1022 922 
57 850 750 
58 701 601 
59 808 708 
60 367 267 
61 430 330 
62 248 148 
63 876 776 
64 631 531 
65 544 444 
66 679 579 
67 1046 946 
68 902 802 
69 561 461 
70 1062 962 
71 778 678 
72 812 712 
73 329 229 
74 500 400 
75 869 769 
76 566 466 
77 481 381 
78 1049 949 
79 119 19 
80 714 614 
81 444 344 
82 679 579 
83 362 262 
84 1092 992 
85 1043 943 
86 532 432 
87 518 418 
88 682 582 
89 460 360 
90 773 673 
91 1083 983 
92 1010 910 
93 902 802 
94 935 835 
95 642 542 
96 307 207 
97 1084 984 
98 519 419 
99 697 597 
100 328 228 
101 635 535 
102 282 182 
103 625 525 
104 481 381 
105 378 278 
106 454 354 
107 173 73 
108 876 776 
109 533 433 
110 1047 947 
111 432 332 
112 401 301 
113 646 546 
114 117 17 
115 283 183 
116 227 127 
117 929 829 
118 611 511 
119 131 31 
120 866 766 
121 609 509 
122 1027 927 
123 947 847 
124 381 281 
125 644 544 
126 420 320 
127 139 39 
128 692 592 
129 520 420 
130 661 561 
131 221 121 
132 700 600 
133 137 37 
134 876 776 
135 959 859 
136 804 704 
137 449 349 
138 463 363 
139 578 478 
140 188 88 
141 954 854 
142 188 88 
143 1022 922 
144 1030 930 
145 891 791 
146 540 440 
147 1096 996 
148 996 896 
149 1084 984 
150 681 581 
151 897 797 
152 609 509 
153 103 3 
154 1065 965 
155 156 56 
156 780 680 
157 205 105 
158 131 31 
159 523 423 
160 510 410 
161 346 246 
162 806 706 
163 238 138 
164 909 809 
165 1095 995 
166 1016 916 
167 618 518 
168 697 597 
169 882 782 
170 956 856 
171 394 294 
172 267 167 
173 972 872 
174 309 209 
175 125 25 
176 270 170 
177 1079 979 
178 511 411 
179 972 872 
180 981 881 
181 369 269 
182 517 417 
183 829 729 
184 916 816 
185 657 557 
186 636 536 
187 360 260 
188 723 623 
189 845 745 
190 359 259 
191 982 882 
192 1045 945 
193 606 506 
194 236 136 
195 745 645 
196 519 419 
197 761 661 
198 419 319 
199 981 881 
200 691 591 
201 314 214 
202 279 179 
203 1033 933 
204 276 176 
205 911 811 
206 245 145 
207 153 53 
208 796 696 
209 886 786 
210 1010 910 
211 1091 991 
212 306 206 
213 108 8 
214 577 477 
215 627 527 
216 199 99 
217 955 855 
218 585 485 
219 806 706 
220 511 411 
221 423 323 
222 340 240 
223 904 804 
224 517 417 
225 374 274 
226 780 680 
227 698 598 
228 646 546 
229 906 806 
230 1033 933 
231 339 239 
232 392 292 
233 996 896 
234 950 850 
235 978 878 
236 604 504 
237 302 202 
238 265 165 
239 541 441 
240 822 722 
241 252 152 
242 112 12 
243 265 165 
244 405 305 
245 536 436 
246 177 77 
247 199 99 
248 390 290 
249 554 454 
250 1034 934 
251 919 819 
252 371 271 
253 888 788 
254 311 211 
255 148 48 
256 217 117 
257 1015 915 
258 314 214 
259 772 672 
260 183 83 
261 998 898 
262 973 873 
263 258 158 
264 698 598 
265 155 55 
266 1043 943 
267 153 53 
268 781 681 
269 509 409 
270 652 552 
271 687 587 
272 310 210 
273 150 50 
274 383 283 
275 171 71 
276 908 808 
277 282 182 
278 930 830 
279 141 41 
280 660 560 
281 1048 948 
282 317 217 
283 201 101 
284 355 255 
285 260 160 
286 908 808 
287 688 588 
288 670 570 
289 798 698 
290 555 455 
291 699 599 
292 677 577 
293 619 519 
294 796 696 
295 212 112 
296 718 618 
297 773 673 
298 131 31 
299 147 47 
300 461 361 
301 578 478 
302 691 591 
303 553 453 
304 873 773 
305 918 818 
306 506 406 
307 1013 913 
308 226 126 
309 646 546 
310 375 275 
311 929 829 
312 759 659 
313 259 159 
314 260 160 
315 120 20 
316 812 712 
317 510 410 
318 358 258 
319 646 546 
320 200 100 
321 582 482 
322 929 829 
323 835 735 
324 964 864 
325 587 487 
326 777 677 
327 742 642 
328 152 52 
329 230 130 
330 771 671 
331 763 663 
332 1008 908 
333 1071 971 
334 690 590 
335 1016 916 
336 595 495 
337 642 542 
338 573 473 
339 386 286 
340 260 160 
341 615 515 
342 237 137 
343 662 562 
344 305 205 
345 509 409 
346 1037 937 
347 486 386 
348 425 325 
349 811 711 
350 1034 934 
351 931 831 
352 987 887 
353 459 359 
354 258 158 
355 306 206 
356 825 725 
357 499 399 
358 1009 909 
359 940 840 
360 843 743 
361 424 324 
362 830 730 
363 909 809 
364 456 356 
365 897 797 
366 868 768 
367 713 613 
368 888 788 
369 685 585 
370 188 88 
371 926 826 
372 1052 952 
373 331 231 
374 408 308 
375 114 14 
376 759 659 
377 924 824 
378 1074 974 
379 602 502 
380 310 210 
381 159 59 
382 835 735 
383 635 535 
384 770 670 
385 281 181 
386 1048 948 
387 729 629 
388 615 515 
389 454 354 
390 1023 923 
391 634 534 
392 212 112 
393 1008 908 
394 663 563 
395 222 122 
396 835 735 
397 771 671 
398 581 481 
399 1030 930 
400 739 639 
401 675 575 
402 651 551 
403 101 1 
404 616 516 
405 747 647 
406 315 215 
407 495 395 
408 829 729 
409 931 831 
410 305 205 
411 877 777 
412 679 579 
413 661 561 
414 302 202 
415 658 558 
416 746 646 
417 620 520 
418 1009 909 
419 822 722 
420 218 118 
421 417 317 
422 416 316 
423 316 216 
424 616 516 
425 907 807 
426 188 88 
427 377 277 
428 220 120 
429 314 214 
430 650 550 
431 772 672 
432 473 373 
433 649 549 
434 550 450 
435 548 448 
436 1060 960 
437 174 74 
438 962 862 
439 419 319 
440 422 322 
441 374 274 
442 756 656 
443 877 777 
444 433 333 
445 1018 918 
446 374 274 
447 580 480 
448 351 251 
449 1024 924 
450 767 667 
451 636 536 
452 678 578 
453 248 148 
454 407 307 
455 470 370 
456 880 780 
457 596 496 
458 1039 939 
459 1027 927 
460 207 107 
461 138 38 
462 727 627 
463 855 755 
464 606 506 
465 937 837 
466 769 669 
467 903 803 
468 418 318 
469 878 778 
470 114 14 
471 224 124 
472 983 883 
473 890 790 
474 665 565 
475 782 682 
476 447 347 
477 961 861 
478 880 780 
479 701 601 
480 405 305 
481 226 126 
482 920 820 
483 616 516 
484 984 884 
485 1070 970 
486 105 5 
487 884 784 
488 955 855 
489 151 51 
490 742 642 
491 943 843 
492 937 837 
493 270 170 
494 231 131 
495 154 54 
496 382 282 
497 865 765 
498 1032 932 
499 953 853 
500 1072 972 
501 863 763 
502 743 643 
503 611 511 
504 908 808 
505 721 621 
506 875 775 
507 674 574 
508 197 97 
509 776 676 
510 207 107 
511 609 509 
512 624 524 
513 957 857 
514 118 18 
515 941 841 
516 403 303 
517 776 676 
518 945 845 
519 121 21 
520 251 151 
521 632 532 
522 668 568 
523 266 166 
524 717 617 
525 811 711 
526 862 762 
527 611 511 
528 588 488 
529 892 792 
530 1047 947 
531 862 762 
532 233 133 
533 551 451 
534 972 872 
535 176 76 
536 921 821 
537 1081 981 
538 574 474 
539 960 860 
540 432 332 
541 888 788 
542 576 476 
543 636 536 
544 307 207 
545 644 544 
546 655 555 
547 799 699 
548 155 55 
549 994 894 
550 836 736 
551 571 471 
552 694 594 
553 475 375 
554 725 625 
555 1071 971 
556 903 803 
557 333 233 
558 682 582 
559 245 145 
560 293 193 
561 213 113 
562 170 70 
563 419 319 
564 426 326 
565 904 804 
566 582 482 
567 1011 911 
568 954 854 
569 725 625 
570 205 105 
571 489 389 
572 475 375 
573 248 148 
574 975 875 
575 601 501 
576 691 591 
577 1013 913 
578 326 226 
579 835 735 
580 341 241 
581 711 611 
582 645 545 
583 356 256 
584 758 658 
585 1053 953 
586 876 776 
587 690 590 
588 676 576 
589 567 467 
590 468 368 
591 443 343 
592 141 41 
593 219 119 
594 501 401 
595 1019 919 
596 261 161 
597 590 490 
598 1064 964 
599 152 52 
600 1098 998 
601 425 325 
602 422 322 
603 875 775 
604 578 478 
605 306 206 
606 807 707 
607 502 402 
608 1068 968 
609 804 704 
610 142 42 
611 524 424 
612 316 216 
613 252 152 
614 521 421 
615 530 430 
616 679 579 
617 280 180 
618 167 67 
619 944 844 
620 182 82 
621 614 514 
622 1003 903 
623 683 583 
624 344 244 
625 287 187 
626 445 345 
627 362 262 
628 576 476 
629 294 194 
630 591 491 
631 795 695 
632 526 426 
633 825 725 
634 268 168 
635 162 62 
636 609 509 
637 139 39 
638 852 752 
639 1077 977 
640 978 878 
641 803 703 
642 733 633 
643 543 443 
644 212 112 
645 908 808 
646 908 808 
647 1015 915 
648 135 35 
649 706 606 
650 169 69 
651 644 544 
652 523 423 
653 662 562 
654 864 764 
655 575 475 
656 530 430 
657 1094 994 
658 812 712 
659 1069 969 
660 622 522 
661 116 16 
662 774 674 
663 360 260 
664 146 46 
665 969 869 
666 587 487 
667 385 285 
668 1085 985 
669 342 242 
670 179 79 
671 972 872 
672 168 68 
673 351 251 
674 718 618 
675 487 387 
676 497 397 
677 685 585 
678 617 517 
679 240 140 
680 904 804 
681 406 306 
682 270 170 
683 435 335 
684 343 243 
685 874 774 
686 674 574 
687 237 137 
688 566 466 
689 485 385 
690 687 587 
691 599 499 
692 732 632 
693 1068 968 
694 394 294 
695 618 518 
696 858 758 
697 1086 986 
698 479 379 
699 844 744 
700 593 493 
701 841 741 
702 888 788 
703 941 841 
704 276 176 
705 1045 945 
706 348 248 
707 161 61 
708 144 44 
709 585 485 
710 317 217 
711 985 885 
712 951 851 
713 232 132 
714 1050 950 
715 720 620 
716 1020 920 
717 271 171 
718 626 526 
719 687 587 
720 665 565 
721 862 762 
722 482 382 
723 965 865 
724 925 825 
725 361 261 
726 622 522 
727 1023 923 
728 489 389 
729 170 70 
730 980 880 
731 504 404 
732 449 349 
733 933 833 
734 286 186 
735 133 33 
736 512 412 
737 672 572 
738 661 561 
739 399 299 
740 596 496 
741 420 320 
742 891 791 
743 582 482 
744 1080 980 
745 588 488 
746 201 101 
747 279 179 
748 232 132 
749 1057 957 
750 935 835 
751 514 414 
752 111 11 
753 375 275 
754 106 6 
755 578 478 
756 693 593 
757 440 340 
758 159 59 
759 745 645 
760 573 473 
761 347 247 
762 270 170 
763 808 708 
764 562 462 
765 609 509 
766 305 205 
767 712 612 
768 649 549 
769 460 360 
770 892 792 
771 112 12 
772 1065 965 
773 460 360 
774 511 411 
775 963 863 
776 287 187 
777 318 218 
778 815 715 
779 509 409 
780 590 490 
781 1011 911 
782 267 167 
783 386 286 
784 1084 984 
785 971 871 
786 673 573 
787 243 143 
788 1024 924 
789 101 1 
790 512 412 
791 382 282 
792 152 52 
793 620 520 
794 273 173 
795 680 580 
796 414 314 
797 575 475 
798 111 11 
799 482 382 
800 138 38 
801 925 825 
802 109 9 
803 318 218 
804 1091 991 
805 594 494 
806 286 186 
807 708 608 
808 591 491 
809 587 487 
810 528 428 
811 165 65 
812 651 551 
813 1090 990 
814 922 822 
815 715 615 
816 108 8 
817 671 571 
818 220 120 
819 635 535 
820 659 559 
821 819 719 
822 598 498 
823 496 396 
824 838 738 
825 697 597 
826 897 797 
827 237 137 
828 556 456 
829 540 440 
830 721 621 
831 335 235 
832 473 373 
833 199 99 
834 108 8 
835 349 249 
836 303 203 
837 757 657 
838 212 112 
839 1012 912 
840 845 745 
841 350 250 
842 904 804 
843 971 871 
844 225 125 
845 906 806 
846 529 429 
847 760 660 
848 1074 974 
849 637 537 
850 888 788 
851 1038 938 
852 529 429 
853 351 251 
854 781 681 
855 588 488 
856 549 449 
857 207 107 
858 330 230 
859 978 878 
860 429 329 
861 283 183 
862 1053 953 
863 642 542 
864 256 156 
865 774 674 
866 173 73 
867 993 893 
868 400 300 
869 1039 939 
870 756 656 
871 289 189 
872 837 737 
873 578 478 
874 379 279 
875 436 336 
876 542 442 
877 134 34 
878 659 559 
879 111 11 
880 707 607 
881 354 254 
882 415 315 
883 697 597 
884 838 738 
885 540 440 
886 880 780 
887 606 506 
888 1079 979 
889 1096 996 
890 848 748 
891 748 648 
892 1079 979 
893 329 229 
894 863 763 
895 585 485 
896 404 304 
897 503 403 
898 748 648 
899 1095 995 
900 267 167 
901 877 777 
902 507 407 
903 926 826 
904 867 767 
905 429 329 
906 221 121 
907 828 728 
908 1062 962 
909 1027 927 
910 133 33 
911 731 631 
912 659 559 
913 899 799 
914 687 587 
915 535 435 
916 918 818 
917 272 172 
918 971 871 
919 178 78 
920 1066 966 
921 666 566 
922 791 691 
923 878 778 
924 421 321 
925 578 478 
926 754 654 
927 127 27 
928 593 493 
929 1013 913 
930 973 873 
931 322 222 
932 250 150 
933 179 79 
934 468 368 
935 270 170 
936 771 671 
937 755 655 
938 274 174 
939 1062 962 
940 491 391 
941 797 697 
942 723 623 
943 1087 987 
944 821 721 
945 779 679 
946 290 190 
947 604 504 
948 430 330 
949 700 600 
950 155 55 
951 1092 992 
952 840 740 
953 1023 923 
954 475 375 
955 581 481 
956 979 879 
957 369 269 
958 907 807 
959 463 363 
960 298 198 
961 548 448 
962 948 848 
963 167 67 
964 515 415 
965 220 120 
966 460 360 
967 126 26 
968 896 796 
969 318 218 
970 310 210 
971 398 298 
972 811 711 
973 695 595 
974 952 852 
975 313 213 
976 551 451 
977 758 658 
978 550 450 
979 269 169 
980 337 237 
981 1095 995 
982 764 664 
983 384 284 
984 1021 921 
985 453 353 
986 1088 988 
987 692 592 
988 485 385 
989 619 519 
990 646 546 
991 879 779 
992 140 40 
993 816 716 
994 285 185 
995 521 421 
996 673 573 
997 837 737 
998 998 898 
999 235 135 
1000 119 19 
1001 243 143 
1002 405 305 
1003 753 653 
1004 497 397 
1005 726 626 
1006 761 661 
1007 979 879 
1008 235 135 
1009 488 388 
1010 445 345 
1011 102 2 
1012 820 720 
1013 307 207 
1014 241 141 
1015 785 685 
1016 135 35 
1017 279 179 
1018 170 70 
1019 423 323 
1020 648 548 
1021 276 176 
1022 189 89 
1023 1017 917 
1024 707 607 
1025 149 49 
1026 796 696 
1027 837 737 
1028 265 165 
1029 681 581 
1030 223 123 
1031 855 755 
1032 276 176 
1033 575 475 
1034 1092 992 
1035 410 310 
1036 402 302 
1037 941 841 
1038 337 237 
1039 610 510 
1040 774 674 
1041 757 657 
1042 653 553 
1043 345 245 
1044 833 733 
1045 445 345 
1046 110 10 
1047 485 385 
1048 480 380 
1049 697 597 
1050 966 866 
1051 835 735 
1052 135 35 
1053 311 211 
1054 303 203 
1055 266 166 
1056 331 231 
1057 783 683 
1058 693 593 
1059 454 354 
1060 501 401 
1061 1069 969 
1062 1067 967 
1063 335 235 
1064 931 831 
1065 773 673 
1066 477 377 
1067 109 9 
1068 536 436 
1069 537 437 
1070 332 232 
1071 402 302 
1072 276 176 
1073 970 870 
1074 713 613 
1075 685 585 
1076 974 874 
1077 992 892 
1078 969 869 
1079 782 682 
1080 733 633 
1081 808 708 
1082 230 130 
1083 835 735 
1084 670 570 
1085 921 821 
1086 310 210 
1087 910 810 
1088 808 708 
1089 211 111 
1090 236 136 
1091 1032 932 
1092 931 831 
1093 1005 905 
1094 413 313 
1095 487 387 
1096 151 51 
1097 913 813 
1098 973 873 
1099 775 675 
1100 1049 949 
1101 126 26 
1102 952 852 
1103 848 748 
1104 1088 988 
1105 593 493 
1106 668 568 
1107 507 407 
1108 270 170 
1109 498 398 
1110 803 703 
1111 706 606 
1112 338 238 
1113 374 274 
1114 799 699 
1115 659 559 
1116 106 6 
1117 966 866 
1118 118 18 
1119 337 237 
1120 1013 913 
1121 779 679 
1122 117 17 
1123 928 828 
1124 183 83 
1125 741 641 
1126 257 157 
1127 187 87 
1128 734 634 
1129 823 723 
1130 272 172 
1131 323 223 
1132 273 173 
1133 640 540 
1134 902 802 
1135 509 409 
1136 456 356 
1137 304 204 
1138 300 200 
1139 249 149 
1140 814 714 
1141 340 240 
1142 803 703 
1143 395 295 
1144 627 527 
1145 617 517 
1146 501 401 
1147 304 204 
1148 494 394 
1149 729 629 
1150 260 160 
1151 719 619 
1152 648 548 
1153 1069 969 
1154 293 193 
1155 1081 981 
1156 515 415 
1157 752 652 
1158 1100 1000 
1159 598 498 
1160 730 630 
1161 275 175 
1162 1059 959 
1163 166 66 
1164 962 862 
1165 986 886 
1166 389 289 
1167 536 436 
1168 974 874 
1169 282 182 
1170 1012 912 
1171 291 191 
1172 208 108 
1173 1069 969 
1174 1082 982 
1175 982 882 
1176 547 447 
1177 788 688 
1178 701 601 
1179 958 858 
1180 190 90 
1181 287 187 
1182 532 432 
1183 1100 1000 
1184 451 351 
1185 1036 936 
1186 142 42 
1187 904 804 
1188 157 57 
1189 122 22 
1190 930 830 
1191 918 818 
1192 959 859 
1193 521 421 
1194 376 276 
1195 387 287 
1196 386 286 
1197 281 181 
1198 206 106 
1199 844 744 
1200 855 755 
1201 259 159 
1202 959 859 
1203 931 831 
1204 786 686 
1205 831 731 
1206 255 155 
1207 128 28 
1208 303 203 
1209 483 383 
1210 777 677 
1211 680 580 
1212 959 859 
1213 532 432 
1214 113 13 
1215 492 392 
1216 1082 982 
1217 764 664 
1218 1021 921 
1219 680 580 
1220 616 516 
1221 473 373 
1222 1014 914 
1223 166 66 
1224 755 655 
1225 718 618 
1226 381 281 
1227 318 218 
1228 532 432 
1229 424 324 
1230 880 780 
1231 333 233 
1232 990 890 
1233 127 27 
1234 1059 959 
1235 272 172 
1236 824 724 
1237 655 555 
1238 619 519 
1239 275 175 
1240 251 151 
1241 1034 934 
1242 775 675 
1243 322 222 
1244 459 359 
1245 395 295 
1246 175 75 
1247 898 798 
1248 123 23 
1249 930 830 
1250 958 858 
1251 261 161 
1252 793 693 
1253 407 307 
1254 764 664 
1255 889 789 
1256 464 364 
1257 157 57 
1258 452 352 
1259 380 280 
1260 109 9 
1261 548 448 
1262 1013 913 
1263 126 26 
1264 289 189 
1265 594 494 
1266 307 207 
1267 875 775 
1268 116 16 
1269 528 428 
1270 733 633 
1271 452 352 
1272 227 127 
1273 693 593 
1274 209 109 
1275 512 412 
1276 1088 988 
1277 153 53 
1278 676 576 
1279 644 544 
1280 496 396 
1281 1096 996 
1282 742 642 
1283 460 360 
1284 643 543 
1285 209 109 
1286 1057 957 
1287 396 296 
1288 652 552 
1289 497 397 
1290 338 238 
1291 136 36 
1292 1087 987 
1293 625 525 
1294 569 469 
1295 1029 929 
1296 994 894 
1297 529 429 
1298 387 287 
1299 930 830 
1300 1020 920 
1301 399 299 
1302 415 315 
1303 734 634 
1304 315 215 
1305 488 388 
1306 229 129 
1307 767 667 
1308 330 230 
1309 802 702 
1310 281 181 
1311 164 64 
1312 198 98 
1313 204 104 
1314 631 531 
1315 776 676 
1316 586 486 
1317 834 734 
1318 1089 989 
1319 380 280 
1320 241 141 
1321 1064 964 
1322 900 800 
1323 799 699 
1324 728 628 
1325 595 495 
1326 369 269 
1327 876 776 
1328 982 882 
1329 687 587 
1330 407 307 
1331 545 445 
1332 147 47 
1333 904 804 
1334 1077 977 
1335 311 211 
1336 342 242 
1337 224 124 
1338 285 185 
1339 1019 919 
1340 147 47 
1341 273 173 
1342 244 144 
1343 512 412 
1344 969 869 
1345 592 492 
1346 926 826 
1347 190 90 
1348 1058 958 
1349 135 35 
1350 631 531 
1351 403 303 
1352 523 423 
1353 590 490 
1354 1052 952 
1355 1060 960 
1356 331 231 
1357 133 33 
1358 568 468 
1359 641 541 
1360 857 757 
1361 1015 915 
1362 403 303 
1363 186 86 
1364 526 426 
1365 846 746 
1366 844 744 
1367 970 870 
1368 985 885 
1369 208 108 
1370 863 763 
1371 622 522 
1372 609 509 
1373 203 103 
1374 297 197 
1375 378 278 
1376 157 57 
1377 570 470 
1378 160 60 
1379 233 133 
1380 623 523 
1381 212 112 
1382 416 316 
1383 614 514 
1384 760 660 
1385 501 401 
1386 552 452 
1387 964 864 
1388 357 257 
1389 459 359 
1390 947 847 
1391 430 330 
1392 446 346 
1393 119 19 
1394 675 575 
1395 1020 920 
1396 767 667 
1397 462 362 
1398 583 483 
1399 370 270 
1400 1080 980 
1401 716 616 
1402 365 265 
1403 487 387 
1404 607 507 
1405 540 440 
1406 843 743 
1407 775 675 
1408 174 74 
1409 925 825 
1410 551 451 
1411 405 305 
1412 358 258 
1413 940 840 
1414 975 875 
1415 969 869 
1416 418 318 
1417 602 502 
1418 979 879 
1419 458 358 
1420 737 637 
1421 1083 983 
1422 646 546 
1423 760 660 
1424 915 815 
1425 227 127 
1426 1003 903 
1427 1032 932 
1428 532 432 
1429 844 744 
1430 787 687 
1431 445 345 
1432 359 259 
1433 888 788 
1434 709 609 
1435 623 523 
1436 978 878 
1437 871 771 
1438 527 427 
1439 531 431 
1440 847 747 
1441 814 714 
1442 569 469 
1443 1055 955 
1444 962 862 
1445 684 584 
1446 777 677 
1447 1032 932 
1448 694 594 
1449 410 310 
1450 208 108 
1451 634 534 
1452 555 455 
1453 879 779 
1454 596 496 
1455 387 287 
1456 330 230 
1457 669 569 
1458 935 835 
1459 484 384 
1460 281 181 
1461 275 175 
1462 1068 968 
1463 341 241 
1464 337 237 
1465 1064 964 
1466 777 677 
1467 468 368 
1468 732 632 
1469 1073 973 
1470 800 700 
1471 962 862 
1472 717 617 
1473 1055 955 
1474 808 708 
1475 898 798 
1476 496 396 
1477 944 844 
1478 777 677 
1479 639 539 
1480 800 700 
1481 416 316 
1482 141 41 
1483 761 661 
1484 511 411 
1485 756 656 
1486 753 653 
1487 987 887 
1488 920 820 
1489 586 486 
1490 195 95 
1491 892 792 
1492 208 108 
1493 712 612 
1494 797 697 
1495 975 875 
1496 163 63 
1497 440 340 
1498 935 835 
1499 330 230 
1500 675 575 
1501 141 41 
1502 515 415 
1503 1024 924 
1504 228 128 
1505 158 58 
1506 146 46 
1507 651 551 
1508 266 166 
1509 1075 975 
1510 548 448 
1511 546 446 
1512 364 264 
1513 528 428 
1514 213 113 
1515 834 734 
1516 866 766 
1517 765 665 
1518 1026 926 
1519 748 648 
1520 473 373 
1521 423 323 
1522 443 343 
1523 1051 951 
1524 1007 907 
1525 487 387 
1526 1011 911 
1527 408 308 
1528 249 149 
1529 277 177 
1530 290 190 
1531 660 560 
1532 963 863 
1533 585 485 
1534 756 656 
1535 273 173 
1536 455 355 
1537 229 129 
1538 689 589 
1539 765 665 
1540 974 874 
1541 594 494 
1542 173 73 
1543 1068 968 
1544 341 241 
1545 918 818 
1546 515 415 
1547 1033 933 
1548 351 251 
1549 335 235 
1550 1003 903 
1551 345 245 
1552 848 748 
1553 239 139 
1554 523 423 
1555 189 89 
1556 217 117 
1557 731 631 
1558 105 5 
1559 546 446 
1560 639 539 
1561 426 326 
1562 126 26 
1563 694 594 
1564 1046 946 
1565 110 10 
1566 861 761 
1567 248 148 
1568 196 96 
1569 898 798 
1570 355 255 
1571 924 824 
1572 248 148 
1573 369 269 
1574 905 805 
1575 875 775 
1576 760 660 
1577 862 762 
1578 701 601 
1579 995 895 
1580 1026 926 
1581 654 554 
1582 783 683 
1583 536 436 
1584 634 534 
1585 702 602 
1586 527 427 
1587 254 154 
1588 275 175 
1589 673 573 
1590 203 103 
1591 434 334 
1592 457 357 
1593 594 494 
1594 1030 930 
1595 916 816 
1596 322 222 
1597 115 15 
1598 173 73 
1599 499 399 
1600 421 321 
1601 544 444 
1602 707 607 
1603 125 25 
1604 914 814 
1605 523 423 
1606 292 192 
1607 473 373 
1608 625 525 
1609 173 73 
1610 790 690 
1611 284 184 
1612 1047 947 
1613 933 833 
1614 203 103 
1615 188 88 
1616 435 335 
1617 360 260 
1618 107 7 
1619 772 672 
1620 815 715 
1621 133 33 
1622 615 515 
1623 332 232 
1624 906 806 
1625 451 351 
1626 248 148 
1627 1003 903 
1628 402 302 
1629 1058 958 
1630 486 386 
1631 956 856 
1632 263 163 
1633 299 199 
1634 956 856 
1635 684 584 
1636 594 494 
1637 397 297 
1638 121 21 
1639 1036 936 
1640 820 720 
1641 733 633 
1642 114 14 
1643 550 450 
1644 675 575 
1645 1009 909 
1646 106 6 
1647 872 772 
1648 727 627 
1649 889 789 
1650 731 631 
1651 224 124 
1652 195 95 
1653 170 70 
1654 958 858 
1655 507 407 
1656 999 899 
1657 761 661 
1658 319 219 
1659 1071 971 
1660 795 695 
1661 624 524 
1662 764 664 
1663 673 573 
1664 605 505 
1665 416 316 
1666 876 776 
1667 587 487 
1668 563 463 
1669 459 359 
1670 780 680 
1671 622 522 
1672 708 608 
1673 332 232 
1674 572 472 
1675 208 108 
1676 657 557 
1677 582 482 
1678 121 21 
1679 545 445 
1680 866 766 
1681 917 817 
1682 356 256 
1683 304 204 
1684 322 222 
1685 357 257 
1686 679 579 
1687 341 241 
1688 372 272 
1689 190 90 
1690 703 603 
1691 275 175 
1692 151 51 
1693 320 220 
1694 916 816 
1695 132 32 
1696 501 401 
1697 345 245 
1698 686 586 
1699 792 692 
1700 586 486 
1701 328 228 
1702 546 446 
1703 796 696 
1704 439 339 
1705 1077 977 
1706 914 814 
1707 1011 911 
1708 333 233 
1709 439 339 
1710 131 31 
1711 252 152 
1712 607 507 
1713 529 429 
1714 632 532 
1715 703 603 
1716 889 789 
1717 666 566 
1718 635 535 
1719 621 521 
1720 645 545 
1721 375 275 
1722 580 480 
1723 603 503 
1724 1092 992 
1725 904 804 
1726 530 430 
1727 162 62 
1728 361 261 
1729 132 32 
1730 1094 994 
1731 143 43 
1732 129 29 
1733 105 5 
1734 767 667 
1735 1050 950 
1736 295 195 
1737 628 528 
1738 327 227 
1739 621 521 
1740 636 536 
1741 1025 925 
1742 493 393 
1743 747 647 
1744 723 623 
1745 400 300 
1746 828 728 
1747 218 118 
1748 619 519 
1749 924 824 
1750 1025 925 
1751 318 218 
1752 165 65 
1753 545 445 
1754 634 534 
1755 316 216 
1756 725 625 
1757 129 29 
1758 1025 925 
1759 720 620 
1760 398 298 
1761 867 767 
1762 255 155 
1763 235 135 
1764 734 634 
1765 642 542 
1766 734 634 
1767 1044 944 
1768 753 653 
1769 253 153 
1770 223 123 
1771 385 285 
1772 641 541 
1773 232 132 
1774 762 662 
1775 259 159 
1776 538 438 
1777 1094 994 
1778 1100 1000 
1779 172 72 
1780 324 224 
1781 944 844 
1782 379 279 
1783 150 50 
1784 482 382 
1785 695 595 
1786 589 489 
1787 393 293 
1788 855 755 
1789 106 6 
1790 358 258 
1791 736 636 
1792 712 612 
1793 332 232 
1794 647 547 
1795 272 172 
1796 876 776 
1797 638 538 
1798 916 816 
1799 878 778 
1800 176 76 
1801 108 8 
1802 462 362 
1803 380 280 
1804 184 84 
1805 239 139 
1806 703 603 
1807 1056 956 
1808 856 756 
1809 511 411 
1810 661 561 
1811 690 590 
1812 328 228 
1813 162 62 
1814 949 849 
1815 207 107 
1816 126 26 
1817 141 41 
1818 393 293 
1819 406 306 
1820 885 785 
1821 717 617 
1822 844 744 
1823 1023 923 
1824 923 823 
1825 715 615 
1826 505 405 
1827 555 455 
1828 984 884 
1829 682 582 
1830 652 552 
1831 716 616 
1832 1034 934 
1833 878 778 
1834 472 372 
1835 969 869 
1836 566 466 
1837 339 239 
1838 864 764 
1839 318 218 
1840 160 60 
1841 143 43 
1842 353 253 
1843 862 762 
1844 124 24 
1845 301 201 
1846 764 664 
1847 542 442 
1848 606 506 
1849 399 299 
1850 266 166 
1851 624 524 
1852 1003 903 
1853 663 563 
1854 887 787 
1855 648 548 
1856 634 534 
1857 738 638 
1858 473 373 
1859 495 395 
1860 485 385 
1861 353 253 
1862 618 518 
1863 905 805 
1864 585 485 
1865 454 354 
1866 977 877 
1867 749 649 
1868 909 809 
1869 1047 947 
1870 1080 980 
1871 705 605 
1872 856 756 
1873 1018 918 
1874 1070 970 
1875 655 555 
1876 435 335 
1877 606 506 
1878 123 23 
1879 767 667 
1880 1061 961 
1881 1017 917 
1882 268 168 
1883 426 326 
1884 525 425 
1885 331 231 
1886 477 377 
1887 369 269 
1888 962 862 
1889 758 658 
1890 227 127 
1891 800 700 
1892 823 723 
1893 217 117 
1894 164 64 
1895 339 239 
1896 850 750 
1897 863 763 
1898 101 1 
1899 699 599 
1900 651 551 
1901 793 693 
1902 251 151 
1903 172 72 
1904 778 678 
1905 269 169 
1906 1038 938 
1907 1054 954 
1908 881 781 
1909 928 828 
1910 711 611 
1911 791 691 
1912 889 789 
1913 919 819 
1914 1099 999 
1915 249 149 
1916 1056 956 
1917 342 242 
1918 935 835 
1919 829 729 
1920 783 683 
1921 620 520 
1922 843 743 
1923 707 607 
1924 858 758 
1925 691 591 
1926 115 15 
1927 549 449 
1928 105 5 
1929 591 491 
1930 136 36 
1931 383 283 
1932 940 840 
1933 115 15 
1934 1046 946 
1935 357 257 
1936 1099 999 
1937 274 174 
1938 542 442 
1939 610 510 
1940 810 710 
1941 256 156 
1942 260 160 
1943 383 283 
1944 212 112 
1945 998 898 
1946 883 783 
1947 656 556 
1948 511 411 
1949 164 64 
1950 388 288 
1951 871 771 
1952 157 57 
1953 590 490 
1954 253 153 
1955 324 224 
1956 715 615 
1957 462 362 
1958 886 786 
1959 1082 982 
1960 785 685 
1961 962 862 
1962 390 290 
1963 470 370 
1964 218 118 
1965 569 469 
1966 1061 961 
1967 926 826 
1968 150 50 
1969 839 739 
1970 107 7 
1971 156 56 
1972 435 335 
1973 338 238 
1974 365 265 
1975 886 786 
1976 195 95 
1977 385 285 
1978 296 196 
1979 420 320 
1980 1014 914 
1981 456 356 
1982 885 785 
1983 325 225 
1984 303 203 
1985 186 86 
1986 1093 993 
1987 965 865 
1988 773 673 
1989 356 256 
1990 918 818 
1991 167 67 
1992 848 748 
1993 634 534 
1994 996 896 
1995 467 367 
1996 707 607 
1997 848 748 
1998 835 735 
1999 1077 977 
2000 345 245 
2001 591 491 
2002 519 419 
2003 506 406 
2004 135 35 
2005 394 294 
2006 151 51 
2007 1095 995 
2008 329 229 
2009 860 760 
2010 102 2 
2011 192 92 
2012 601 501 
2013 487 387 
2014 193 93 
2015 1025 925 
2016 867 767 
2017 947 847 
2018 935 835 
2019 309 209 
2020 276 176 
2021 762 662 
2022 434 334 
2023 232 132 
2024 368 268 
2025 388 288 
2026 796 696 
2027 907 807 
2028 1082 982 
2029 716 616 
2030 156 56 
2031 236 136 
2032 606 506 
2033 358 258 
2034 376 276 
2035 639 539 
2036 715 615 
2037 275 175 
2038 365 265 
2039 766 666 
2040 324 224 
2041 531 431 
2042 905 805 
2043 832 732 
2044 797 697 
2045 277 177 
2046 938 838 
2047 833 733 
2048 1083 983 
2049 286 186 
2050 375 275 
2051 885 785 
2052 156 56 
2053 867 767 
2054 108 8 
2055 714 614 
2056 246 146 
2057 669 569 
2058 491 391 
2059 1041 941 
2060 403 303 
2061 1049 949 
2062 221 121 
2063 208 108 
2064 658 558 
2065 880 780 
2066 409 309 
2067 728 628 
2068 713 613 
2069 1066 966 
2070 395 295 
2071 822 722 
2072 670 570 
2073 466 366 
2074 198 98 
2075 921 821 
2076 1053 953 
2077 110 10 
2078 716 616 
2079 239 139 
2080 828 728 
2081 989 889 
2082 873 773 
2083 1043 943 
2084 586 486 
2085 197 97 
2086 752 652 
2087 663 563 
2088 966 866 
2089 248 148 
2090 381 281 
2091 210 110 
2092 115 15 
2093 1098 998 
2094 434 334 
2095 878 778 
2096 1065 965 
2097 386 286 
2098 573 473 
2099 128 28 
2100 543 443 
2101 426 326 
2102 366 266 
2103 941 841 
2104 404 304 
2105 653 553 
2106 1031 931 
2107 334 234 
2108 302 202 
2109 477 377 
2110 620 520 
2111 560 460 
2112 329 229 
2113 261 161 
2114 729 629 
2115 954 854 
2116 801 701 
2117 153 53 
2118 171 71 
2119 996 896 
2120 347 247 
2121 521 421 
2122 143 43 
2123 904 804 
2124 477 377 
2125 1100 1000 
2126 414 314 
2127 112 12 
2128 830 730 
2129 910 810 
2130 1090 990 
2131 516 416 
2132 864 764 
2133 1080 980 
2134 322 222 
2135 445 345 
2136 602 502 
2137 225 125 
2138 633 533 
2139 651 551 
2140 130 30 
2141 1038 938 
2142 661 561 
2143 312 212 
2144 944 844 
2145 195 95 
2146 516 416 
2147 623 523 
2148 245 145 
2149 326 226 
2150 240 140 
2151 484 384 
2152 650 550 
2153 868 768 
2154 851 751 
2155 802 702 
2156 1013 913 
2157 458 358 
2158 702 602 
2159 819 719 
2160 863 763 
2161 1074 974 
2162 131 31 
2163 271 171 
2164 897 797 
2165 696 596 
2166 434 334 
2167 324 224 
2168 956 856 
2169 400 300 
2170 480 380 
2171 981 881 
2172 719 619 
2173 1071 971 
2174 268 168 
2175 931 831 
2176 763 663 
2177 890 790 
2178 308 208 
2179 813 713 
2180 987 887 
2181 982 882 
2182 940 840 
2183 149 49 
2184 135 35 
2185 773 673 
2186 318 218 
2187 657 557 
2188 560 460 
2189 1089 989 
2190 853 753 
2191 739 639 
2192 126 26 
2193 417 317 
2194 163 63 
2195 301 201 
2196 508 408 
2197 910 810 
2198 243 143 
2199 684 584 
2200 1013 913 
2201 936 836 
2202 1001 901 
2203 264 164 
2204 936 836 
2205 114 14 
2206 141 41 
2207 141 41 
2208 175 75 
2209 118 18 
2210 358 258 
2211 457 357 
2212 454 354 
2213 438 338 
2214 611 511 
2215 394 294 
2216 862 762 
2217 400 300 
2218 749 649 
2219 947 847 
2220 217 117 
2221 525 425 
2222 400 300 
2223 611 511 
2224 1064 964 
2225 319 219 
2226 296 196 
2227 1003 903 
2228 647 547 
2229 1093 993 
2230 976 876 
2231 682 582 
2232 162 62 
2233 716 616 
2234 102 2 
2235 935 835 
2236 1066 966 
2237 627 527 
2238 363 263 
2239 329 229 
2240 312 212 
2241 411 311 
2242 158 58 
2243 390 290 
2244 554 454 
2245 673 573 
2246 1088 988 
2247 1078 978 
2248 651 551 
2249 594 494 
2250 114 14 
2251 244 144 
2252 548 448 
2253 474 374 
2254 738 638 
2255 1025 925 
2256 176 76 
2257 240 140 
2258 221 121 
2259 772 672 
2260 198 98 
2261 914 814 
2262 198 98 
2263 650 550 
2264 799 699 
2265 128 28 
2266 389 289 
2267 830 730 
2268 936 836 
2269 1087 987 
2270 578 478 
2271 909 809 
2272 393 293 
2273 157 57 
2274 833 733 
2275 328 228 
2276 595 495 
2277 652 552 
2278 784 684 
2279 1095 995 
2280 689 589 
2281 446 346 
2282 906 806 
2283 575 475 
2284 501 401 
2285 603 503 
2286 528 428 
2287 584 484 
2288 1052 952 
2289 361 261 
2290 510 410 
2291 541 441 
2292 587 487 
2293 288 188 
2294 833 733 
2295 232 132 
2296 352 252 
2297 232 132 
2298 960 860 
2299 393 293 
2300 974 874 
2301 738 638 
2302 128 28 
2303 163 63 
2304 368 268 
2305 177 77 
2306 681 581 
2307 948 848 
2308 1054 954 
2309 1003 903 
2310 1054 954 
2311 343 243 
2312 133 33 
2313 991 891 
2314 498 398 
2315 464 364 
2316 1001 901 
2317 1077 977 
2318 541 441 
2319 347 247 
2320 254 154 
2321 556 456 
2322 271 171 
2323 681 581 
2324 1060 960 
2325 476 376 
2326 331 231 
2327 1072 972 
2328 505 405 
2329 489 389 
2330 140 40 
2331 125 25 
2332 1016 916 
2333 136 36 
2334 302 202 
2335 137 37 
2336 799 699 
2337 137 37 
2338 459 359 
2339 485 385 
2340 790 690 
2341 401 301 
2342 918 818 
2343 228 128 
2344 819 719 
2345 771 671 
2346 636 536 
2347 420 320 
2348 483 383 
2349 611 511 
2350 614 514 
2351 111 11 
2352 1019 919 
2353 759 659 
2354 987 887 
2355 468 368 
2356 996 896 
2357 922 822 
2358 811 711 
2359 326 226 
2360 205 105 
2361 502 402 
2362 550 450 
2363 1094 994 
2364 746 646 
2365 404 304 
2366 746 646 
2367 953 853 
2368 827 727 
2369 915 815 
2370 292 192 
2371 808 708 
2372 703 603 
2373 908 808 
2374 1014 914 
2375 480 380 
2376 319 219 
2377 166 66 
2378 606 506 
2379 694 594 
2380 695 595 
2381 226 126 
2382 119 19 
2383 849 749 
2384 399 299 
2385 485 385 
2386 184 84 
2387 323 223 
2388 712 612 
2389 237 137 
2390 515 415 
2391 909 809 
2392 521 421 
2393 562 462 
2394 641 541 
2395 574 474 
2396 241 141 
2397 171 71 
2398 680 580 
2399 936 836 
2400 1007 907 
2401 146 46 
2402 1078 978 
2403 232 132 
2404 1006 906 
2405 1061 961 
2406 191 91 
2407 504 404 
2408 644 544 
2409 650 550 
2410 946 846 
2411 730 630 
2412 330 230 
2413 1038 938 
2414 227 127 
2415 635 535 
2416 1085 985 
2417 338 238 
2418 217 117 
2419 257 157 
2420 898 798 
2421 930 830 
2422 767 667 
2423 867 767 
2424 761 661 
2425 563 463 
2426 392 292 
2427 996 896 
2428 1032 932 
2429 329 229 
2430 1083 983 
2431 163 63 
2432 761 661 
2433 610 510 
2434 647 547 
2435 810 710 
2436 1006 906 
2437 339 239 
2438 167 67 
2439 824 724 
2440 408 308 
2441 828 728 
2442 1062 962 
2443 461 361 
2444 494 394 
2445 930 830 
2446 990 890 
2447 202 102 
2448 403 303 
2449 906 806 
2450 946 846 
2451 339 239 
2452 784 684 
2453 165 65 
2454 900 800 
2455 346 246 
2456 961 861 
2457 1060 960 
2458 361 261 
2459 993 893 
2460 1036 936 
2461 769 669 
2462 888 788 
2463 588 488 
2464 939 839 
2465 807 707 
2466 177 77 
2467 488 388 
2468 435 335 
2469 848 748 
2470 946 846 
2471 572 472 
2472 629 529 
2473 569 469 
2474 797 697 
2475 123 23 
2476 441 341 
2477 915 815 
2478 933 833 
2479 402 302 
2480 203 103 
2481 465 365 
2482 775 675 
2483 884 784 
2484 1046 946 
2485 137 37 
2486 614 514 
2487 472 372 
2488 636 536 
2489 649 549 
2490 182 82 
2491 195 95 
2492 296 196 
2493 832 732 
2494 130 30 
2495 1000 900 
2496 522 422 
2497 182 82 
2498 834 734 
2499 265 165 
2500 529 429 
2501 904 804 
2502 1052 952 
2503 136 36 
2504 240 140 
2505 140 40 
2506 210 110 
2507 806 706 
2508 895 795 
2509 133 33 
2510 332 232 
2511 927 827 
2512 818 718 
2513 484 384 
2514 276 176 
2515 552 452 
2516 846 746 
2517 667 567 
2518 312 212 
2519 343 243 
2520 383 283 
2521 143 43 
2522 1005 905 
2523 1062 962 
2524 704 604 
2525 954 854 
2526 814 714 
2527 915 815 
2528 322 222 
2529 481 381 
2530 780 680 
2531 854 754 
2532 837 737 
2533 1033 933 
2534 647 547 
2535 975 875 
2536 996 896 
2537 985 885 
2538 603 503 
2539 164 64 
2540 986 886 
2541 540 440 
2542 414 314 
2543 365 265 
2544 563 463 
2545 877 777 
2546 293 193 
2547 468 368 
2548 758 658 
2549 1055 955 
2550 167 67 
2551 412 312 
2552 614 514 
2553 576 476 
2554 449 349 
2555 677 577 
2556 312 212 
2557 562 462 
2558 848 748 
2559 296 196 
2560 463 363 
2561 246 146 
2562 477 377 
2563 597 497 
2564 706 606 
2565 957 857 
2566 594 494 
2567 1063 963 
2568 1031 931 
2569 204 104 
2570 795 695 
2571 977 877 
2572 200 100 
2573 827 727 
2574 784 684 
2575 272 172 
2576 468 368 
2577 1066 966 
2578 110 10 
2579 948 848 
2580 217 117 
2581 672 572 
2582 1030 930 
2583 451 351 
2584 1085 985 
2585 146 46 
2586 845 745 
2587 132 32 
2588 492 392 
2589 413 313 
2590 114 14 
2591 741 641 
2592 220 120 
2593 1008 908 
2594 119 19 
2595 994 894 
2596 628 528 
2597 312 212 
2598 855 755 
2599 491 391 
2600 867 767 
2601 561 461 
2602 373 273 
2603 816 716 
2604 405 305 
2605 678 578 
2606 709 609 
2607 691 591 
2608 623 523 
2609 542 442 
2610 156 56 
2611 362 262 
2612 676 576 
2613 243 143 
2614 1089 989 
2615 248 148 
2616 448 348 
2617 624 524 
2618 879 779 
2619 511 411 
2620 929 829 
2621 990 890 
2622 435 335 
2623 373 273 
2624 398 298 
2625 915 815 
2626 288 188 
2627 1064 964 
2628 1080 980 
2629 296 196 
2630 194 94 
2631 942 842 
2632 373 273 
2633 773 673 
2634 1071 971 
2635 853 753 
2636 299 199 
2637 371 271 
2638 801 701 
2639 1060 960 
2640 633 533 
2641 477 377 
2642 233 133 
2643 1092 992 
2644 417 317 
2645 676 576 
2646 302 202 
2647 135 35 
2648 1058 958 
2649 982 882 
2650 986 886 
2651 227 127 
2652 402 302 
2653 698 598 
2654 773 673 
2655 795 695 
2656 953 853 
2657 251 151 
2658 995 895 
2659 283 183 
2660 105 5 
2661 791 691 
2662 112 12 
2663 205 105 
2664 825 725 
2665 1098 998 
2666 164 64 
2667 429 329 
2668 120 20 
2669 708 608 
2670 506 406 
2671 893 793 
2672 278 178 
2673 547 447 
2674 530 430 
2675 374 274 
2676 126 26 
2677 638 538 
2678 158 58 
2679 300 200 
2680 808 708 
2681 808 708 
2682 562 462 
2683 788 688 
2684 276 176 
2685 301 201 
2686 404 304 
2687 981 881 
2688 153 53 
2689 436 336 
2690 811 711 
2691 920 820 
2692 339 239 
2693 433 333 
2694 421 321 
2695 325 225 
2696 258 158 
2697 270 170 
2698 1072 972 
2699 635 535 
2700 127 27 
2701 485 385 
2702 161 61 
2703 988 888 
2704 330 230 
2705 1093 993 
2706 1043 943 
2707 235 135 
2708 934 834 
2709 406 306 
2710 1064 964 
2711 171 71 
2712 102 2 
2713 154 54 
2714 523 423 
2715 437 337 
2716 201 101 
2717 267 167 
2718 149 49 
2719 933 833 
2720 745 645 
2721 443 343 
2722 158 58 
2723 962 862 
2724 1058 958 
2725 987 887 
2726 580 480 
2727 792 692 
2728 581 481 
2729 836 736 
2730 911 811 
2731 1012 912 
2732 220 120 
2733 700 600 
2734 453 353 
2735 811 711 
2736 120 20 
2737 549 449 
2738 296 196 
2739 327 227 
2740 702 602 
2741 792 692 
2742 1029 929 
2743 455 355 
2744 968 868 
2745 473 373 
2746 433 333 
2747 226 126 
2748 1047 947 
2749 303 203 
2750 268 168 
2751 160 60 
2752 255 155 
2753 466 366 
2754 799 699 
2755 317 217 
2756 1035 935 
2757 177 77 
2758 801 701 
2759 659 559 
2760 439 339 
2761 1024 924 
2762 781 681 
2763 387 287 
2764 396 296 
2765 747 647 
2766 320 220 
2767 703 603 
2768 373 273 
2769 513 413 
2770 718 618 
2771 199 99 
2772 129 29 
2773 879 779 
2774 108 8 
2775 734 634 
2776 610 510 
2777 279 179 
2778 688 588 
2779 1032 932 
2780 226 126 
2781 910 810 
2782 1012 912 
2783 218 118 
2784 581 481 
2785 719 619 
2786 962 862 
2787 254 154 
2788 825 725 
2789 183 83 
2790 209 109 
2791 410 310 
2792 609 509 
2793 1078 978 
2794 710 610 
2795 756 656 
2796 1050 950 
2797 142 42 
2798 438 338 
2799 916 816 
2800 789 689 
2801 1076 976 
2802 311 211 
2803 406 306 
2804 155 55 
2805 376 276 
2806 1086 986 
2807 410 310 
2808 1039 939 
2809 202 102 
2810 339 239 
2811 282 182 
2812 300 200 
2813 899 799 
2814 490 390 
2815 951 851 
2816 895 795 
2817 885 785 
2818 666 566 
2819 352 252 
2820 384 284 
2821 1072 972 
2822 992 892 
2823 1049 949 
2824 978 878 
2825 114 14 
2826 278 178 
2827 140 40 
2828 402 302 
2829 1050 950 
2830 796 696 
2831 278 178 
2832 836 736 
2833 202 102 
2834 688 588 
2835 712 612 
2836 656 556 
2837 942 842 
2838 442 342 
2839 624 524 
2840 204 104 
2841 573 473 
2842 368 268 
2843 924 824 
2844 811 711 
2845 859 759 
2846 297 197 
2847 675 575 
2848 323 223 
2849 640 540 
2850 917 817 
2851 104 4 
2852 780 680 
2853 1009 909 
2854 849 749 
2855 636 536 
2856 389 289 
2857 505 405 
2858 1009 909 
2859 830 730 
2860 304 204 
2861 331 231 
2862 317 217 
2863 121 21 
2864 997 897 
2865 559 459 
2866 342 242 
2867 594 494 
2868 445 345 
2869 783 683 
2870 1034 934 
2871 1061 961 
2872 605 505 
2873 532 432 
2874 314 214 
2875 347 247 
2876 450 350 
2877 770 670 
2878 997 897 
2879 778 678 
2880 267 167 
2881 597 497 
2882 510 410 
2883 1025 925 
2884 570 470 
2885 750 650 
2886 265 165 
2887 702 602 
2888 901 801 
2889 726 626 
2890 387 287 
2891 671 571 
2892 169 69 
2893 285 185 
2894 470 370 
2895 1057 957 
2896 230 130 
2897 799 699 
2898 683 583 
2899 424 324 
2900 845 745 
2901 213 113 
2902 930 830 
2903 587 487 
2904 941 841 
2905 195 95 
2906 654 554 
2907 779 679 
2908 621 521 
2909 507 407 
2910 780 680 
2911 896 796 
2912 1045 945 
2913 790 690 
2914 761 661 
2915 416 316 
2916 101 1 
2917 266 166 
2918 243 143 
2919 469 369 
2920 159 59 
2921 324 224 
2922 176 76 
2923 1026 926 
2924 1096 996 
2925 731 631 
2926 259 159 
2927 554 454 
2928 817 717 
2929 759 659 
2930 621 521 
2931 844 744 
2932 108 8 
2933 620 520 
2934 455 355 
2935 863 763 
2936 250 150 
2937 279 179 
2938 462 362 
2939 270 170 
2940 297 197 
2941 371 271 
2942 311 211 
2943 632 532 
2944 587 487 
2945 408 308 
2946 330 230 
2947 872 772 
2948 370 270 
2949 898 798 
2950 628 528 
2951 811 711 
2952 1047 947 
2953 521 421 
2954 996 896 
2955 427 327 
2956 785 685 
2957 322 222 
2958 975 875 
2959 1063 963 
2960 843 743 
2961 177 77 
2962 142 42 
2963 700 600 
2964 110 10 
2965 737 637 
2966 421 321 
2967 653 553 
2968 534 434 
2969 970 870 
2970 655 555 
2971 586 486 
2972 961 861 
2973 630 530 
2974 661 561 
2975 208 108 
2976 617 517 
2977 472 372 
2978 837 737 
2979 613 513 
2980 139 39 
2981 337 237 
2982 1015 915 
2983 566 466 
2984 400 300 
2985 465 365 
2986 867 767 
2987 375 275 
2988 337 237 
2989 894 794 
2990 518 418 
2991 598 498 
2992 767 667 
2993 915 815 
2994 604 504 
2995 340 240 
2996 888 788 
2997 784 684 
2998 695 595 
2999 401 301 
3000 422 322 
3001 186 86 
3002 461 361 
3003 1083 983 
3004 849 749 
3005 496 396 
3006 231 131 
3007 874 774 
3008 197 97 
3009 177 77 
3010 166 66 
3011 396 296 
3012 926 826 
3013 492 392 
3014 249 149 
3015 936 836 
3016 711 611 
3017 526 426 
3018 585 485 
3019 537 437 
3020 371 271 
3021 162 62 
3022 517 417 
3023 265 165 
3024 1099 999 
3025 224 124 
3026 969 869 
3027 879 779 
3028 693 593 
3029 517 417 
3030 377 277 
3031 695 595 
3032 726 626 
3033 850 750 
3034 580 480 
3035 844 744 
3036 166 66 
3037 524 424 
3038 300 200 
3039 868 768 
3040 977 877 
3041 599 499 
3042 801 701 
3043 352 252 
3044 766 666 
3045 887 787 
3046 733 633 
3047 478 378 
3048 353 253 
3049 197 97 
3050 658 558 
3051 382 282 
3052 923 823 
3053 235 135 
3054 144 44 
3055 141 41 
3056 985 885 
3057 812 712 
3058 643 543 
3059 137 37 
3060 170 70 
3061 667 567 
3062 888 788 
3063 218 118 
3064 321 221 
3065 726 626 
3066 576 476 
3067 1049 949 
3068 819 719 
3069 334 234 
3070 382 282 
3071 760 660 
3072 586 486 
3073 342 242 
3074 962 862 
3075 469 369 
3076 200 100 
3077 534 434 
3078 104 4 
3079 1005 905 
3080 623 523 
3081 323 223 
3082 666 566 
3083 801 701 
3084 533 433 
3085 1044 944 
3086 914 814 
3087 159 59 
3088 310 210 
3089 132 32 
3090 420 320 
3091 887 787 
3092 657 557 
3093 527 427 
3094 608 508 
3095 128 28 
3096 932 832 
3097 458 358 
3098 197 97 
3099 767 667 
3100 204 104 
3101 812 712 
3102 1033 933 
3103 995 895 
3104 780 680 
3105 155 55 
3106 1069 969 
3107 368 268 
3108 870 770 
3109 692 592 
3110 477 377 
3111 415 315 
3112 672 572 
3113 803 703 
3114 646 546 
3115 1054 954 
3116 590 490 
3117 779 679 
3118 872 772 
3119 385 285 
3120 486 386 
3121 290 190 
3122 274 174 
3123 364 264 
3124 192 92 
3125 220 120 
3126 668 568 
3127 267 167 
3128 291 191 
3129 923 823 
3130 336 236 
3131 513 413 
3132 677 577 
3133 624 524 
3134 538 438 
3135 657 557 
3136 907 807 
3137 304 204 
3138 1063 963 
3139 1053 953 
3140 566 466 
3141 454 354 
3142 113 13 
3143 873 773 
3144 351 251 
3145 409 309 
3146 784 684 
3147 874 774 
3148 625 525 
3149 529 429 
3150 773 673 
3151 560 460 
3152 916 816 
3153 948 848 
3154 200 100 
3155 613 513 
3156 1042 942 
3157 823 723 
3158 593 493 
3159 753 653 
3160 146 46 
3161 435 335 
3162 915 815 
3163 884 784 
3164 779 679 
3165 166 66 
3166 788 688 
3167 942 842 
3168 546 446 
3169 443 343 
3170 290 190 
3171 903 803 
3172 764 664 
3173 919 819 
3174 432 332 
3175 542 442 
3176 183 83 
3177 425 325 
3178 253 153 
3179 664 564 
3180 570 470 
3181 813 713 
3182 469 369 
3183 376 276 
3184 805 705 
3185 836 736 
3186 361 261 
3187 573 473 
3188 660 560 
3189 580 480 
3190 666 566 
3191 212 112 
3192 645 545 
3193 272 172 
3194 363 263 
3195 770 670 
3196 624 524 
3197 884 784 
3198 940 840 
3199 1046 946 
3200 166 66 
3201 895 795 
3202 603 503 
3203 1066 966 
3204 850 750 
3205 1084 984 
3206 1077 977 
3207 796 696 
3208 565 465 
3209 215 115 
3210 186 86 
3211 493 393 
3212 910 810 
3213 1081 981 
3214 350 250 
3215 365 265 
3216 174 74 
3217 504 404 
3218 651 551 
3219 1056 956 
3220 744 644 
3221 447 347 
3222 980 880 
3223 633 533 
3224 863 763 
3225 397 297 
3226 421 321 
3227 482 382 
3228 515 415 
3229 1068 968 
3230 966 866 
3231 813 713 
3232 843 743 
3233 304 204 
3234 1078 978 
3235 370 270 
3236 670 570 
3237 1081 981 
3238 164 64 
3239 390 290 
3240 893 793 
3241 207 107 
3242 305 205 
3243 604 504 
3244 384 284 
3245 514 414 
3246 753 653 
3247 234 134 
3248 792 692 
3249 387 287 
3250 969 869 
3251 819 719 
3252 668 568 
3253 955 855 
3254 1098 998 
3255 756 656 
3256 822 722 
3257 742 642 
3258 531 431 
3259 502 402 
3260 413 313 
3261 626 526 
3262 685 585 
3263 559 459 
3264 869 769 
3265 1058 958 
3266 943 843 
3267 524 424 
3268 1043 943 
3269 130 30 
3270 930 830 
3271 167 67 
3272 162 62 
3273 694 594 
3274 295 195 
3275 129 29 
3276 700 600 
3277 211 111 
3278 1021 921 
3279 109 9 
3280 754 654 
3281 274 174 
3282 791 691 
3283 225 125 
3284 900 800 
3285 236 136 
3286 329 229 
3287 649 549 
3288 644 544 
3289 215 115 
3290 1051 951 
3291 618 518 
3292 884 784 
3293 868 768 
3294 286 186 
3295 544 444 
3296 848 748 
3297 369 269 
3298 667 567 
3299 780 680 
3300 550 450 
3301 490 390 
3302 507 407 
3303 917 817 
3304 738 638 
3305 919 819 
3306 713 613 
3307 321 221 
3308 558 458 
3309 313 213 
3310 404 304 
3311 513 413 
3312 719 619 
3313 575 475 
3314 216 116 
3315 247 147 
3316 602 502 
3317 776 676 
3318 796 696 
3319 364 264 
3320 333 233 
3321 980 880 
3322 1023 923 
3323 410 310 
3324 547 447 
3325 180 80 
3326 380 280 
3327 211 111 
3328 791 691 
3329 314 214 
3330 1068 968 
3331 293 193 
3332 402 302 
3333 717 617 
3334 210 110 
3335 866 766 
3336 111 11 
3337 461 361 
3338 857 757 
3339 688 588 
3340 403 303 
3341 352 252 
3342 554 454 
3343 609 509 
3344 258 158 
3345 583 483 
3346 378 278 
3347 1056 956 
3348 476 376 
3349 321 221 
3350 1008 908 
3351 369 269 
3352 919 819 
3353 1097 997 
3354 196 96 
3355 739 639 
3356 158 58 
3357 318 218 
3358 195 95 
3359 302 202 
3360 759 659 
3361 751 651 
3362 999 899 
3363 355 255 
3364 763 663 
3365 1033 933 
3366 956 856 
3367 332 232 
3368 718 618 
3369 1022 922 
3370 317 217 
3371 352 252 
3372 302 202 
3373 756 656 
3374 748 648 
3375 651 551 
3376 952 852 
3377 759 659 
3378 736 636 
3379 176 76 
3380 181 81 
3381 468 368 
3382 153 53 
3383 468 368 
3384 156 56 
3385 619 519 
3386 311 211 
3387 129 29 
3388 986 886 
3389 423 323 
3390 952 852 
3391 267 167 
3392 1092 992 
3393 854 754 
3394 1009 909 
3395 450 350 
3396 861 761 
3397 344 244 
3398 1076 976 
3399 1061 961 
3400 395 295 
3401 502 402 
3402 287 187 
3403 1039 939 
3404 723 623 
3405 824 724 
3406 405 305 
3407 105 5 
3408 101 1 
3409 298 198 
3410 254 154 
3411 892 792 
3412 890 790 
3413 460 360 
3414 482 382 
3415 961 861 
3416 489 389 
3417 341 241 
3418 1091 991 
3419 335 235 
3420 274 174 
3421 459 359 
3422 783 683 
3423 799 699 
3424 186 86 
3425 290 190 
3426 316 216 
3427 943 843 
3428 1068 968 
3429 863 763 
3430 319 219 
3431 154 54 
3432 353 253 
3433 1071 971 
3434 453 353 
3435 377 277 
3436 102 2 
3437 449 349 
3438 866 766 
3439 808 708 
3440 836 736 
3441 212 112 
3442 1000 900 
3443 1031 931 
3444 181 81 
3445 662 562 
3446 495 395 
3447 715 615 
3448 794 694 
3449 771 671 
3450 987 887 
3451 1089 989 
3452 1058 958 
3453 382 282 
3454 427 327 
3455 886 786 
3456 212 112 
3457 535 435 
3458 958 858 
3459 758 658 
3460 493 393 
3461 249 149 
3462 304 204 
3463 199 99 
3464 629 529 
3465 598 498 
3466 994 894 
3467 545 445 
3468 588 488 
3469 770 670 
3470 167 67 
3471 204 104 
3472 795 695 
3473 153 53 
3474 810 710 
3475 822 722 
3476 420 320 
3477 598 498 
3478 845 745 
3479 944 844 
3480 747 647 
3481 641 541 
3482 149 49 
3483 211 111 
3484 550 450 
3485 379 279 
3486 121 21 
3487 108 8 
3488 736 636 
3489 249 149 
3490 777 677 
3491 762 662 
3492 1059 959 
3493 939 839 
3494 108 8 
3495 448 348 
3496 459 359 
3497 1008 908 
3498 265 165 
3499 539 439 
3500 112 12 
3501 224 124 
3502 199 99 
3503 793 693 
3504 540 440 
3505 157 57 
3506 600 500 
3507 196 96 
3508 715 615 
3509 199 99 
3510 744 644 
3511 946 846 
3512 903 803 
3513 155 55 
3514 971 871 
3515 898 798 
3516 395 295 
3517 783 683 
3518 316 216 
3519 925 825 
3520 216 116 
3521 204 104 
3522 515 415 
3523 255 155 
3524 395 295 
3525 889 789 
3526 894 794 
3527 577 477 
3528 887 787 
3529 104 4 
3530 496 396 
3531 1004 904 
3532 935 835 
3533 415 315 
3534 742 642 
3535 667 567 
3536 956 856 
3537 1021 921 
3538 390 290 
3539 333 233 
3540 708 608 
3541 438 338 
3542 1051 951 
3543 686 586 
3544 996 896 
3545 261 161 
3546 283 183 
3547 378 278 
3548 1028 928 
3549 110 10 
3550 649 549 
3551 149 49 
3552 168 68 
3553 1093 993 
3554 166 66 
3555 922 822 
3556 152 52 
3557 134 34 
3558 195 95 
3559 301 201 
3560 781 681 
3561 274 174 
3562 449 349 
3563 511 411 
3564 683 583 
3565 1082 982 
3566 418 318 
3567 718 618 
3568 870 770 
3569 891 791 
3570 160 60 
3571 1006 906 
3572 1013 913 
3573 815 715 
3574 610 510 
3575 320 220 
3576 124 24 
3577 716 616 
3578 816 716 
3579 390 290 
3580 373 273 
3581 179 79 
3582 868 768 
3583 704 604 
3584 454 354 
3585 351 251 
3586 144 44 
3587 310 210 
3588 485 385 
3589 431 331 
3590 422 322 
3591 1042 942 
3592 192 92 
3593 898 798 
3594 570 470 
3595 112 12 
3596 994 894 
3597 766 666 
3598 268 168 
3599 526 426 
3600 520 420 
3601 309 209 
3602 178 78 
3603 938 838 
3604 233 133 
3605 173 73 
3606 746 646 
3607 221 121 
3608 147 47 
3609 227 127 
3610 309 209 
3611 202 102 
3612 123 23 
3613 787 687 
3614 936 836 
3615 1034 934 
3616 924 824 
3617 822 722 
3618 635 535 
3619 407 307 
3620 1025 925 
3621 472 372 
3622 436 336 
3623 459 359 
3624 829 729 
3625 396 296 
3626 742 642 
3627 1044 944 
3628 519 419 
3629 527 427 
3630 210 110 
3631 862 762 
3632 836 736 
3633 646 546 
3634 272 172 
3635 598 498 
3636 293 193 
3637 1021 921 
3638 247 147 
3639 471 371 
3640 583 483 
3641 685 585 
3642 1088 988 
3643 170 70 
3644 169 69 
3645 385 285 
3646 929 829 
3647 630 530 
3648 847 747 
3649 774 674 
3650 1077 977 
3651 874 774 
3652 701 601 
3653 1052 952 
3654 232 132 
3655 963 863 
3656 464 364 
3657 1037 937 
3658 1009 909 
3659 591 491 
3660 663 563 
3661 344 244 
3662 760 660 
3663 636 536 
3664 167 67 
3665 106 6 
3666 942 842 
3667 837 737 
3668 691 591 
3669 883 783 
3670 436 336 
3671 914 814 
3672 330 230 
3673 720 620 
3674 788 688 
3675 356 256 
3676 675 575 
3677 202 102 
3678 1052 952 
3679 378 278 
3680 1043 943 
3681 1051 951 
3682 289 189 
3683 1074 974 
3684 495 395 
3685 296 196 
3686 503 403 
3687 399 299 
3688 749 649 
3689 567 467 
3690 487 387 
3691 267 167 
3692 149 49 
3693 518 418 
3694 329 229 
3695 1042 942 
3696 285 185 
3697 773 673 
3698 401 301 
3699 316 216 
3700 657 557 
3701 914 814 
3702 102 2 
3703 452 352 
3704 850 750 
3705 208 108 
3706 501 401 
3707 737 637 
3708 725 625 
3709 370 270 
3710 1020 920 
3711 848 748 
3712 908 808 
3713 705 605 
3714 243 143 
3715 820 720 
3716 1026 926 
3717 720 620 
3718 613 513 
3719 940 840 
3720 432 332 
3721 776 676 
3722 123 23 
3723 1055 955 
3724 965 865 
3725 173 73 
3726 210 110 
3727 622 522 
3728 1066 966 
3729 756 656 
3730 635 535 
3731 421 321 
3732 410 310 
3733 735 635 
3734 792 692 
3735 464 364 
3736 352 252 
3737 639 539 
3738 663 563 
3739 615 515 
3740 836 736 
3741 493 393 
3742 694 594 
3743 174 74 
3744 870 770 
3745 933 833 
3746 510 410 
3747 803 703 
3748 539 439 
3749 279 179 
3750 685 585 
3751 204 104 
3752 628 528 
3753 1003 903 
3754 651 551 
3755 300 200 
3756 787 687 
3757 1096 996 
3758 606 506 
3759 354 254 
3760 105 5 
3761 249 149 
3762 641 541 
3763 383 283 
3764 139 39 
3765 878 778 
3766 447 347 
3767 666 566 
3768 963 863 
3769 1042 942 
3770 470 370 
3771 369 269 
3772 635 535 
3773 870 770 
3774 782 682 
3775 278 178 
3776 604 504 
3777 193 93 
3778 864 764 
3779 315 215 
3780 324 224 
3781 202 102 
3782 811 711 
3783 596 496 
3784 918 818 
3785 804 704 
3786 386 286 
3787 1024 924 
3788 836 736 
3789 220 120 
3790 114 14 
3791 1011 911 
3792 471 371 
3793 882 782 
3794 607 507 
3795 523 423 
3796 1031 931 
3797 562 462 
3798 1046 946 
3799 797 697 
3800 430 330 
3801 574 474 
3802 221 121 
3803 516 416 
3804 998 898 
3805 922 822 
3806 143 43 
3807 869 769 
3808 443 343 
3809 467 367 
3810 556 456 
3811 321 221 
3812 523 423 
3813 580 480 
3814 837 737 
3815 216 116 
3816 186 86 
3817 103 3 
3818 516 416 
3819 135 35 
3820 1042 942 
3821 917 817 
3822 713 613 
3823 1069 969 
3824 928 828 
3825 682 582 
3826 690 590 
3827 896 796 
3828 778 678 
3829 624 524 
3830 466 366 
3831 391 291 
3832 916 816 
3833 958 858 
3834 1066 966 
3835 307 207 
3836 225 125 
3837 804 704 
3838 166 66 
3839 495 395 
3840 911 811 
3841 510 410 
3842 398 298 
3843 689 589 
3844 323 223 
3845 675 575 
3846 740 640 
3847 228 128 
3848 468 368 
3849 440 340 
3850 757 657 
3851 619 519 
3852 172 72 
3853 566 466 
3854 688 588 
3855 652 552 
3856 944 844 
3857 677 577 
3858 500 400 
3859 279 179 
3860 912 812 
3861 235 135 
3862 423 323 
3863 130 30 
3864 530 430 
3865 894 794 
3866 208 108 
3867 330 230 
3868 1097 997 
3869 985 885 
3870 150 50 
3871 120 20 
3872 731 631 
3873 486 386 
3874 114 14 
3875 181 81 
3876 113 13 
3877 864 764 
3878 358 258 
3879 324 224 
3880 375 275 
3881 580 480 
3882 217 117 
3883 370 270 
3884 251 151 
3885 828 728 
3886 115 15 
3887 148 48 
3888 1098 998 
3889 175 75 
3890 834 734 
3891 854 754 
3892 838 738 
3893 665 565 
3894 848 748 
3895 531 431 
3896 748 648 
3897 610 510 
3898 107 7 
3899 414 314 
3900 377 277 
3901 1013 913 
3902 300 200 
3903 652 552 
3904 797 697 
3905 1007 907 
3906 307 207 
3907 683 583 
3908 680 580 
3909 666 566 
3910 407 307 
3911 715 615 
3912 456 356 
3913 990 890 
3914 796 696 
3915 392 292 
3916 789 689 
3917 427 327 
3918 573 473 
3919 561 461 
3920 180 80 
3921 861 761 
3922 873 773 
3923 1016 916 
3924 935 835 
3925 123 23 
3926 241 141 
3927 806 706 
3928 221 121 
3929 494 394 
3930 959 859 
3931 1011 911 
3932 366 266 
3933 131 31 
3934 427 327 
3935 694 594 
3936 311 211 
3937 198 98 
3938 831 731 
3939 759 659 
3940 788 688 
3941 691 591 
3942 378 278 
3943 151 51 
3944 371 271 
3945 497 397 
3946 554 454 
3947 864 764 
3948 709 609 
3949 1046 946 
3950 946 846 
3951 719 619 
3952 368 268 
3953 625 525 
3954 803 703 
3955 442 342 
3956 711 611 
3957 528 428 
3958 455 355 
3959 919 819 
3960 667 567 
3961 110 10 
3962 873 773 
3963 1051 951 
3964 1026 926 
3965 904 804 
3966 319 219 
3967 364 264 
3968 950 850 
3969 701 601 
3970 937 837 
3971 684 584 
3972 545 445 
3973 1080 980 
3974 908 808 
3975 642 542 
3976 948 848 
3977 763 663 
3978 983 883 
3979 254 154 
3980 535 435 
3981 738 638 
3982 575 475 
3983 681 581 
3984 642 542 
3985 385 285 
3986 270 170 
3987 535 435 
3988 1026 926 
3989 882 782 
3990 102 2 
3991 418 318 
3992 952 852 
3993 1055 955 
3994 1099 999 
3995 876 776 
3996 219 119 
3997 280 180 
3998 118 18 
3999 401 301 
4000 494 394 
4001 290 190 
4002 533 433 
4003 758 658 
4004 108 8 
4005 765 665 
4006 848 748 
4007 162 62 
4008 111 11 
4009 224 124 
4010 471 371 
4011 455 355 
4012 832 732 
4013 554 454 
4014 792 692 
4015 1005 905 
4016 928 828 
4017 407 307 
4018 468 368 
4019 532 432 
4020 605 505 
4021 110 10 
4022 449 349 
4023 643 543 
4024 265 165 
4025 732 632 
4026 426 326 
4027 338 238 
4028 509 409 
4029 311 211 
4030 1002 902 
4031 272 172 
4032 178 78 
4033 896 796 
4034 999 899 
4035 554 454 
4036 1048 948 
4037 1021 921 
4038 923 823 
4039 329 229 
4040 631 531 
4041 962 862 
4042 431 331 
4043 375 275 
4044 834 734 
4045 412 312 
4046 440 340 
4047 149 49 
4048 573 473 
4049 329 229 
4050 379 279 
4051 172 72 
4052 491 391 
4053 1088 988 
4054 996 896 
4055 878 778 
4056 1018 918 
4057 1025 925 
4058 386 286 
4059 680 580 
4060 482 382 
4061 368 268 
4062 943 843 
4063 815 715 
4064 1056 956 
4065 651 551 
4066 331 231 
4067 331 231 
4068 705 605 
4069 389 289 
4070 144 44 
4071 380 280 
4072 161 61 
4073 294 194 
4074 633 533 
4075 384 284 
4076 508 408 
4077 401 301 
4078 795 695 
4079 391 291 
4080 988 888 
4081 147 47 
4082 277 177 
4083 1083 983 
4084 329 229 
4085 363 263 
4086 668 568 
4087 823 723 
4088 350 250 
4089 650 550 
4090 511 411 
4091 1018 918 
4092 240 140 
4093 959 859 
4094 1066 966 
4095 752 652 
4096 834 734 
4097 647 547 
4098 381 281 
4099 742 642 
4100 739 639 
4101 584 484 
4102 588 488 
4103 295 195 
4104 793 693 
4105 577 477 
4106 138 38 
4107 336 236 
4108 327 227 
4109 336 236 
4110 934 834 
4111 229 129 
4112 554 454 
4113 1079 979 
4114 568 468 
4115 902 802 
4116 121 21 
4117 964 864 
4118 261 161 
4119 361 261 
4120 258 158 
4121 291 191 
4122 997 897 
4123 285 185 
4124 690 590 
4125 1098 998 
4126 1014 914 
4127 680 580 
4128 485 385 
4129 704 604 
4130 778 678 
4131 758 658 
4132 835 735 
4133 891 791 
4134 803 703 
4135 262 162 
4136 675 575 
4137 190 90 
4138 374 274 
4139 731 631 
4140 545 445 
4141 331 231 
4142 501 401 
4143 764 664 
4144 922 822 
4145 874 774 
4146 839 739 
4147 880 780 
4148 1097 997 
4149 414 314 
4150 338 238 
4151 706 606 
4152 507 407 
4153 120 20 
4154 289 189 
4155 900 800 
4156 828 728 
4157 859 759 
4158 688 588 
4159 595 495 
4160 572 472 
4161 267 167 
4162 700 600 
4163 535 435 
4164 548 448 
4165 618 518 
4166 520 420 
4167 301 201 
4168 434 334 
4169 337 237 
4170 641 541 
4171 507 407 
4172 829 729 
4173 215 115 
4174 979 879 
4175 1048 948 
4176 882 782 
4177 929 829 
4178 517 417 
4179 286 186 
4180 236 136 
4181 374 274 
4182 384 284 
4183 204 104 
4184 258 158 
4185 694 594 
4186 549 449 
4187 852 752 
4188 955 855 
4189 958 858 
4190 691 591 
4191 517 417 
4192 181 81 
4193 547 447 
4194 928 828 
4195 446 346 
4196 194 94 
4197 313 213 
4198 591 491 
4199 1000 900 
4200 140 40 
4201 1022 922 
4202 456 356 
4203 527 427 
4204 383 283 
4205 496 396 
4206 901 801 
4207 461 361 
4208 676 576 
4209 383 283 
4210 416 316 
4211 699 599 
4212 199 99 
4213 544 444 
4214 570 470 
4215 676 576 
4216 694 594 
4217 103 3 
4218 814 714 
4219 728 628 
4220 690 590 
4221 297 197 
4222 628 528 
4223 546 446 
4224 898 798 
4225 203 103 
4226 338 238 
4227 398 298 
4228 402 302 
4229 931 831 
4230 749 649 
4231 987 887 
4232 827 727 
4233 489 389 
4234 925 825 
4235 1080 980 
4236 147 47 
4237 393 293 
4238 262 162 
4239 415 315 
4240 421 321 
4241 255 155 
4242 339 239 
4243 395 295 
4244 324 224 
4245 487 387 
4246 613 513 
4247 727 627 
4248 922 822 
4249 929 829 
4250 1089 989 
4251 580 480 
4252 981 881 
4253 798 698 
4254 927 827 
4255 198 98 
4256 880 780 
4257 161 61 
4258 134 34 
4259 732 632 
4260 887 787 
4261 1005 905 
4262 1014 914 
4263 162 62 
4264 803 703 
4265 190 90 
4266 893 793 
4267 556 456 
4268 774 674 
4269 670 570 
4270 339 239 
4271 786 686 
4272 849 749 
4273 152 52 
4274 689 589 
4275 275 175 
4276 625 525 
4277 425 325 
4278 948 848 
4279 231 131 
4280 577 477 
4281 911 811 
4282 896 796 
4283 613 513 
4284 984 884 
4285 345 245 
4286 215 115 
4287 157 57 
4288 563 463 
4289 425 325 
4290 529 429 
4291 699 599 
4292 1005 905 
4293 226 126 
4294 389 289 
4295 848 748 
4296 986 886 
4297 626 526 
4298 357 257 
4299 559 459 
4300 627 527 
4301 757 657 
4302 895 795 
4303 673 573 
4304 388 288 
4305 243 143 
4306 680 580 
4307 526 426 
4308 314 214 
4309 239 139 
4310 700 600 
4311 137 37 
4312 144 44 
4313 421 321 
4314 408 308 
4315 830 730 
4316 512 412 
4317 1016 916 
4318 705 605 
4319 322 222 
4320 326 226 
4321 1029 929 
4322 989 889 
4323 1055 955 
4324 768 668 
4325 679 579 
4326 910 810 
4327 171 71 
4328 954 854 
4329 896 796 
4330 239 139 
4331 996 896 
4332 671 571 
4333 736 636 
4334 143 43 
4335 426 326 
4336 161 61 
4337 525 425 
4338 835 735 
4339 888 788 
4340 209 109 
4341 512 412 
4342 560 460 
4343 1049 949 
4344 650 550 
4345 655 555 
4346 454 354 
4347 1027 927 
4348 296 196 
4349 629 529 
4350 648 548 
4351 851 751 
4352 230 130 
4353 474 374 
4354 455 355 
4355 461 361 
4356 285 185 
4357 488 388 
4358 278 178 
4359 941 841 
4360 873 773 
4361 883 783 
4362 369 269 
4363 623 523 
4364 380 280 
4365 204 104 
4366 503 403 
4367 399 299 
4368 1030 930 
4369 819 719 
4370 910 810 
4371 358 258 
4372 628 528 
4373 766 666 
4374 629 529 
4375 1051 951 
4376 805 705 
4377 866 766 
4378 860 760 
4379 689 589 
4380 116 16 
4381 964 864 
4382 744 644 
4383 322 222 
4384 280 180 
4385 165 65 
4386 772 672 
4387 232 132 
4388 239 139 
4389 1000 900 
4390 785 685 
4391 179 79 
4392 464 364 
4393 561 461 
4394 125 25 
4395 797 697 
4396 376 276 
4397 124 24 
4398 1058 958 
4399 150 50 
4400 717 617 
4401 871 771 
4402 1053 953 
4403 620 520 
4404 374 274 
4405 573 473 
4406 999 899 
4407 850 750 
4408 859 759 
4409 1072 972 
4410 440 340 
4411 412 312 
4412 1097 997 
4413 819 719 
4414 863 763 
4415 309 209 
4416 646 546 
4417 625 525 
4418 622 522 
4419 437 337 
4420 754 654 
4421 148 48 
4422 530 430 
4423 1090 990 
4424 574 474 
4425 702 602 
4426 921 821 
4427 145 45 
4428 655 555 
4429 1013 913 
4430 108 8 
4431 433 333 
4432 698 598 
4433 263 163 
4434 564 464 
4435 493 393 
4436 1044 944 
4437 451 351 
4438 240 140 
4439 516 416 
4440 729 629 
4441 871 771 
4442 140 40 
4443 511 411 
4444 162 62 
4445 315 215 
4446 878 778 
4447 718 618 
4448 956 856 
4449 314 214 
4450 738 638 
4451 863 763 
4452 523 423 
4453 752 652 
4454 638 538 
4455 964 864 
4456 950 850 
4457 932 832 
4458 479 379 
4459 687 587 
4460 667 567 
4461 1067 967 
4462 882 782 
4463 1045 945 
4464 347 247 
4465 174 74 
4466 119 19 
4467 997 897 
4468 616 516 
4469 850 750 
4470 567 467 
4471 644 544 
4472 435 335 
4473 850 750 
4474 838 738 
4475 934 834 
4476 1067 967 
4477 819 719 
4478 307 207 
4479 946 846 
4480 824 724 
4481 516 416 
4482 373 273 
4483 922 822 
4484 669 569 
4485 887 787 
4486 408 308 
4487 358 258 
4488 1091 991 
4489 1088 988 
4490 1061 961 
4491 228 128 
4492 706 606 
4493 1026 926 
4494 583 483 
4495 286 186 
4496 890 790 
4497 728 628 
4498 890 790 
4499 785 685 
4500 456 356 
4501 535 435 
4502 726 626 
4503 949 849 
4504 1093 993 
4505 325 225 
4506 225 125 
4507 413 313 
4508 832 732 
4509 637 537 
4510 226 126 
4511 989 889 
4512 212 112 
4513 1051 951 
4514 985 885 
4515 427 327 
4516 820 720 
4517 846 746 
4518 413 313 
4519 676 576 
4520 490 390 
4521 615 515 
4522 838 738 
4523 196 96 
4524 655 555 
4525 221 121 
4526 544 444 
4527 1096 996 
4528 405 305 
4529 778 678 
4530 201 101 
4531 428 328 
4532 912 812 
4533 109 9 
4534 513 413 
4535 1052 952 
4536 282 182 
4537 220 120 
4538 352 252 
4539 625 525 
4540 214 114 
4541 382 282 
4542 927 827 
4543 475 375 
4544 453 353 
4545 131 31 
4546 436 336 
4547 949 849 
4548 916 816 
4549 921 821 
4550 232 132 
4551 138 38 
4552 991 891 
4553 908 808 
4554 453 353 
4555 401 301 
4556 822 722 
4557 304 204 
4558 825 725 
4559 167 67 
4560 197 97 
4561 854 754 
4562 472 372 
4563 298 198 
4564 378 278 
4565 929 829 
4566 430 330 
4567 686 586 
4568 912 812 
4569 916 816 
4570 737 637 
4571 942 842 
4572 464 364 
4573 882 782 
4574 748 648 
4575 712 612 
4576 455 355 
4577 857 757 
4578 856 756 
4579 757 657 
4580 818 718 
4581 779 679 
4582 598 498 
4583 859 759 
4584 262 162 
4585 355 255 
4586 792 692 
4587 361 261 
4588 844 744 
4589 441 341 
4590 917 817 
4591 839 739 
4592 465 365 
4593 1098 998 
4594 123 23 
4595 1080 980 
4596 1076 976 
4597 279 179 
4598 358 258 
4599 1093 993 
4600 161 61 
4601 407 307 
4602 175 75 
4603 431 331 
4604 778 678 
4605 876 776 
4606 816 716 
4607 1024 924 
4608 501 401 
4609 503 403 
4610 323 223 
4611 334 234 
4612 761 661 
4613 497 397 
4614 898 798 
4615 149 49 
4616 666 566 
4617 1024 924 
4618 522 422 
4619 1072 972 
4620 1076 976 
4621 842 742 
4622 1081 981 
4623 508 408 
4624 228 128 
4625 520 420 
4626 1062 962 
4627 929 829 
4628 825 725 
4629 354 254 
4630 927 827 
4631 150 50 
4632 978 878 
4633 267 167 
4634 357 257 
4635 448 348 
4636 497 397 
4637 841 741 
4638 541 441 
4639 198 98 
4640 709 609 
4641 1043 943 
4642 152 52 
4643 772 672 
4644 1021 921 
4645 407 307 
4646 609 509 
4647 434 334 
4648 432 332 
4649 399 299 
4650 1070 970 
4651 345 245 
4652 114 14 
4653 935 835 
4654 952 852 
4655 874 774 
4656 409 309 
4657 838 738 
4658 357 257 
4659 730 630 
4660 702 602 
4661 679 579 
4662 949 849 
4663 677 577 
4664 486 386 
4665 859 759 
4666 609 509 
4667 646 546 
4668 528 428 
4669 724 624 
4670 383 283 
4671 648 548 
4672 849 749 
4673 624 524 
4674 346 246 
4675 396 296 
4676 851 751 
4677 840 740 
4678 495 395 
4679 296 196 
4680 572 472 
4681 1061 961 
4682 450 350 
4683 656 556 
4684 283 183 
4685 230 130 
4686 431 331 
4687 756 656 
4688 1029 929 
4689 695 595 
4690 916 816 
4691 478 378 
4692 229 129 
4693 330 230 
4694 891 791 
4695 526 426 
4696 467 367 
4697 339 239 
4698 310 210 
4699 460 360 
4700 283 183 
4701 514 414 
4702 267 167 
4703 920 820 
4704 702 602 
4705 354 254 
4706 135 35 
4707 369 269 
4708 734 634 
4709 929 829 
4710 215 115 
4711 833 733 
4712 210 110 
4713 300 200 
4714 865 765 
4715 610 510 
4716 305 205 
4717 457 357 
4718 729 629 
4719 936 836 
4720 948 848 
4721 640 540 
4722 519 419 
4723 873 773 
4724 692 592 
4725 182 82 
4726 374 274 
4727 509 409 
4728 987 887 
4729 167 67 
4730 608 508 
4731 254 154 
4732 782 682 
4733 239 139 
4734 124 24 
4735 1092 992 
4736 1015 915 
4737 326 226 
4738 138 38 
4739 128 28 
4740 730 630 
4741 822 722 
4742 757 657 
4743 843 743 
4744 197 97 
4745 666 566 
4746 447 347 
4747 802 702 
4748 466 366 
4749 1004 904 
4750 107 7 
4751 1080 980 
4752 777 677 
4753 955 855 
4754 451 351 
4755 1040 940 
4756 262 162 
4757 432 332 
4758 401 301 
4759 1045 945 
4760 755 655 
4761 387 287 
4762 1003 903 
4763 705 605 
4764 566 466 
4765 927 827 
4766 280 180 
4767 214 114 
4768 1050 950 
4769 718 618 
4770 382 282 
4771 684 584 
4772 267 167 
4773 786 686 
4774 334 234 
4775 864 764 
4776 1083 983 
4777 106 6 
4778 440 340 
4779 1005 905 
4780 378 278 
4781 685 585 
4782 768 668 
4783 585 485 
4784 178 78 
4785 654 554 
4786 482 382 
4787 399 299 
4788 1024 924 
4789 563 463 
4790 377 277 
4791 412 312 
4792 678 578 
4793 660 560 
4794 627 527 
4795 896 796 
4796 590 490 
4797 997 897 
4798 1016 916 
4799 123 23 
4800 969 869 
4801 608 508 
4802 249 149 
4803 1034 934 
4804 1078 978 
4805 842 742 
4806 806 706 
4807 501 401 
4808 238 138 
4809 504 404 
4810 328 228 
4811 398 298 
4812 699 599 
4813 142 42 
4814 149 49 
4815 447 347 
4816 137 37 
4817 155 55 
4818 513 413 
4819 1016 916 
4820 869 769 
4821 517 417 
4822 281 181 
4823 949 849 
4824 442 342 
4825 244 144 
4826 987 887 
4827 248 148 
4828 410 310 
4829 1078 978 
4830 226 126 
4831 824 724 
4832 873 773 
4833 911 811 
4834 966 866 
4835 157 57 
4836 990 890 
4837 522 422 
4838 400 300 
4839 966 866 
4840 579 479 
4841 928 828 
4842 819 719 
4843 177 77 
4844 411 311 
4845 595 495 
4846 549 449 
4847 510 410 
4848 579 479 
4849 128 28 
4850 1100 1000 
4851 169 69 
4852 345 245 
4853 192 92 
4854 854 754 
4855 867 767 
4856 1049 949 
4857 961 861 
4858 929 829 
4859 212 112 
4860 871 771 
4861 549 449 
4862 410 310 
4863 415 315 
4864 734 634 
4865 103 3 
4866 793 693 
4867 233 133 
4868 103 3 
4869 917 817 
4870 1072 972 
4871 375 275 
4872 685 585 
4873 1046 946 
4874 604 504 
4875 915 815 
4876 1093 993 
4877 818 718 
4878 733 633 
4879 394 294 
4880 716 616 
4881 128 28 
4882 808 708 
4883 622 522 
4884 616 516 
4885 800 700 
4886 235 135 
4887 835 735 
4888 456 356 
4889 990 890 
4890 128 28 
4891 632 532 
4892 208 108 
4893 343 243 
4894 643 543 
4895 949 849 
4896 156 56 
4897 300 200 
4898 774 674 
4899 211 111 
4900 173 73 
4901 152 52 
4902 220 120 
4903 195 95 
4904 978 878 
4905 775 675 
4906 737 637 
4907 1071 971 
4908 1054 954 
4909 909 809 
4910 648 548 
4911 335 235 
4912 151 51 
4913 807 707 
4914 391 291 
4915 874 774 
4916 431 331 
4917 554 454 
4918 149 49 
4919 994 894 
4920 859 759 
4921 703 603 
4922 620 520 
4923 801 701 
4924 473 373 
4925 456 356 
4926 250 150 
4927 1053 953 
4928 910 810 
4929 170 70 
4930 513 413 
4931 422 322 
4932 141 41 
4933 734 634 
4934 917 817 
4935 224 124 
4936 532 432 
4937 630 530 
4938 134 34 
4939 242 142 
4940 113 13 
4941 136 36 
4942 171 71 
4943 521 421 
4944 953 853 
4945 938 838 
4946 343 243 
4947 1017 917 
4948 201 101 
4949 554 454 
4950 712 612 
4951 450 350 
4952 846 746 
4953 168 68 
4954 625 525 
4955 1011 911 
4956 1078 978 
4957 436 336 
4958 738 638 
4959 501 401 
4960 129 29 
4961 981 881 
4962 462 362 
4963 958 858 
4964 754 654 
4965 205 105 
4966 570 470 
4967 121 21 
4968 360 260 
4969 478 378 
4970 397 297 
4971 631 531 
4972 938 838 
4973 744 644 
4974 786 686 
4975 692 592 
4976 831 731 
4977 931 831 
4978 786 686 
4979 432 332 
4980 794 694 
4981 772 672 
4982 967 867 
4983 968 868 
4984 500 400 
4985 262 162 
4986 827 727 
4987 392 292 
4988 788 688 
4989 990 890 
4990 848 748 
4991 304 204 
4992 273 173 
4993 890 790 
4994 361 261 
4995 448 348 
4996 985 885 
4997 678 578 
4998 380 280 
4999 233 133 
5000 626 526 
