npieces: 2000
capacity: 70816146
1 659505 184556 
2 263437 136709 
3 32795 155687 
4 135139 515132 
5 456596 593961 
6 507816 736434 
7 607540 97298 
8 446986 228716 
9 828945 963490 
10 142385 516515 
11 567618 281352 
12 603730 606300 
13 377150 549513 
14 189409 108581 
15 312290 782025 
16 590691 33581 
17 348241 966906 
18 999265 739969 
19 230645 589150 
20 101112 720479 
21 198948 587578 
22 20430 943544 
23 382175 308121 
24 49439 574919 
25 145524 176825 
26 596213 860105 
27 32579 739735 
28 698870 579736 
29 258333 276882 
30 995991 988328 
31 272776 575742 
32 116143 715356 
33 494751 802952 
34 320038 879110 
35 178774 931201 
36 218572 699066 
37 460764 46025 
38 82118 257613 
39 365401 436825 
40 222306 434351 
41 185303 390188 
42 857676 15778 
43 655996 904523 
44 645402 413270 
45 750901 389620 
46 572034 625891 
47 781551 699302 
48 362731 320482 
49 586879 787404 
50 458464 377641 
51 335074 267395 
52 674017 329441 
53 110110 135050 
54 139220 880965 
55 488711 671877 
56 652697 28408 
57 124381 759150 
58 871483 275971 
59 416531 872537 
60 725314 506091 
61 613291 761505 
62 85157 112171 
63 600252 78388 
64 915676 695187 
65 417557 853304 
66 244180 816061 
67 597052 282585 
68 938044 942247 
69 457295 881713 
70 176380 46770 
71 428044 53714 
72 855430 756406 
73 825580 819251 
74 197892 840896 
75 943913 923380 
76 183089 517481 
77 463585 783375 
78 983556 426388 
79 710355 883293 
80 295750 382275 
81 425862 356546 
82 820869 791766 
83 178824 444855 
84 84513 453282 
85 774612 78770 
86 604291 622186 
87 988429 45044 
88 554606 715965 
89 778279 419823 
90 372717 534700 
91 714597 51409 
92 425708 818853 
93 275836 94449 
94 358819 838832 
95 557783 532437 
96 406701 294406 
97 507572 634398 
98 215415 523465 
99 626283 964689 
100 659667 638821 
101 851855 216450 
102 500332 37057 
103 127661 857439 
104 246804 673761 
105 633394 84502 
106 121082 893659 
107 870953 914916 
108 807031 704243 
109 750369 15739 
110 467143 608214 
111 291116 68367 
112 264149 930672 
113 906244 345278 
114 566318 280298 
115 195913 42266 
116 849944 647875 
117 969702 562068 
118 329468 829066 
119 360849 406854 
120 433022 254261 
121 951408 638364 
122 35949 113505 
123 693273 205984 
124 450966 930663 
125 70962 361954 
126 699827 584599 
127 251575 484544 
128 2497 943700 
129 155546 495127 
130 687791 475596 
131 84357 340934 
132 461362 976850 
133 39675 332443 
134 83445 63513 
135 254940 188957 
136 450478 546127 
137 807175 196342 
138 12300 48659 
139 793434 404858 
140 757132 271637 
141 568725 373720 
142 679467 623305 
143 358492 195676 
144 163318 864520 
145 749275 630558 
146 809469 330627 
147 341764 912331 
148 321510 811940 
149 63859 661325 
150 867549 885891 
151 755059 136218 
152 489513 573761 
153 829786 901910 
154 178778 586949 
155 928655 954982 
156 912607 858449 
157 256492 544659 
158 419892 420736 
159 844670 556950 
160 261752 949022 
161 84649 784006 
162 651804 490403 
163 119529 733211 
164 852856 768526 
165 277555 914334 
166 356600 400027 
167 600826 911151 
168 824819 924896 
169 680973 59762 
170 552284 912714 
171 504221 920663 
172 569809 142126 
173 753565 85125 
174 448273 710222 
175 919938 75875 
176 85323 927467 
177 845866 520259 
178 128017 274882 
179 281689 112171 
180 356075 96420 
181 291550 962432 
182 345672 744437 
183 705300 246737 
184 68240 472257 
185 99396 986045 
186 222740 243510 
187 245352 385539 
188 14119 224898 
189 597322 215396 
190 638150 232650 
191 621067 123959 
192 950642 744771 
193 177280 284041 
194 898079 45745 
195 736247 904302 
196 432004 667642 
197 524887 770216 
198 39251 363430 
199 558501 239347 
200 734019 669494 
201 252643 867051 
202 777160 487901 
203 74387 497179 
204 112101 8607 
205 977881 128227 
206 520983 746949 
207 237054 857349 
208 398194 171130 
209 100625 848972 
210 614666 365190 
211 581096 915865 
212 858888 913700 
213 546052 426379 
214 886044 607233 
215 462738 525322 
216 760209 392148 
217 106062 139249 
218 221180 860500 
219 542658 670742 
220 69582 418267 
221 310572 395318 
222 112393 717269 
223 371710 604610 
224 106639 599652 
225 885375 969472 
226 955734 48276 
227 486223 215008 
228 313912 257974 
229 508423 939932 
230 897511 75931 
231 923327 573578 
232 407934 967343 
233 779177 524929 
234 139890 803631 
235 114842 471462 
236 584807 736904 
237 682409 363282 
238 445855 490958 
239 581616 463457 
240 147085 870933 
241 663152 362970 
242 381768 523632 
243 54033 697910 
244 229915 719620 
245 912390 609423 
246 734073 547143 
247 420175 894566 
248 182222 650394 
249 239064 105553 
250 872496 997057 
251 458943 107135 
252 876852 786619 
253 816243 542569 
254 941213 316738 
255 684087 946392 
256 875120 160737 
257 348102 149773 
258 614243 342445 
259 219729 815696 
260 980019 110689 
261 239716 543448 
262 438549 843738 
263 269350 136339 
264 869060 290155 
265 595775 887188 
266 926265 707038 
267 457940 181207 
268 363833 253640 
269 229038 84017 
270 127816 657480 
271 58744 769880 
272 359035 698396 
273 481191 688652 
274 420523 741087 
275 695220 785698 
276 132038 84643 
277 620229 303211 
278 937279 834343 
279 734698 842245 
280 372005 23029 
281 251074 83517 
282 855250 59931 
283 939646 474080 
284 510714 572163 
285 456893 150237 
286 104355 506673 
287 684503 627032 
288 765939 933849 
289 864118 909 
290 152677 221211 
291 969437 479839 
292 547158 32796 
293 17932 180029 
294 475900 177666 
295 458364 481263 
296 566901 90315 
297 936645 825539 
298 476413 785931 
299 30112 534094 
300 130682 657856 
301 572294 923681 
302 353330 901395 
303 170167 234634 
304 316764 378798 
305 888214 426628 
306 880148 183476 
307 868529 601148 
308 130151 897570 
309 933087 78528 
310 215246 846784 
311 526915 623622 
312 374392 684227 
313 449005 523415 
314 968768 305602 
315 192543 813078 
316 921534 880019 
317 571884 927793 
318 906681 438978 
319 4092 363683 
320 264570 536749 
321 914605 451171 
322 537980 709567 
323 90708 635500 
324 842111 382727 
325 107361 100202 
326 951227 364532 
327 307296 421758 
328 497714 498991 
329 12252 269486 
330 342622 450069 
331 373406 997100 
332 488330 850704 
333 736339 115649 
334 702525 120977 
335 281099 464406 
336 958096 703404 
337 316638 763871 
338 87137 685263 
339 399081 189605 
340 815648 596768 
341 294006 118190 
342 962119 753459 
343 598266 301962 
344 280166 114405 
345 337527 311677 
346 791836 746007 
347 964866 561668 
348 502946 387082 
349 860767 206278 
350 842113 488276 
351 230216 921945 
352 314148 888637 
353 377356 454253 
354 526856 268025 
355 756437 973401 
356 896143 576961 
357 416642 732288 
358 757812 294992 
359 290034 314207 
360 227865 346103 
361 22882 568054 
362 834429 46877 
363 259950 874961 
364 415305 937943 
365 228276 723058 
366 201417 247008 
367 539798 971933 
368 473336 379893 
369 110877 956800 
370 148020 630223 
371 52603 685052 
372 638288 632062 
373 923881 502612 
374 792968 3167 
375 568303 274417 
376 168527 232058 
377 453634 277199 
378 48773 761658 
379 273095 74568 
380 883269 19913 
381 748406 377915 
382 714010 636552 
383 196057 83225 
384 250193 754216 
385 742580 649612 
386 24105 432424 
387 388223 89412 
388 794087 696491 
389 499855 694302 
390 984006 260405 
391 44755 663027 
392 624588 51202 
393 592185 173371 
394 885560 749955 
395 955312 8605 
396 74328 634166 
397 191561 608532 
398 73974 772000 
399 537207 549567 
400 479218 270058 
401 629557 652549 
402 226795 768534 
403 852998 31778 
404 256151 503196 
405 356120 333587 
406 804467 331365 
407 817474 603418 
408 789652 527331 
409 268332 699375 
410 75355 880011 
411 421902 983043 
412 784070 889072 
413 39249 526769 
414 240932 794109 
415 206545 130180 
416 959073 740431 
417 552452 861023 
418 860927 710189 
419 409396 997965 
420 427045 218916 
421 10280 578662 
422 282321 522499 
423 203105 727450 
424 170218 417968 
425 424448 325981 
426 308145 351206 
427 574789 926255 
428 491861 858060 
429 561138 889287 
430 168869 797490 
431 484685 801179 
432 809056 982058 
433 185925 81166 
434 791400 839361 
435 303532 740471 
436 658389 381785 
437 162339 696266 
438 895782 572516 
439 235411 669926 
440 830739 1087 
441 828439 7162 
442 861310 97705 
443 508472 6932 
444 102471 257886 
445 442512 93832 
446 500607 376980 
447 971663 621305 
448 554548 33297 
449 973212 982407 
450 91307 445607 
451 967059 934613 
452 50603 817678 
453 410605 124149 
454 920118 368412 
455 770173 352051 
456 467475 266915 
457 578071 29307 
458 499590 956583 
459 55883 185576 
460 690338 362106 
461 605839 681386 
462 871605 272374 
463 648186 675794 
464 977569 948055 
465 891885 151421 
466 796490 580722 
467 544332 351707 
468 257003 957014 
469 228842 655579 
470 738371 794302 
471 36355 377461 
472 856749 40303 
473 851042 578003 
474 290766 884404 
475 117859 572188 
476 929768 218612 
477 99091 314911 
478 212107 984173 
479 672307 101849 
480 343466 587407 
481 427484 832676 
482 414027 457911 
483 394236 127612 
484 295704 934086 
485 652158 324206 
486 21331 454878 
487 662792 799007 
488 262823 422649 
489 831966 345974 
490 889561 520037 
491 387236 299303 
492 76829 651424 
493 727232 296669 
494 789445 298380 
495 235102 806723 
496 196500 209231 
497 438349 933872 
498 89969 577545 
499 700934 450221 
500 751415 283059 
501 838605 861923 
502 936809 949905 
503 732913 998118 
504 736515 549907 
505 205229 662360 
506 991980 312270 
507 634545 266619 
508 957319 435729 
509 750458 594839 
510 503400 135143 
511 602717 652932 
512 727779 219049 
513 359140 652565 
514 145473 713789 
515 124687 407713 
516 17740 285679 
517 208700 824367 
518 195466 88746 
519 249569 869501 
520 275334 702866 
521 635445 244909 
522 872329 281089 
523 224814 851917 
524 284392 871645 
525 227494 794241 
526 19831 208339 
527 119319 852431 
528 130331 686194 
529 164741 916743 
530 788541 144166 
531 365371 837517 
532 962075 915663 
533 107821 289413 
534 125944 721341 
535 660604 118425 
536 456116 668106 
537 650265 440810 
538 188790 703509 
539 712321 846416 
540 720645 531222 
541 523750 203536 
542 837238 688867 
543 461806 344281 
544 944768 504830 
545 738260 799419 
546 63339 739992 
547 511341 656165 
548 49255 147367 
549 948421 288729 
550 102905 829343 
551 278184 445102 
552 412816 614736 
553 412668 123137 
554 93686 556955 
555 346315 134394 
556 400674 371474 
557 431839 821110 
558 995370 31723 
559 437190 963030 
560 588309 320289 
561 999413 845283 
562 73231 332456 
563 202889 804317 
564 985910 501387 
565 842408 714207 
566 971665 880867 
567 275206 776240 
568 221408 607349 
569 608196 174056 
570 939342 632489 
571 811315 401020 
572 230787 536995 
573 424245 392041 
574 134998 904896 
575 351876 492473 
576 161824 100271 
577 437005 469493 
578 506795 423209 
579 482932 672680 
580 758154 699726 
581 393211 55563 
582 374786 961758 
583 608189 867346 
584 793446 53008 
585 90836 878354 
586 543360 889235 
587 139994 68109 
588 518379 946846 
589 649165 970908 
590 977726 798390 
591 603468 961079 
592 87395 536764 
593 369086 654052 
594 757701 72496 
595 593106 110394 
596 222695 590598 
597 749088 63761 
598 493522 523299 
599 386414 83017 
600 13223 13364 
601 676559 550899 
602 180306 282411 
603 376999 3359 
604 509279 185496 
605 829577 895811 
606 444391 571552 
607 713665 437252 
608 474850 412956 
609 607213 134564 
610 478368 262608 
611 489798 947017 
612 58579 19270 
613 430589 212902 
614 338372 971846 
615 847424 286344 
616 350886 770933 
617 179163 172543 
618 100104 126920 
619 735483 65063 
620 156643 661667 
621 101711 431762 
622 742547 844050 
623 616391 549907 
624 286115 611554 
625 397438 531754 
626 243841 438877 
627 109364 482503 
628 821392 33953 
629 484660 702397 
630 290973 5724 
631 164309 200644 
632 464425 776870 
633 593755 612778 
634 223780 672891 
635 635389 263704 
636 928635 456788 
637 207681 210813 
638 674312 325152 
639 66884 476185 
640 810280 695652 
641 249046 38760 
642 34987 911532 
643 516801 203369 
644 776356 103148 
645 765738 577737 
646 260511 179576 
647 375697 233137 
648 15986 369245 
649 104307 795433 
650 947692 831258 
651 685391 660903 
652 135083 670270 
653 78469 956024 
654 749770 339487 
655 397209 654474 
656 322038 941684 
657 7319 242516 
658 446370 49552 
659 803601 303330 
660 931985 86268 
661 157956 71424 
662 156880 52463 
663 663897 189187 
664 640582 487276 
665 591687 712751 
666 543331 725753 
667 95637 205384 
668 521846 676407 
669 352829 387704 
670 200603 454627 
671 268844 931865 
672 148945 912232 
673 330406 827936 
674 648042 688222 
675 803655 430119 
676 336283 248419 
677 891620 964374 
678 847539 923156 
679 755728 677421 
680 63721 476201 
681 31163 153583 
682 796430 616938 
683 485108 633326 
684 253345 8914 
685 672079 897136 
686 635777 756094 
687 222625 535035 
688 922045 186578 
689 410216 285378 
690 522951 590313 
691 41992 851244 
692 959048 479414 
693 670000 651133 
694 529229 920252 
695 155163 692835 
696 273310 986214 
697 521203 345375 
698 529071 365252 
699 54351 11406 
700 613744 804258 
701 459869 566100 
702 760959 609735 
703 29531 377444 
704 137214 572615 
705 130111 919149 
706 270846 826629 
707 534263 715108 
708 934810 204105 
709 250123 872746 
710 583393 97722 
711 982302 956187 
712 585771 445688 
713 456467 859315 
714 73676 749720 
715 865419 475036 
716 325223 94653 
717 125005 855768 
718 576474 267727 
719 420607 255367 
720 514327 665819 
721 433937 506454 
722 958866 890055 
723 433529 829188 
724 457302 817072 
725 892376 408146 
726 330099 663266 
727 225916 13127 
728 635602 144819 
729 979263 814813 
730 531881 743932 
731 807308 158347 
732 806921 306997 
733 487617 543280 
734 286164 282092 
735 781232 347545 
736 601741 438626 
737 582784 708335 
738 538632 728962 
739 331569 984512 
740 420096 357695 
741 525757 113064 
742 167559 466825 
743 569625 24220 
744 579288 377195 
745 673307 27026 
746 919880 229444 
747 668597 188560 
748 214491 160543 
749 308255 974864 
750 553971 409010 
751 544659 570957 
752 178596 307696 
753 753906 65646 
754 522594 350603 
755 956548 280843 
756 192412 356746 
757 749213 466528 
758 740962 687298 
759 500826 183885 
760 66049 642740 
761 757963 773831 
762 811247 84675 
763 444651 970207 
764 871265 188752 
765 7626 17581 
766 85883 222516 
767 549900 887385 
768 935135 68057 
769 912905 812421 
770 512422 56437 
771 172373 96282 
772 755565 178084 
773 32283 719598 
774 13255 910241 
775 673123 608207 
776 677648 523041 
777 753715 571247 
778 604577 743949 
779 817425 984683 
780 545439 627162 
781 423846 360314 
782 977838 219014 
783 713341 204462 
784 401796 886896 
785 28075 274282 
786 255832 632980 
787 210889 410401 
788 360120 211747 
789 235485 296966 
790 234426 174843 
791 486103 655446 
792 200458 487240 
793 615415 633726 
794 419427 230134 
795 804427 428713 
796 537113 56274 
797 374806 898922 
798 421714 729276 
799 82957 489155 
800 254421 713291 
801 172475 18832 
802 169914 658237 
803 205764 353555 
804 674497 529433 
805 231878 735389 
806 878143 608100 
807 402267 748117 
808 915635 17468 
809 238651 761128 
810 715191 461204 
811 965823 335437 
812 545938 279628 
813 610880 568755 
814 209962 674091 
815 206238 893962 
816 286487 133116 
817 320988 754603 
818 556434 829060 
819 639081 691493 
820 290764 358684 
821 142714 744165 
822 575003 930158 
823 964946 144129 
824 623439 17680 
825 499299 910561 
826 858403 161208 
827 9614 534410 
828 61199 505947 
829 768967 810377 
830 467515 807271 
831 913428 932024 
832 175693 188953 
833 649588 236720 
834 440227 371387 
835 860700 339915 
836 819996 503102 
837 379932 965972 
838 784209 514160 
839 586081 209486 
840 300130 607449 
841 731604 260317 
842 929322 626936 
843 275103 28821 
844 950740 831893 
845 487951 351838 
846 894919 89731 
847 414484 959296 
848 113789 194228 
849 980518 117329 
850 877554 987768 
851 651138 461496 
852 926583 581268 
853 917202 310685 
854 690789 513467 
855 616747 156399 
856 907247 231852 
857 124976 893265 
858 673169 837351 
859 712531 858786 
860 859749 865357 
861 656316 205927 
862 558868 714451 
863 745922 443992 
864 132649 479650 
865 696982 220996 
866 305793 338703 
867 889919 625569 
868 723167 375218 
869 818751 473204 
870 226780 732709 
871 474965 733913 
872 833467 607259 
873 526620 488688 
874 945371 196698 
875 191953 349156 
876 586373 361942 
877 919282 885849 
878 775717 746156 
879 694913 673905 
880 260886 68472 
881 385511 797563 
882 715926 544915 
883 103926 354042 
884 817113 735980 
885 611207 507917 
886 834297 344193 
887 219778 449344 
888 5194 499579 
889 391804 666286 
890 915916 940516 
891 308283 647184 
892 750842 805766 
893 572821 548455 
894 476991 313761 
895 844342 251010 
896 409416 349448 
897 366079 199980 
898 709748 419672 
899 284748 442550 
900 135848 213142 
901 847822 103516 
902 385280 250020 
903 182615 709527 
904 727840 338400 
905 878325 305919 
906 382184 757082 
907 580981 389978 
908 663430 650607 
909 364361 676037 
910 765989 548358 
911 193220 442173 
912 571203 260391 
913 498945 990539 
914 471072 9459 
915 586020 537034 
916 371026 888644 
917 417592 947158 
918 745014 675105 
919 979512 943827 
920 32320 147230 
921 735785 35863 
922 513844 6350 
923 19108 596405 
924 812974 407270 
925 262130 685671 
926 923675 459504 
927 61583 997015 
928 782666 756840 
929 911953 504778 
930 399645 831991 
931 93538 67305 
932 783321 672969 
933 242985 239918 
934 655837 85773 
935 96968 196007 
936 268592 858697 
937 822718 180458 
938 65971 252439 
939 728171 74326 
940 907061 907647 
941 934964 142529 
942 507557 40690 
943 825469 527555 
944 399266 987553 
945 906451 327454 
946 142703 651512 
947 187948 919689 
948 44290 969083 
949 9989 850647 
950 101115 790203 
951 924075 312329 
952 400626 913140 
953 320406 392621 
954 377065 844550 
955 267887 699440 
956 983713 996751 
957 815219 868039 
958 30664 25697 
959 518127 616630 
960 132751 656997 
961 300011 840636 
962 576666 304267 
963 463843 819483 
964 955217 249709 
965 966640 39367 
966 54804 282687 
967 194758 853227 
968 803147 176757 
969 254422 680338 
970 704474 229682 
971 666196 144056 
972 205556 786983 
973 904851 717422 
974 700807 128848 
975 843084 455396 
976 304469 127367 
977 78589 454934 
978 964451 512196 
979 77934 197782 
980 817481 35058 
981 172110 917170 
982 809386 335150 
983 588861 732033 
984 857918 790302 
985 65699 797903 
986 89995 993644 
987 53373 379362 
988 111027 922142 
989 550136 703017 
990 158182 34260 
991 955317 497024 
992 540215 707613 
993 871021 625442 
994 899405 393973 
995 300782 120940 
996 48 816607 
997 330628 442954 
998 9539 316123 
999 128883 675392 
1000 698961 722885 
1001 5663 318551 
1002 850303 888586 
1003 501455 405602 
1004 64417 370951 
1005 57670 688876 
1006 371369 418048 
1007 686993 417471 
1008 968571 616569 
1009 183903 969043 
1010 424860 833461 
1011 464906 737106 
1012 740232 185096 
1013 10548 91268 
1014 845922 773339 
1015 121100 214492 
1016 946630 772668 
1017 162672 137246 
1018 277435 366815 
1019 98221 461419 
1020 777412 197622 
1021 795361 594667 
1022 531669 556008 
1023 541314 961621 
1024 56995 263921 
1025 105975 617374 
1026 5716 61845 
1027 600100 269051 
1028 174294 682562 
1029 30019 187797 
1030 503755 760129 
1031 219373 145161 
1032 786850 305368 
1033 181689 785688 
1034 316929 421248 
1035 997563 42866 
1036 865950 960062 
1037 487534 105434 
1038 524077 225889 
1039 679980 63798 
1040 886004 623511 
1041 158425 285621 
1042 610234 744363 
1043 948768 458653 
1044 84958 662367 
1045 776853 236080 
1046 222467 876386 
1047 189946 2426 
1048 653673 890606 
1049 811485 464890 
1050 5079 932160 
1051 416990 565098 
1052 576692 986997 
1053 609487 857965 
1054 912950 449854 
1055 64308 337301 
1056 995697 891776 
1057 647401 446157 
1058 225617 568138 
1059 233891 270249 
1060 846051 422324 
1061 531471 75401 
1062 93773 536976 
1063 929750 840420 
1064 962654 774160 
1065 916162 569846 
1066 949248 902324 
1067 546106 604808 
1068 97866 799085 
1069 590633 231129 
1070 118770 113299 
1071 688061 34534 
1072 219424 271232 
1073 678796 832475 
1074 902045 465415 
1075 257936 882134 
1076 600426 411220 
1077 338515 513556 
1078 536237 20130 
1079 316518 288378 
1080 160135 182675 
1081 477707 833666 
1082 436481 649391 
1083 787762 432512 
1084 327140 507068 
1085 339104 449296 
1086 946087 5621 
1087 931244 663583 
1088 57091 104491 
1089 158884 498898 
1090 779555 337909 
1091 672652 355158 
1092 151351 577621 
1093 848838 176325 
1094 410152 292329 
1095 83469 748465 
1096 823334 333451 
1097 30171 480145 
1098 265052 919365 
1099 106411 27462 
1100 969157 674036 
1101 738457 871496 
1102 433368 671928 
1103 38309 559026 
1104 682783 35221 
1105 973590 661542 
1106 643366 318441 
1107 276027 269342 
1108 54478 471946 
1109 259213 413584 
1110 841601 900603 
1111 623920 836989 
1112 363776 54667 
1113 954072 995799 
1114 491735 891915 
1115 29256 480525 
1116 959282 801898 
1117 498550 273524 
1118 988618 588591 
1119 651915 887187 
1120 295800 585041 
1121 637254 193163 
1122 396650 664502 
1123 382016 521249 
1124 939635 294598 
1125 157002 938474 
1126 301308 870252 
1127 951282 581906 
1128 108568 430825 
1129 496741 943048 
1130 118 655828 
1131 885422 363338 
1132 282415 765618 
1133 945821 472392 
1134 363264 796910 
1135 471106 762231 
1136 655057 691957 
1137 636377 350197 
1138 127155 90992 
1139 102976 474900 
1140 582249 828191 
1141 978914 425094 
1142 261853 571855 
1143 876408 831011 
1144 239732 993208 
1145 293158 392857 
1146 148155 576309 
1147 181569 870960 
1148 503552 838944 
1149 135024 689016 
1150 395454 893321 
1151 95856 992914 
1152 22320 730131 
1153 661105 120985 
1154 607622 800300 
1155 868382 822507 
1156 622837 766759 
1157 891066 35479 
1158 626025 528312 
1159 405733 416421 
1160 627734 680843 
1161 874367 333116 
1162 458796 714177 
1163 52003 577972 
1164 307881 86152 
1165 802260 704185 
1166 42568 765141 
1167 283446 423832 
1168 805143 491201 
1169 662515 871593 
1170 390054 853437 
1171 307198 831449 
1172 552475 478132 
1173 766772 676179 
1174 217187 871036 
1175 422174 882571 
1176 137539 633911 
1177 610963 180135 
1178 487948 907980 
1179 590523 386314 
1180 785325 541502 
1181 933806 138302 
1182 928418 362726 
1183 136506 841916 
1184 510539 65169 
1185 281284 580123 
1186 686615 369336 
1187 882886 752020 
1188 928095 130584 
1189 585654 798574 
1190 687951 539950 
1191 619527 748490 
1192 828863 241297 
1193 29704 978445 
1194 317280 71531 
1195 125931 602917 
1196 12049 74837 
1197 914593 302394 
1198 819921 184462 
1199 990304 91891 
1200 431055 813656 
1201 938630 819554 
1202 40606 516144 
1203 244887 709517 
1204 722948 605480 
1205 479522 445146 
1206 810994 263458 
1207 72451 621014 
1208 949069 216811 
1209 794113 442082 
1210 675306 252465 
1211 830231 176378 
1212 121689 659363 
1213 357904 296803 
1214 331032 765476 
1215 297099 77105 
1216 674281 79211 
1217 527583 943538 
1218 718654 265274 
1219 78039 593595 
1220 5008 133944 
1221 134174 806796 
1222 220878 733165 
1223 543606 391330 
1224 500147 315098 
1225 796578 265946 
1226 716016 644595 
1227 917668 194237 
1228 26377 260154 
1229 31073 459116 
1230 105212 362809 
1231 791520 616489 
1232 408411 666844 
1233 602993 955327 
1234 827579 970152 
1235 53994 111824 
1236 234181 359772 
1237 870669 58809 
1238 185193 525859 
1239 204357 831523 
1240 81971 978098 
1241 594319 893097 
1242 745910 41156 
1243 45622 408481 
1244 241956 575792 
1245 11446 510729 
1246 577984 742435 
1247 38530 219600 
1248 483946 898112 
1249 204578 997886 
1250 217881 773137 
1251 117044 709696 
1252 371112 806248 
1253 17106 60692 
1254 630471 834710 
1255 863700 209037 
1256 211538 268359 
1257 440492 904964 
1258 870206 307256 
1259 306352 439899 
1260 715823 596951 
1261 356597 921839 
1262 734376 515574 
1263 909590 5210 
1264 689690 535531 
1265 760468 174305 
1266 111901 320774 
1267 166295 138497 
1268 572092 736495 
1269 90707 112657 
1270 295530 300572 
1271 996294 399252 
1272 951187 765613 
1273 44701 449245 
1274 423950 547940 
1275 584119 272287 
1276 308014 854596 
1277 4801 654928 
1278 577272 224005 
1279 696128 283258 
1280 450287 828592 
1281 9325 473054 
1282 2250 725469 
1283 425082 85829 
1284 277319 901383 
1285 721331 314340 
1286 655960 750601 
1287 605760 852459 
1288 110908 37624 
1289 92166 741674 
1290 871337 458972 
1291 790574 261984 
1292 405733 936075 
1293 287869 512226 
1294 492532 876580 
1295 380130 149541 
1296 92652 168485 
1297 584719 376360 
1298 758564 835498 
1299 657663 708736 
1300 852555 713667 
1301 738133 110977 
1302 426965 520624 
1303 723557 706118 
1304 661519 237819 
1305 812428 154526 
1306 6292 922290 
1307 596345 888211 
1308 27608 337984 
1309 59791 378008 
1310 775969 718375 
1311 509347 711054 
1312 717462 773213 
1313 101728 187891 
1314 37232 882240 
1315 138570 876648 
1316 9677 244278 
1317 710239 958173 
1318 902755 684837 
1319 63257 202459 
1320 205585 826252 
1321 953873 829933 
1322 523153 169724 
1323 40894 149548 
1324 643146 554231 
1325 19482 97574 
1326 671554 130915 
1327 615141 971242 
1328 959665 138027 
1329 324035 108979 
1330 866737 919411 
1331 469248 767855 
1332 976849 775669 
1333 585140 526954 
1334 259848 287485 
1335 153794 284060 
1336 724614 253821 
1337 807802 945355 
1338 52134 224078 
1339 991390 570398 
1340 416512 468164 
1341 100290 185664 
1342 506076 987052 
1343 300364 666029 
1344 354049 98021 
1345 480411 354268 
1346 85035 377880 
1347 630981 692169 
1348 382170 981077 
1349 199352 223646 
1350 795015 129035 
1351 431873 847613 
1352 867634 351588 
1353 507499 438445 
1354 917718 424827 
1355 741504 984414 
1356 747262 881787 
1357 569963 302362 
1358 400433 816789 
1359 386237 890571 
1360 753353 335901 
1361 79950 695779 
1362 370786 739522 
1363 466876 299819 
1364 207085 857064 
1365 403151 602860 
1366 643492 972580 
1367 780669 920948 
1368 548760 716051 
1369 893192 384069 
1370 976294 263895 
1371 197573 411552 
1372 719048 577967 
1373 197369 911273 
1374 913863 493170 
1375 761948 193143 
1376 704271 240296 
1377 327615 915578 
1378 257435 744901 
1379 654857 402057 
1380 263951 151171 
1381 221085 193416 
1382 817380 239323 
1383 93080 302003 
1384 406269 766815 
1385 397302 412489 
1386 45913 207927 
1387 851860 999511 
1388 263522 839862 
1389 646032 254239 
1390 461026 500184 
1391 711500 779878 
1392 457749 889114 
1393 136658 719575 
1394 61273 589174 
1395 436753 308823 
1396 30785 124602 
1397 946694 635622 
1398 822410 320516 
1399 830326 670126 
1400 348645 800220 
1401 201239 165228 
1402 29747 379694 
1403 375886 869496 
1404 846671 19682 
1405 385363 573746 
1406 80260 916954 
1407 910578 350155 
1408 839071 834375 
1409 159594 625325 
1410 955872 200872 
1411 158520 196360 
1412 977482 228257 
1413 273006 296890 
1414 143962 633204 
1415 539708 708378 
1416 798612 166302 
1417 961552 890210 
1418 115320 324112 
1419 771930 346486 
1420 288596 695496 
1421 861416 553749 
1422 392947 402188 
1423 64177 75547 
1424 399411 913987 
1425 965101 761904 
1426 895092 123376 
1427 952097 540945 
1428 478125 146508 
1429 488057 649657 
1430 598872 939582 
1431 302285 116395 
1432 958733 56185 
1433 3846 558239 
1434 569325 986226 
1435 987994 610183 
1436 622069 164797 
1437 250738 589948 
1438 77554 378563 
1439 116141 562250 
1440 296339 577570 
1441 782526 127445 
1442 649754 413857 
1443 71793 66214 
1444 469485 852430 
1445 608075 611286 
1446 269065 926519 
1447 786894 797781 
1448 454870 798337 
1449 857115 987927 
1450 804437 290152 
1451 280242 763165 
1452 633589 271379 
1453 342934 213083 
1454 953029 315475 
1455 517708 538827 
1456 972165 43000 
1457 745153 242382 
1458 274645 46800 
1459 528907 723898 
1460 310095 899965 
1461 608392 293444 
1462 235568 499634 
1463 685027 676427 
1464 419441 830666 
1465 419381 204543 
1466 329140 93508 
1467 718791 803372 
1468 894170 307359 
1469 588086 374375 
1470 478769 597262 
1471 715119 494739 
1472 659339 65112 
1473 315546 325776 
1474 74730 982160 
1475 544404 704514 
1476 418199 727531 
1477 559316 33593 
1478 828945 821187 
1479 653935 399938 
1480 854435 214183 
1481 300214 192841 
1482 518606 481180 
1483 924605 497449 
1484 956262 510133 
1485 789239 433042 
1486 60153 38858 
1487 147197 142294 
1488 101929 18776 
1489 725997 867344 
1490 648859 123637 
1491 267119 30513 
1492 44872 747630 
1493 925139 868649 
1494 810929 29823 
1495 738710 122926 
1496 565039 658990 
1497 474436 334763 
1498 948456 663492 
1499 302583 707464 
1500 105822 921897 
1501 312573 358802 
1502 123489 954203 
1503 912919 214920 
1504 587813 12362 
1505 953886 140801 
1506 785518 523348 
1507 375425 146684 
1508 276967 546008 
1509 702697 388870 
1510 425299 416697 
1511 367997 628354 
1512 889371 288049 
1513 498241 822872 
1514 287941 148303 
1515 767385 102141 
1516 698758 909519 
1517 236972 283610 
1518 512878 486548 
1519 981668 539804 
1520 745985 479108 
1521 424721 178327 
1522 501478 509312 
1523 813613 576663 
1524 855097 670590 
1525 690362 968517 
1526 994427 956422 
1527 599752 77811 
1528 384361 880581 
1529 36499 242308 
1530 952234 870353 
1531 220168 739707 
1532 117921 726842 
1533 210600 268382 
1534 787299 844361 
1535 622534 708486 
1536 687298 217112 
1537 86570 202694 
1538 514248 863117 
1539 993496 27638 
1540 57919 628085 
1541 792810 344027 
1542 803309 523321 
1543 653210 67124 
1544 340446 689727 
1545 50588 161188 
1546 732377 856159 
1547 583464 166071 
1548 347188 893952 
1549 377685 739090 
1550 610692 380879 
1551 729121 243836 
1552 230444 292763 
1553 244877 389699 
1554 210262 116624 
1555 679781 659276 
1556 401472 470351 
1557 227294 150715 
1558 78318 462502 
1559 625496 859963 
1560 834174 870641 
1561 650242 791402 
1562 118936 166284 
1563 201436 319204 
1564 518915 331443 
1565 143128 883115 
1566 787541 546553 
1567 559642 430384 
1568 732995 72673 
1569 350431 800832 
1570 79574 382493 
1571 693497 382606 
1572 568319 137505 
1573 798392 741593 
1574 318849 231778 
1575 10789 828665 
1576 995148 64624 
1577 736744 690572 
1578 283178 340461 
1579 216521 432503 
1580 725650 409769 
1581 196627 551451 
1582 711579 168796 
1583 790740 255510 
1584 844170 86334 
1585 449602 515443 
1586 777100 172935 
1587 979064 479727 
1588 471871 292670 
1589 270493 448361 
1590 11114 431104 
1591 822373 687525 
1592 425357 881104 
1593 212017 148860 
1594 104788 799957 
1595 246034 195300 
1596 739813 8308 
1597 636267 637528 
1598 943640 768138 
1599 372148 948580 
1600 313606 370118 
1601 587739 867727 
1602 486842 915810 
1603 809541 645924 
1604 583237 913468 
1605 547122 738975 
1606 407406 451925 
1607 99006 384241 
1608 251078 215525 
1609 593539 486128 
1610 889816 589272 
1611 616924 141279 
1612 481279 103977 
1613 835269 59989 
1614 496979 907354 
1615 858590 598220 
1616 950779 805517 
1617 5646 530376 
1618 978086 295426 
1619 519044 640033 
1620 7701 538670 
1621 176921 719279 
1622 654800 30388 
1623 497809 267474 
1624 327160 399682 
1625 64321 33947 
1626 618812 140491 
1627 384138 999707 
1628 523750 467676 
1629 761027 607622 
1630 342925 805918 
1631 993461 818498 
1632 829741 906023 
1633 92991 154002 
1634 997267 937852 
1635 758874 324506 
1636 725618 526311 
1637 470263 982158 
1638 858516 289649 
1639 271493 428923 
1640 139306 155261 
1641 994127 642418 
1642 466948 926017 
1643 939841 438092 
1644 120092 210401 
1645 619083 904607 
1646 852940 438378 
1647 220702 656764 
1648 422496 532840 
1649 814675 820513 
1650 802758 339172 
1651 797163 59010 
1652 66594 163197 
1653 524273 447919 
1654 625534 333217 
1655 848444 288801 
1656 244255 412521 
1657 412112 224679 
1658 272562 486799 
1659 857188 316712 
1660 913637 535308 
1661 982079 819668 
1662 526419 832658 
1663 481148 452268 
1664 330519 608291 
1665 279660 986858 
1666 551682 138253 
1667 407642 123981 
1668 413479 720450 
1669 21993 454085 
1670 477459 261976 
1671 182682 453944 
1672 87834 481241 
1673 434346 440687 
1674 826764 479752 
1675 775896 589281 
1676 750215 888497 
1677 178244 962841 
1678 942310 983083 
1679 486131 936454 
1680 944919 274414 
1681 815471 955295 
1682 829643 181515 
1683 769228 308401 
1684 590598 844108 
1685 580229 352774 
1686 292694 225896 
1687 902916 721204 
1688 164704 472355 
1689 159104 451391 
1690 529685 100672 
1691 202241 42540 
1692 430852 152228 
1693 779327 528035 
1694 643658 767113 
1695 661096 734975 
1696 286500 467483 
1697 734209 154166 
1698 548837 383154 
1699 405668 396704 
1700 30851 375405 
1701 682215 841126 
1702 101515 448487 
1703 100637 869832 
1704 686773 169945 
1705 418934 583242 
1706 965906 428236 
1707 121922 485756 
1708 310497 916729 
1709 151827 837669 
1710 696898 156671 
1711 697279 693131 
1712 192706 552191 
1713 473412 977890 
1714 989076 377367 
1715 652359 754511 
1716 77985 538810 
1717 93557 348375 
1718 328694 253225 
1719 884618 82793 
1720 44252 121232 
1721 131312 292036 
1722 330181 208895 
1723 690879 197382 
1724 706594 212675 
1725 754851 749459 
1726 249490 367777 
1727 191643 668446 
1728 233524 789998 
1729 108318 437463 
1730 625437 31438 
1731 261336 9713 
1732 67749 108807 
1733 183122 672334 
1734 3484 513665 
1735 221615 287882 
1736 259035 176924 
1737 957010 37089 
1738 674228 144622 
1739 738973 115966 
1740 670027 773208 
1741 83029 118113 
1742 180542 788419 
1743 378529 434091 
1744 392512 416188 
1745 75441 919241 
1746 164227 685418 
1747 951676 119803 
1748 93267 846312 
1749 21537 541696 
1750 449856 269059 
1751 896303 480608 
1752 812468 765905 
1753 73408 774869 
1754 167331 425324 
1755 155392 510231 
1756 565919 854730 
1757 61707 799043 
1758 266123 844730 
1759 498612 696615 
1760 673000 452989 
1761 914723 270572 
1762 12747 187263 
1763 999958 632673 
1764 549295 979249 
1765 155720 493152 
1766 715175 51076 
1767 306478 934175 
1768 334636 38531 
1769 673758 10133 
1770 563540 862221 
1771 381259 942470 
1772 49508 554542 
1773 381547 59821 
1774 437564 161754 
1775 775929 257222 
1776 756848 778565 
1777 59478 830197 
1778 663032 883490 
1779 488715 882710 
1780 746237 370997 
1781 677353 837858 
1782 257107 23191 
1783 959250 103802 
1784 282502 875078 
1785 163152 466515 
1786 133645 880358 
1787 104098 907327 
1788 851868 138200 
1789 154584 599060 
1790 587157 178870 
1791 515860 672891 
1792 588382 866664 
1793 743024 981719 
1794 672909 176358 
1795 947774 282255 
1796 466560 380170 
1797 130922 681082 
1798 172746 314832 
1799 155324 705574 
1800 963208 697390 
1801 113146 667461 
1802 967249 464906 
1803 510442 534965 
1804 862603 347357 
1805 509685 554795 
1806 983195 543458 
1807 196712 126459 
1808 756148 684026 
1809 502163 37382 
1810 110097 134687 
1811 169940 581056 
1812 460157 793795 
1813 584878 194716 
1814 267727 102788 
1815 21458 71383 
1816 448116 596622 
1817 814976 365534 
1818 641509 450254 
1819 871111 35037 
1820 185911 946255 
1821 542184 924069 
1822 166993 959218 
1823 911193 829241 
1824 570935 487374 
1825 699237 226678 
1826 946437 638498 
1827 34032 286492 
1828 431160 451827 
1829 509657 361213 
1830 700263 436423 
1831 567480 227456 
1832 962831 329596 
1833 591430 202194 
1834 227275 377349 
1835 168284 721387 
1836 879138 405314 
1837 137492 135544 
1838 426555 747324 
1839 88908 18154 
1840 392555 967482 
1841 157385 400795 
1842 111407 577282 
1843 789687 986392 
1844 578165 526831 
1845 884239 552143 
1846 399765 261099 
1847 254993 118166 
1848 586205 663946 
1849 321777 732309 
1850 210953 144772 
1851 989838 842962 
1852 148370 986892 
1853 763357 600 
1854 432093 509393 
1855 634148 583490 
1856 463572 587152 
1857 879779 940009 
1858 299538 712916 
1859 29389 734504 
1860 364280 331468 
1861 724019 545480 
1862 27677 799879 
1863 525250 233293 
1864 974370 461070 
1865 208995 842652 
1866 270114 679005 
1867 465472 930055 
1868 840968 648000 
1869 554343 719351 
1870 768316 405191 
1871 475526 840245 
1872 664758 168166 
1873 816662 860565 
1874 502515 367275 
1875 573205 116543 
1876 520452 526428 
1877 59243 763035 
1878 294659 35308 
1879 773294 733400 
1880 844705 271386 
1881 531137 789849 
1882 481179 12903 
1883 51863 881342 
1884 264331 985458 
1885 881302 945034 
1886 661275 466737 
1887 301974 733878 
1888 908308 475918 
1889 200008 91793 
1890 360596 388955 
1891 491699 117266 
1892 860382 659956 
1893 14618 691900 
1894 434444 549488 
1895 895738 945964 
1896 484831 536579 
1897 962031 279490 
1898 733687 219827 
1899 777846 148010 
1900 367006 743285 
1901 664013 256134 
1902 216446 723364 
1903 874103 385850 
1904 34547 929117 
1905 991388 952723 
1906 689659 526457 
1907 106957 217172 
1908 99786 656872 
1909 921252 813471 
1910 125242 431527 
1911 186697 555837 
1912 86944 820509 
1913 679890 197386 
1914 740154 886808 
1915 371330 691392 
1916 344132 813471 
1917 266930 686878 
1918 138793 166963 
1919 5582 491828 
1920 182871 980135 
1921 930166 347982 
1922 827563 949657 
1923 164484 970107 
1924 650764 155532 
1925 333549 232824 
1926 25684 706787 
1927 905472 68350 
1928 74472 261564 
1929 561612 800229 
1930 252520 443367 
1931 362591 488627 
1932 859970 798978 
1933 589032 279942 
1934 742049 77234 
1935 21758 543321 
1936 764291 751232 
1937 564090 97782 
1938 123433 243149 
1939 819710 516152 
1940 387815 794292 
1941 209241 462844 
1942 78427 219066 
1943 610627 319588 
1944 221370 922868 
1945 779458 558407 
1946 227014 963958 
1947 36592 262777 
1948 858268 553779 
1949 253139 599410 
1950 211049 866998 
1951 502764 967389 
1952 908221 923196 
1953 396555 52607 
1954 311672 515179 
1955 377119 353410 
1956 290848 894963 
1957 863564 777886 
1958 748437 936448 
1959 100405 971875 
1960 731036 912985 
1961 254489 490917 
1962 810071 309720 
1963 394393 859075 
1964 571477 187014 
1965 407575 814998 
1966 669638 476819 
1967 954811 958963 
1968 27207 134574 
1969 696143 309278 
1970 963484 527495 
1971 7498 881547 
1972 288763 932255 
1973 282794 238545 
1974 388677 873608 
1975 897530 958318 
1976 787728 920831 
1977 774003 185137 
1978 305375 809250 
1979 381823 296584 
1980 954291 305807 
1981 725401 681126 
1982 214202 2267 
1983 733263 394768 
1984 757798 927660 
1985 226601 662661 
1986 437593 359028 
1987 21604 720584 
1988 267452 596426 
1989 146519 384075 
1990 729775 405094 
1991 13303 461626 
1992 871386 972025 
1993 351286 694241 
1994 831138 344103 
1995 774406 916922 
1996 316024 976930 
1997 532347 185367 
1998 974795 386852 
1999 992014 923496 
2000 84766 525193 
