npieces: 500
capacity: 369204
1 608 488 
2 640 796 
3 1064 854 
4 640 796 
5 1120 1393 
6 1520 1220 
7 480 597 
8 1600 1990 
9 1368 1098 
10 1120 1393 
11 1520 1220 
12 320 398 
13 320 398 
14 640 796 
15 1520 1220 
16 912 732 
17 320 398 
18 640 796 
19 800 995 
20 640 796 
21 1216 976 
22 320 398 
23 480 597 
24 1368 1098 
25 1368 1098 
26 1120 1393 
27 960 1194 
28 304 244 
29 1064 854 
30 608 488 
31 456 366 
32 960 1194 
33 480 597 
34 1368 1098 
35 152 122 
36 960 1194 
37 760 610 
38 640 796 
39 1064 854 
40 160 199 
41 304 244 
42 608 488 
43 760 610 
44 480 597 
45 480 597 
46 912 732 
47 1440 1791 
48 1120 1393 
49 152 122 
50 1120 1393 
51 1064 854 
52 1440 1791 
53 1120 1393 
54 480 597 
55 1600 1990 
56 1216 976 
57 1280 1592 
58 640 796 
59 760 610 
60 480 597 
61 320 398 
62 640 796 
63 152 122 
64 160 199 
65 1440 1791 
66 760 610 
67 1600 1990 
68 320 398 
69 480 597 
70 800 995 
71 456 366 
72 760 610 
73 912 732 
74 480 597 
75 1216 976 
76 1368 1098 
77 1064 854 
78 160 199 
79 1440 1791 
80 1064 854 
81 1520 1220 
82 480 597 
83 480 597 
84 1280 1592 
85 912 732 
86 1520 1220 
87 1368 1098 
88 608 488 
89 960 1194 
90 1368 1098 
91 960 1194 
92 640 796 
93 304 244 
94 800 995 
95 304 244 
96 1216 976 
97 1064 854 
98 456 366 
99 1064 854 
100 1064 854 
101 1600 1990 
102 1520 1220 
103 1600 1990 
104 760 610 
105 304 244 
106 1368 1098 
107 1280 1592 
108 608 488 
109 480 597 
110 456 366 
111 1280 1592 
112 152 122 
113 800 995 
114 1120 1393 
115 1216 976 
116 1440 1791 
117 456 366 
118 960 1194 
119 760 610 
120 1120 1393 
121 160 199 
122 456 366 
123 1600 1990 
124 800 995 
125 1216 976 
126 608 488 
127 1280 1592 
128 640 796 
129 960 1194 
130 608 488 
131 1520 1220 
132 1440 1791 
133 1216 976 
134 480 597 
135 608 488 
136 1368 1098 
137 480 597 
138 800 995 
139 800 995 
140 304 244 
141 760 610 
142 1600 1990 
143 800 995 
144 304 244 
145 640 796 
146 960 1194 
147 760 610 
148 912 732 
149 1120 1393 
150 1120 1393 
151 304 244 
152 152 122 
153 1600 1990 
154 1440 1791 
155 304 244 
156 1520 1220 
157 456 366 
158 480 597 
159 760 610 
160 760 610 
161 608 488 
162 320 398 
163 320 398 
164 1520 1220 
165 480 597 
166 1120 1393 
167 912 732 
168 304 244 
169 1064 854 
170 320 398 
171 912 732 
172 1064 854 
173 456 366 
174 160 199 
175 1216 976 
176 1216 976 
177 1600 1990 
178 760 610 
179 160 199 
180 760 610 
181 912 732 
182 160 199 
183 760 610 
184 912 732 
185 480 597 
186 160 199 
187 1064 854 
188 456 366 
189 1064 854 
190 1120 1393 
191 456 366 
192 800 995 
193 160 199 
194 640 796 
195 760 610 
196 456 366 
197 1120 1393 
198 608 488 
199 1440 1791 
200 1368 1098 
201 608 488 
202 800 995 
203 1368 1098 
204 1064 854 
205 456 366 
206 1280 1592 
207 960 1194 
208 640 796 
209 640 796 
210 1368 1098 
211 800 995 
212 456 366 
213 608 488 
214 1520 1220 
215 1216 976 
216 760 610 
217 1216 976 
218 304 244 
219 320 398 
220 1440 1791 
221 320 398 
222 1520 1220 
223 1520 1220 
224 1064 854 
225 640 796 
226 456 366 
227 1600 1990 
228 1280 1592 
229 1064 854 
230 1520 1220 
231 1368 1098 
232 1440 1791 
233 1120 1393 
234 640 796 
235 1120 1393 
236 760 610 
237 760 610 
238 1440 1791 
239 800 995 
240 800 995 
241 1120 1393 
242 1520 1220 
243 760 610 
244 1520 1220 
245 152 122 
246 640 796 
247 320 398 
248 1280 1592 
249 304 244 
250 152 122 
251 960 1194 
252 800 995 
253 1368 1098 
254 608 488 
255 304 244 
256 800 995 
257 1440 1791 
258 640 796 
259 912 732 
260 1440 1791 
261 1440 1791 
262 1280 1592 
263 1120 1393 
264 640 796 
265 304 244 
266 320 398 
267 1120 1393 
268 456 366 
269 1440 1791 
270 640 796 
271 480 597 
272 320 398 
273 1216 976 
274 800 995 
275 152 122 
276 640 796 
277 1120 1393 
278 1280 1592 
279 1064 854 
280 1368 1098 
281 640 796 
282 1520 1220 
283 1280 1592 
284 1520 1220 
285 480 597 
286 456 366 
287 1120 1393 
288 800 995 
289 608 488 
290 640 796 
291 1280 1592 
292 800 995 
293 160 199 
294 608 488 
295 456 366 
296 320 398 
297 760 610 
298 1064 854 
299 304 244 
300 1368 1098 
301 304 244 
302 912 732 
303 1520 1220 
304 960 1194 
305 1120 1393 
306 480 597 
307 1216 976 
308 1600 1990 
309 960 1194 
310 320 398 
311 1600 1990 
312 1064 854 
313 912 732 
314 640 796 
315 960 1194 
316 1368 1098 
317 960 1194 
318 456 366 
319 608 488 
320 760 610 
321 320 398 
322 1440 1791 
323 160 199 
324 320 398 
325 1368 1098 
326 152 122 
327 152 122 
328 152 122 
329 800 995 
330 160 199 
331 800 995 
332 304 244 
333 160 199 
334 1440 1791 
335 1368 1098 
336 152 122 
337 1520 1220 
338 800 995 
339 1120 1393 
340 304 244 
341 1120 1393 
342 152 122 
343 960 1194 
344 1064 854 
345 1600 1990 
346 480 597 
347 1120 1393 
348 1280 1592 
349 1440 1791 
350 800 995 
351 152 122 
352 456 366 
353 1600 1990 
354 640 796 
355 1216 976 
356 608 488 
357 960 1194 
358 320 398 
359 456 366 
360 960 1194 
361 800 995 
362 960 1194 
363 1064 854 
364 912 732 
365 480 597 
366 912 732 
367 1520 1220 
368 800 995 
369 1368 1098 
370 1216 976 
371 320 398 
372 152 122 
373 1368 1098 
374 912 732 
375 160 199 
376 160 199 
377 1520 1220 
378 152 122 
379 480 597 
380 480 597 
381 480 597 
382 1120 1393 
383 1064 854 
384 1064 854 
385 320 398 
386 960 1194 
387 1520 1220 
388 1216 976 
389 1120 1393 
390 1280 1592 
391 152 122 
392 1440 1791 
393 456 366 
394 1216 976 
395 160 199 
396 760 610 
397 1280 1592 
398 640 796 
399 640 796 
400 160 199 
401 304 244 
402 1520 1220 
403 320 398 
404 800 995 
405 456 366 
406 304 244 
407 1064 854 
408 1600 1990 
409 1120 1393 
410 1064 854 
411 1440 1791 
412 608 488 
413 1216 976 
414 456 366 
415 912 732 
416 1440 1791 
417 608 488 
418 304 244 
419 1600 1990 
420 320 398 
421 1064 854 
422 640 796 
423 760 610 
424 640 796 
425 1368 1098 
426 304 244 
427 960 1194 
428 304 244 
429 1600 1990 
430 160 199 
431 1280 1592 
432 640 796 
433 640 796 
434 640 796 
435 760 610 
436 1280 1592 
437 160 199 
438 304 244 
439 960 1194 
440 160 199 
441 1280 1592 
442 320 398 
443 760 610 
444 1064 854 
445 480 597 
446 1440 1791 
447 1440 1791 
448 1064 854 
449 160 199 
450 480 597 
451 1120 1393 
452 320 398 
453 1600 1990 
454 608 488 
455 456 366 
456 912 732 
457 1064 854 
458 1216 976 
459 456 366 
460 304 244 
461 608 488 
462 456 366 
463 1520 1220 
464 1368 1098 
465 160 199 
466 1064 854 
467 1064 854 
468 1216 976 
469 1064 854 
470 608 488 
471 320 398 
472 480 597 
473 1368 1098 
474 1280 1592 
475 1280 1592 
476 640 796 
477 608 488 
478 1520 1220 
479 1216 976 
480 160 199 
481 304 244 
482 1280 1592 
483 1280 1592 
484 912 732 
485 1280 1592 
486 480 597 
487 1064 854 
488 320 398 
489 960 1194 
490 1440 1791 
491 456 366 
492 608 488 
493 640 796 
494 456 366 
495 480 597 
496 480 597 
497 152 122 
498 608 488 
499 1368 1098 
500 1368 1098 
