npieces: 5000
capacity: 1222992
1 586 476 
2 915 104 
3 156 814 
4 272 551 
5 278 928 
6 629 462 
7 198 897 
8 632 816 
9 435 289 
10 991 118 
11 971 752 
12 15 487 
13 383 360 
14 822 400 
15 83 153 
16 640 801 
17 170 193 
18 470 444 
19 687 669 
20 6 826 
21 286 25 
22 347 436 
23 472 168 
24 564 107 
25 693 369 
26 483 460 
27 404 342 
28 532 68 
29 294 610 
30 917 99 
31 377 334 
32 716 24 
33 80 136 
34 931 41 
35 600 656 
36 217 781 
37 205 24 
38 979 193 
39 683 88 
40 904 67 
41 568 443 
42 986 750 
43 134 194 
44 503 170 
45 63 523 
46 927 895 
47 865 414 
48 913 238 
49 185 195 
50 30 348 
51 939 347 
52 479 748 
53 215 657 
54 409 112 
55 1000 565 
56 494 428 
57 423 933 
58 560 359 
59 92 576 
60 199 342 
61 420 881 
62 698 791 
63 278 356 
64 394 471 
65 623 280 
66 729 256 
67 309 177 
68 874 843 
69 865 536 
70 538 574 
71 877 506 
72 307 122 
73 285 202 
74 474 347 
75 171 164 
76 390 861 
77 338 679 
78 9 207 
79 20 653 
80 884 127 
81 271 714 
82 754 354 
83 402 439 
84 702 190 
85 925 650 
86 25 982 
87 686 252 
88 547 1000 
89 168 622 
90 259 47 
91 166 657 
92 706 689 
93 590 273 
94 449 788 
95 184 196 
96 147 561 
97 781 469 
98 36 581 
99 165 744 
100 361 432 
101 153 561 
102 226 876 
103 807 686 
104 666 900 
105 859 197 
106 767 70 
107 978 611 
108 13 103 
109 698 787 
110 869 337 
111 998 983 
112 770 659 
113 174 293 
114 780 813 
115 434 673 
116 149 399 
117 71 715 
118 89 789 
119 466 997 
120 131 713 
121 546 292 
122 699 877 
123 610 648 
124 587 507 
125 236 553 
126 881 467 
127 161 840 
128 542 288 
129 116 671 
130 21 511 
131 631 246 
132 607 757 
133 532 219 
134 707 260 
135 510 5 
136 52 858 
137 321 45 
138 482 471 
139 483 170 
140 722 912 
141 230 207 
142 457 781 
143 726 411 
144 76 811 
145 180 437 
146 115 518 
147 213 98 
148 555 415 
149 541 85 
150 419 470 
151 493 249 
152 15 949 
153 996 62 
154 864 600 
155 601 702 
156 580 188 
157 678 242 
158 457 771 
159 400 798 
160 909 905 
161 659 117 
162 354 575 
163 778 794 
164 349 562 
165 93 117 
166 405 734 
167 411 999 
168 616 76 
169 966 490 
170 913 381 
171 511 551 
172 326 690 
173 518 805 
174 798 602 
175 395 339 
176 680 711 
177 243 914 
178 102 405 
179 746 826 
180 617 560 
181 855 735 
182 518 745 
183 477 200 
184 613 364 
185 981 501 
186 378 185 
187 233 34 
188 796 477 
189 308 644 
190 419 141 
191 757 350 
192 64 471 
193 674 536 
194 484 908 
195 984 341 
196 154 134 
197 697 616 
198 968 546 
199 695 763 
200 872 721 
201 956 331 
202 454 897 
203 92 563 
204 666 267 
205 522 203 
206 597 345 
207 231 4 
208 728 454 
209 954 563 
210 743 945 
211 785 632 
212 117 240 
213 349 99 
214 961 141 
215 596 594 
216 783 279 
217 399 72 
218 321 784 
219 940 813 
220 235 446 
221 390 494 
222 719 889 
223 976 513 
224 117 640 
225 961 944 
226 708 40 
227 776 503 
228 78 449 
229 33 819 
230 53 431 
231 256 689 
232 459 610 
233 530 801 
234 976 386 
235 452 461 
236 285 756 
237 299 361 
238 389 41 
239 42 865 
240 539 945 
241 601 905 
242 741 323 
243 130 357 
244 856 263 
245 456 518 
246 526 411 
247 824 910 
248 579 518 
249 305 440 
250 534 20 
251 520 367 
252 26 863 
253 716 761 
254 347 542 
255 753 751 
256 85 493 
257 848 180 
258 616 344 
259 707 815 
260 273 173 
261 237 311 
262 370 13 
263 88 987 
264 194 847 
265 841 795 
266 183 2 
267 846 902 
268 831 12 
269 703 9 
270 733 75 
271 922 400 
272 617 479 
273 320 236 
274 297 523 
275 550 33 
276 195 174 
277 246 787 
278 749 730 
279 259 517 
280 579 680 
281 148 853 
282 607 134 
283 551 783 
284 871 103 
285 695 412 
286 504 397 
287 840 359 
288 113 157 
289 207 637 
290 458 711 
291 967 974 
292 579 864 
293 358 324 
294 593 230 
295 222 351 
296 11 855 
297 47 538 
298 59 862 
299 73 822 
300 607 12 
301 936 96 
302 375 239 
303 928 778 
304 794 521 
305 568 707 
306 569 512 
307 259 627 
308 269 389 
309 593 128 
310 284 995 
311 924 510 
312 222 862 
313 966 566 
314 606 446 
315 944 998 
316 412 342 
317 125 449 
318 215 741 
319 582 874 
320 311 993 
321 734 322 
322 353 3 
323 437 156 
324 140 746 
325 563 945 
326 985 15 
327 178 550 
328 895 899 
329 509 694 
330 212 745 
331 87 100 
332 984 195 
333 124 57 
334 370 660 
335 957 782 
336 62 815 
337 799 895 
338 759 507 
339 778 124 
340 950 356 
341 295 445 
342 940 142 
343 83 394 
344 140 992 
345 505 292 
346 753 379 
347 715 980 
348 495 590 
349 408 85 
350 798 231 
351 841 464 
352 161 208 
353 86 4 
354 125 364 
355 886 600 
356 877 557 
357 75 167 
358 666 499 
359 84 679 
360 887 938 
361 820 742 
362 682 737 
363 679 81 
364 935 258 
365 341 674 
366 719 331 
367 943 653 
368 837 464 
369 471 111 
370 41 35 
371 532 852 
372 830 218 
373 10 948 
374 158 266 
375 648 856 
376 733 133 
377 531 615 
378 106 286 
379 128 528 
380 770 517 
381 551 427 
382 71 235 
383 955 864 
384 414 163 
385 630 211 
386 750 859 
387 489 51 
388 980 78 
389 560 918 
390 180 808 
391 708 219 
392 650 269 
393 227 323 
394 462 750 
395 674 596 
396 925 377 
397 362 980 
398 964 972 
399 160 838 
400 24 445 
401 190 388 
402 713 25 
403 120 442 
404 525 743 
405 497 866 
406 976 120 
407 836 218 
408 785 350 
409 830 558 
410 472 758 
411 696 339 
412 20 91 
413 794 713 
414 401 385 
415 355 355 
416 782 754 
417 109 791 
418 605 488 
419 446 756 
420 563 112 
421 473 229 
422 583 791 
423 290 113 
424 543 260 
425 969 140 
426 942 705 
427 30 478 
428 867 824 
429 803 838 
430 762 622 
431 295 363 
432 45 46 
433 246 670 
434 414 693 
435 558 279 
436 19 869 
437 780 498 
438 284 760 
439 693 326 
440 344 723 
441 993 418 
442 723 980 
443 329 332 
444 989 754 
445 849 815 
446 268 152 
447 881 57 
448 313 301 
449 573 735 
450 792 763 
451 380 437 
452 217 297 
453 790 149 
454 779 55 
455 159 650 
456 368 814 
457 344 75 
458 740 866 
459 509 647 
460 287 718 
461 112 369 
462 194 442 
463 628 49 
464 438 906 
465 582 972 
466 96 158 
467 318 930 
468 144 506 
469 572 802 
470 553 865 
471 524 236 
472 275 91 
473 236 266 
474 20 400 
475 573 540 
476 541 223 
477 756 71 
478 904 520 
479 229 193 
480 200 403 
481 213 675 
482 273 195 
483 542 219 
484 542 442 
485 368 85 
486 545 105 
487 386 70 
488 964 988 
489 919 909 
490 135 201 
491 413 391 
492 3 763 
493 178 117 
494 859 311 
495 583 11 
496 410 338 
497 446 399 
498 311 453 
499 336 772 
500 861 502 
501 903 379 
502 375 860 
503 58 285 
504 961 655 
505 719 255 
506 353 17 
507 42 907 
508 660 37 
509 132 487 
510 325 683 
511 495 860 
512 329 948 
513 61 124 
514 958 48 
515 561 321 
516 994 930 
517 549 486 
518 927 261 
519 874 565 
520 780 814 
521 606 85 
522 607 541 
523 616 500 
524 518 824 
525 495 185 
526 421 974 
527 672 807 
528 553 782 
529 599 127 
530 115 609 
531 988 357 
532 448 626 
533 22 724 
534 670 409 
535 230 833 
536 681 134 
537 482 241 
538 652 880 
539 666 1000 
540 435 290 
541 607 863 
542 148 646 
543 743 705 
544 622 554 
545 358 90 
546 961 300 
547 942 509 
548 773 226 
549 55 768 
550 503 618 
551 841 118 
552 998 203 
553 462 81 
554 508 415 
555 181 857 
556 224 949 
557 249 286 
558 472 407 
559 280 758 
560 283 357 
561 783 595 
562 180 955 
563 571 396 
564 19 406 
565 610 790 
566 990 63 
567 880 975 
568 197 545 
569 701 615 
570 795 197 
571 652 692 
572 176 999 
573 255 416 
574 795 700 
575 134 985 
576 757 43 
577 182 957 
578 329 917 
579 886 367 
580 439 50 
581 708 762 
582 952 89 
583 430 329 
584 579 300 
585 989 753 
586 830 790 
587 268 92 
588 273 602 
589 6 403 
590 956 377 
591 485 463 
592 24 143 
593 55 612 
594 467 619 
595 99 362 
596 533 289 
597 738 825 
598 608 230 
599 120 408 
600 892 888 
601 985 458 
602 544 655 
603 960 342 
604 341 371 
605 851 130 
606 788 139 
607 554 716 
608 632 951 
609 535 220 
610 62 291 
611 7 768 
612 497 113 
613 262 173 
614 82 946 
615 425 320 
616 156 744 
617 5 247 
618 237 971 
619 469 758 
620 545 974 
621 624 369 
622 153 749 
623 561 107 
624 120 910 
625 784 481 
626 566 297 
627 614 646 
628 782 901 
629 317 588 
630 346 1000 
631 150 204 
632 182 394 
633 213 546 
634 378 655 
635 742 656 
636 713 583 
637 179 853 
638 830 668 
639 221 441 
640 966 703 
641 87 80 
642 264 343 
643 691 128 
644 129 768 
645 428 553 
646 581 276 
647 874 841 
648 8 664 
649 116 96 
650 66 870 
651 56 815 
652 104 42 
653 118 240 
654 927 867 
655 675 97 
656 252 456 
657 209 171 
658 495 988 
659 99 930 
660 934 783 
661 237 480 
662 734 931 
663 690 666 
664 540 688 
665 8 918 
666 953 268 
667 287 39 
668 555 579 
669 303 64 
670 161 302 
671 950 729 
672 583 475 
673 608 112 
674 447 889 
675 873 999 
676 793 214 
677 750 821 
678 977 464 
679 738 4 
680 486 708 
681 468 23 
682 883 486 
683 677 862 
684 991 941 
685 40 455 
686 943 330 
687 619 491 
688 763 333 
689 449 674 
690 917 588 
691 425 627 
692 397 130 
693 874 932 
694 826 55 
695 141 819 
696 428 321 
697 700 823 
698 469 831 
699 281 582 
700 621 374 
701 215 963 
702 637 130 
703 229 651 
704 139 842 
705 777 797 
706 452 809 
707 977 36 
708 944 29 
709 700 882 
710 454 357 
711 39 162 
712 704 155 
713 396 154 
714 610 596 
715 781 860 
716 796 16 
717 582 95 
718 383 203 
719 633 862 
720 364 959 
721 354 645 
722 408 99 
723 986 28 
724 428 291 
725 922 658 
726 720 845 
727 429 494 
728 743 998 
729 24 348 
730 838 432 
731 342 643 
732 423 737 
733 875 303 
734 442 800 
735 498 512 
736 282 286 
737 730 791 
738 629 238 
739 819 935 
740 453 546 
741 318 559 
742 637 332 
743 283 163 
744 781 886 
745 644 50 
746 254 55 
747 543 240 
748 689 907 
749 665 400 
750 993 317 
751 253 501 
752 177 99 
753 739 237 
754 504 686 
755 814 451 
756 873 501 
757 214 159 
758 255 389 
759 940 644 
760 982 231 
761 500 599 
762 989 438 
763 692 599 
764 119 203 
765 979 652 
766 752 863 
767 917 800 
768 205 196 
769 459 93 
770 884 265 
771 775 170 
772 51 808 
773 949 37 
774 988 637 
775 781 54 
776 878 261 
777 140 398 
778 263 664 
779 762 395 
780 109 829 
781 679 665 
782 268 953 
783 719 510 
784 313 924 
785 189 674 
786 141 832 
787 91 432 
788 958 390 
789 783 270 
790 407 479 
791 1 549 
792 504 852 
793 664 557 
794 912 346 
795 869 961 
796 614 341 
797 936 754 
798 568 272 
799 358 682 
800 626 614 
801 828 552 
802 32 649 
803 453 691 
804 727 229 
805 647 972 
806 717 167 
807 244 869 
808 801 615 
809 445 511 
810 325 55 
811 968 965 
812 616 135 
813 994 883 
814 376 319 
815 591 122 
816 148 904 
817 638 443 
818 232 159 
819 450 301 
820 201 591 
821 907 77 
822 57 962 
823 876 713 
824 117 788 
825 325 921 
826 681 188 
827 984 58 
828 973 591 
829 48 912 
830 200 306 
831 54 304 
832 227 820 
833 150 687 
834 665 47 
835 686 602 
836 594 257 
837 94 515 
838 943 155 
839 994 853 
840 511 965 
841 349 845 
842 600 971 
843 80 501 
844 114 713 
845 520 405 
846 229 758 
847 334 328 
848 914 744 
849 647 809 
850 575 348 
851 252 776 
852 380 487 
853 948 988 
854 315 359 
855 725 486 
856 981 47 
857 913 248 
858 670 611 
859 141 105 
860 930 296 
861 965 287 
862 394 951 
863 763 583 
864 751 374 
865 319 131 
866 391 146 
867 432 281 
868 412 630 
869 65 491 
870 890 305 
871 966 320 
872 369 622 
873 798 727 
874 48 629 
875 98 284 
876 875 834 
877 155 168 
878 707 55 
879 162 961 
880 964 811 
881 753 475 
882 204 254 
883 407 777 
884 862 232 
885 217 781 
886 414 741 
887 532 199 
888 608 670 
889 270 973 
890 161 704 
891 580 176 
892 543 185 
893 150 286 
894 412 532 
895 895 801 
896 206 347 
897 273 684 
898 522 716 
899 245 573 
900 382 849 
901 336 244 
902 526 360 
903 449 110 
904 645 835 
905 70 702 
906 782 933 
907 591 401 
908 587 915 
909 2 180 
910 130 410 
911 45 613 
912 128 130 
913 619 570 
914 989 590 
915 541 257 
916 151 727 
917 986 245 
918 211 117 
919 889 194 
920 590 593 
921 171 22 
922 737 602 
923 973 556 
924 227 114 
925 747 150 
926 208 684 
927 497 222 
928 256 188 
929 299 113 
930 434 970 
931 292 505 
932 439 861 
933 979 749 
934 523 473 
935 673 967 
936 709 172 
937 63 26 
938 920 898 
939 149 853 
940 147 651 
941 861 865 
942 899 382 
943 78 835 
944 808 101 
945 860 838 
946 940 220 
947 525 776 
948 400 414 
949 591 359 
950 897 487 
951 340 248 
952 183 368 
953 823 300 
954 950 546 
955 337 616 
956 822 722 
957 876 519 
958 629 509 
959 257 390 
960 949 720 
961 964 91 
962 432 151 
963 405 483 
964 278 168 
965 922 879 
966 73 483 
967 911 770 
968 64 928 
969 704 186 
970 416 453 
971 757 696 
972 641 899 
973 756 725 
974 676 524 
975 365 420 
976 506 611 
977 782 150 
978 40 367 
979 335 101 
980 719 781 
981 504 697 
982 976 458 
983 694 377 
984 396 258 
985 92 191 
986 601 496 
987 206 858 
988 864 706 
989 25 80 
990 355 959 
991 319 448 
992 413 592 
993 254 930 
994 634 305 
995 872 940 
996 717 571 
997 293 689 
998 728 167 
999 300 496 
1000 542 504 
1001 465 39 
1002 789 686 
1003 776 25 
1004 319 931 
1005 360 923 
1006 727 907 
1007 458 999 
1008 96 469 
1009 265 467 
1010 481 32 
1011 595 369 
1012 221 676 
1013 21 596 
1014 856 15 
1015 598 20 
1016 859 376 
1017 706 158 
1018 576 531 
1019 726 611 
1020 473 353 
1021 875 74 
1022 931 532 
1023 347 797 
1024 224 692 
1025 673 173 
1026 370 393 
1027 309 363 
1028 243 813 
1029 341 916 
1030 97 749 
1031 519 160 
1032 687 876 
1033 546 280 
1034 127 356 
1035 77 297 
1036 876 842 
1037 47 705 
1038 163 44 
1039 525 981 
1040 529 914 
1041 675 228 
1042 215 23 
1043 258 916 
1044 507 290 
1045 455 927 
1046 705 421 
1047 267 137 
1048 390 361 
1049 303 777 
1050 309 532 
1051 240 498 
1052 394 232 
1053 160 5 
1054 635 169 
1055 389 940 
1056 631 179 
1057 259 973 
1058 478 246 
1059 740 409 
1060 313 495 
1061 656 976 
1062 691 564 
1063 624 11 
1064 364 91 
1065 563 870 
1066 182 783 
1067 260 728 
1068 176 41 
1069 387 808 
1070 400 367 
1071 559 382 
1072 869 411 
1073 693 787 
1074 715 603 
1075 82 445 
1076 232 648 
1077 996 139 
1078 107 813 
1079 295 810 
1080 980 638 
1081 876 218 
1082 438 402 
1083 964 656 
1084 817 255 
1085 914 432 
1086 637 785 
1087 190 22 
1088 393 374 
1089 461 153 
1090 936 201 
1091 126 814 
1092 965 193 
1093 624 100 
1094 557 453 
1095 663 761 
1096 611 30 
1097 501 385 
1098 362 537 
1099 909 605 
1100 251 423 
1101 130 120 
1102 46 83 
1103 662 993 
1104 589 632 
1105 935 325 
1106 51 349 
1107 436 93 
1108 660 765 
1109 734 208 
1110 94 167 
1111 145 509 
1112 589 567 
1113 938 983 
1114 93 687 
1115 698 436 
1116 192 245 
1117 968 100 
1118 631 634 
1119 748 739 
1120 69 501 
1121 328 707 
1122 279 474 
1123 377 625 
1124 1000 546 
1125 707 401 
1126 713 247 
1127 332 25 
1128 838 668 
1129 686 800 
1130 3 680 
1131 632 49 
1132 845 333 
1133 766 848 
1134 69 185 
1135 492 223 
1136 775 480 
1137 954 765 
1138 481 212 
1139 601 180 
1140 871 258 
1141 396 501 
1142 683 122 
1143 842 282 
1144 905 339 
1145 135 32 
1146 729 152 
1147 378 39 
1148 574 419 
1149 666 904 
1150 227 365 
1151 49 514 
1152 149 623 
1153 258 384 
1154 460 728 
1155 63 643 
1156 11 259 
1157 243 831 
1158 430 283 
1159 711 900 
1160 443 15 
1161 216 780 
1162 18 396 
1163 197 500 
1164 942 323 
1165 446 712 
1166 213 129 
1167 776 552 
1168 140 900 
1169 149 857 
1170 996 313 
1171 744 985 
1172 377 31 
1173 134 555 
1174 80 479 
1175 344 443 
1176 16 435 
1177 949 238 
1178 882 992 
1179 260 745 
1180 907 185 
1181 136 901 
1182 464 569 
1183 444 828 
1184 160 101 
1185 317 19 
1186 741 572 
1187 895 771 
1188 492 659 
1189 87 533 
1190 253 473 
1191 800 578 
1192 540 844 
1193 698 636 
1194 509 119 
1195 692 413 
1196 431 233 
1197 10 642 
1198 343 258 
1199 114 195 
1200 165 724 
1201 184 970 
1202 787 772 
1203 49 733 
1204 506 763 
1205 148 113 
1206 399 846 
1207 596 517 
1208 347 806 
1209 427 737 
1210 888 933 
1211 945 74 
1212 551 446 
1213 178 43 
1214 910 951 
1215 261 160 
1216 214 646 
1217 808 994 
1218 971 541 
1219 905 338 
1220 701 467 
1221 880 220 
1222 164 585 
1223 432 634 
1224 696 518 
1225 204 385 
1226 190 863 
1227 246 164 
1228 566 774 
1229 682 380 
1230 385 69 
1231 674 33 
1232 281 599 
1233 315 599 
1234 624 676 
1235 868 487 
1236 602 719 
1237 942 785 
1238 575 902 
1239 543 931 
1240 800 862 
1241 57 913 
1242 459 208 
1243 791 137 
1244 90 523 
1245 64 713 
1246 61 407 
1247 956 663 
1248 352 67 
1249 171 981 
1250 471 292 
1251 813 976 
1252 533 643 
1253 628 643 
1254 316 194 
1255 277 581 
1256 591 186 
1257 190 883 
1258 468 884 
1259 249 923 
1260 53 786 
1261 327 118 
1262 501 161 
1263 336 97 
1264 79 478 
1265 798 33 
1266 730 146 
1267 673 16 
1268 122 707 
1269 477 496 
1270 720 928 
1271 591 723 
1272 817 8 
1273 735 813 
1274 524 192 
1275 712 678 
1276 332 688 
1277 306 640 
1278 373 72 
1279 953 113 
1280 964 740 
1281 326 645 
1282 663 241 
1283 731 60 
1284 260 867 
1285 148 851 
1286 190 732 
1287 529 626 
1288 473 435 
1289 976 466 
1290 95 247 
1291 255 728 
1292 331 295 
1293 615 578 
1294 90 863 
1295 340 676 
1296 137 905 
1297 633 391 
1298 450 13 
1299 88 568 
1300 768 766 
1301 247 329 
1302 514 947 
1303 158 350 
1304 453 927 
1305 53 421 
1306 385 494 
1307 763 195 
1308 941 260 
1309 521 607 
1310 671 171 
1311 620 814 
1312 852 528 
1313 985 906 
1314 845 987 
1315 596 359 
1316 586 618 
1317 417 244 
1318 737 25 
1319 899 346 
1320 47 367 
1321 786 93 
1322 375 656 
1323 783 187 
1324 888 347 
1325 812 349 
1326 656 527 
1327 366 978 
1328 639 975 
1329 796 58 
1330 950 822 
1331 258 94 
1332 6 305 
1333 558 554 
1334 973 320 
1335 659 283 
1336 908 937 
1337 443 491 
1338 628 529 
1339 168 262 
1340 966 855 
1341 779 192 
1342 761 887 
1343 230 725 
1344 230 136 
1345 693 356 
1346 48 483 
1347 750 465 
1348 856 888 
1349 777 837 
1350 604 455 
1351 11 29 
1352 807 719 
1353 757 332 
1354 636 382 
1355 337 790 
1356 668 542 
1357 412 26 
1358 823 512 
1359 711 114 
1360 319 968 
1361 864 546 
1362 896 981 
1363 405 259 
1364 427 907 
1365 184 883 
1366 130 471 
1367 470 987 
1368 670 38 
1369 346 637 
1370 155 26 
1371 31 15 
1372 646 419 
1373 946 944 
1374 373 742 
1375 461 838 
1376 612 148 
1377 848 106 
1378 576 521 
1379 611 505 
1380 228 270 
1381 286 607 
1382 977 622 
1383 225 466 
1384 291 419 
1385 447 272 
1386 966 738 
1387 333 958 
1388 207 937 
1389 809 551 
1390 375 363 
1391 782 829 
1392 26 374 
1393 363 567 
1394 494 586 
1395 787 894 
1396 439 645 
1397 767 390 
1398 215 951 
1399 855 990 
1400 331 512 
1401 529 755 
1402 328 425 
1403 480 359 
1404 708 998 
1405 149 658 
1406 186 341 
1407 891 482 
1408 933 203 
1409 868 437 
1410 637 892 
1411 369 48 
1412 176 252 
1413 687 578 
1414 511 447 
1415 965 122 
1416 49 522 
1417 26 217 
1418 214 828 
1419 347 6 
1420 273 508 
1421 994 173 
1422 561 24 
1423 154 363 
1424 137 583 
1425 927 608 
1426 994 44 
1427 315 481 
1428 50 119 
1429 298 224 
1430 814 641 
1431 399 979 
1432 907 429 
1433 319 590 
1434 418 966 
1435 315 678 
1436 410 544 
1437 700 372 
1438 648 527 
1439 615 521 
1440 17 566 
1441 496 652 
1442 520 941 
1443 426 397 
1444 426 834 
1445 876 877 
1446 54 242 
1447 960 805 
1448 19 60 
1449 13 943 
1450 786 731 
1451 868 308 
1452 67 878 
1453 159 139 
1454 139 726 
1455 597 59 
1456 586 611 
1457 467 773 
1458 795 131 
1459 388 665 
1460 84 536 
1461 985 12 
1462 685 397 
1463 996 163 
1464 718 725 
1465 566 566 
1466 921 208 
1467 217 460 
1468 655 162 
1469 983 462 
1470 183 946 
1471 265 539 
1472 120 828 
1473 732 16 
1474 991 843 
1475 677 617 
1476 580 351 
1477 405 465 
1478 703 398 
1479 96 898 
1480 616 339 
1481 880 161 
1482 236 248 
1483 662 25 
1484 795 960 
1485 224 250 
1486 271 142 
1487 894 646 
1488 111 860 
1489 503 704 
1490 121 89 
1491 288 681 
1492 902 225 
1493 28 504 
1494 630 314 
1495 576 133 
1496 885 297 
1497 581 939 
1498 190 887 
1499 624 240 
1500 859 492 
1501 310 882 
1502 183 430 
1503 105 455 
1504 626 598 
1505 264 81 
1506 244 447 
1507 770 652 
1508 637 452 
1509 827 661 
1510 48 172 
1511 783 969 
1512 632 661 
1513 267 600 
1514 291 146 
1515 411 564 
1516 643 746 
1517 150 546 
1518 499 687 
1519 749 779 
1520 159 951 
1521 811 479 
1522 716 443 
1523 943 39 
1524 678 946 
1525 196 741 
1526 136 257 
1527 617 698 
1528 494 489 
1529 332 100 
1530 919 373 
1531 418 642 
1532 191 430 
1533 226 310 
1534 688 45 
1535 927 294 
1536 712 380 
1537 684 390 
1538 285 673 
1539 865 229 
1540 85 504 
1541 316 994 
1542 763 308 
1543 387 828 
1544 563 858 
1545 222 587 
1546 95 83 
1547 602 14 
1548 874 587 
1549 511 978 
1550 241 906 
1551 139 35 
1552 250 783 
1553 983 10 
1554 340 396 
1555 791 363 
1556 598 226 
1557 127 826 
1558 179 298 
1559 233 274 
1560 811 660 
1561 563 610 
1562 310 992 
1563 30 908 
1564 665 279 
1565 185 626 
1566 146 932 
1567 619 919 
1568 864 733 
1569 688 96 
1570 892 472 
1571 419 453 
1572 196 156 
1573 137 904 
1574 614 293 
1575 422 601 
1576 274 27 
1577 777 67 
1578 176 728 
1579 226 543 
1580 328 108 
1581 469 571 
1582 56 951 
1583 278 38 
1584 416 778 
1585 843 234 
1586 529 58 
1587 673 671 
1588 716 850 
1589 439 968 
1590 584 716 
1591 271 892 
1592 675 19 
1593 755 620 
1594 673 256 
1595 484 108 
1596 562 112 
1597 445 535 
1598 438 542 
1599 238 331 
1600 780 386 
1601 60 430 
1602 584 405 
1603 710 828 
1604 50 104 
1605 203 822 
1606 635 808 
1607 343 617 
1608 91 752 
1609 421 600 
1610 566 164 
1611 909 598 
1612 237 253 
1613 870 676 
1614 72 733 
1615 855 627 
1616 737 57 
1617 480 511 
1618 28 14 
1619 870 321 
1620 626 609 
1621 499 135 
1622 109 319 
1623 219 769 
1624 534 494 
1625 826 675 
1626 418 126 
1627 796 34 
1628 643 928 
1629 509 565 
1630 643 649 
1631 342 170 
1632 355 922 
1633 457 89 
1634 697 536 
1635 212 433 
1636 952 827 
1637 361 589 
1638 201 805 
1639 430 659 
1640 816 201 
1641 552 257 
1642 833 829 
1643 483 132 
1644 361 77 
1645 804 494 
1646 265 933 
1647 935 403 
1648 253 331 
1649 948 401 
1650 371 87 
1651 164 825 
1652 143 728 
1653 410 214 
1654 228 917 
1655 485 729 
1656 908 796 
1657 514 126 
1658 536 2 
1659 838 407 
1660 387 248 
1661 488 867 
1662 296 758 
1663 5 595 
1664 997 847 
1665 918 993 
1666 943 368 
1667 292 365 
1668 924 998 
1669 667 821 
1670 136 131 
1671 4 672 
1672 823 525 
1673 316 447 
1674 82 739 
1675 178 384 
1676 924 677 
1677 766 969 
1678 60 31 
1679 901 478 
1680 381 193 
1681 17 295 
1682 440 726 
1683 117 272 
1684 147 383 
1685 206 790 
1686 35 460 
1687 477 59 
1688 117 878 
1689 658 295 
1690 59 164 
1691 506 235 
1692 90 207 
1693 136 634 
1694 983 300 
1695 970 615 
1696 610 726 
1697 714 437 
1698 546 678 
1699 293 199 
1700 656 928 
1701 961 797 
1702 912 843 
1703 719 543 
1704 602 244 
1705 344 577 
1706 511 671 
1707 139 876 
1708 575 748 
1709 444 428 
1710 247 378 
1711 833 843 
1712 535 371 
1713 750 553 
1714 866 891 
1715 544 958 
1716 95 5 
1717 766 534 
1718 964 988 
1719 4 408 
1720 458 4 
1721 993 467 
1722 371 235 
1723 465 438 
1724 576 455 
1725 677 834 
1726 63 212 
1727 725 733 
1728 618 914 
1729 743 678 
1730 979 217 
1731 177 496 
1732 523 802 
1733 611 542 
1734 874 836 
1735 72 337 
1736 144 8 
1737 707 873 
1738 890 441 
1739 679 309 
1740 792 691 
1741 414 248 
1742 300 815 
1743 91 891 
1744 541 712 
1745 483 721 
1746 465 21 
1747 613 690 
1748 681 979 
1749 75 160 
1750 54 7 
1751 176 352 
1752 697 493 
1753 25 533 
1754 896 559 
1755 137 735 
1756 821 885 
1757 957 394 
1758 144 198 
1759 598 807 
1760 125 865 
1761 956 612 
1762 88 722 
1763 423 384 
1764 5 356 
1765 561 407 
1766 372 799 
1767 520 790 
1768 841 855 
1769 544 692 
1770 290 673 
1771 316 150 
1772 729 402 
1773 988 429 
1774 761 621 
1775 755 309 
1776 374 505 
1777 120 541 
1778 173 693 
1779 556 894 
1780 882 657 
1781 723 929 
1782 601 954 
1783 99 930 
1784 892 265 
1785 586 747 
1786 827 730 
1787 980 206 
1788 433 12 
1789 161 819 
1790 635 889 
1791 949 218 
1792 171 443 
1793 761 534 
1794 787 201 
1795 496 55 
1796 830 581 
1797 604 865 
1798 56 668 
1799 750 830 
1800 349 153 
1801 420 581 
1802 679 254 
1803 676 53 
1804 793 736 
1805 439 378 
1806 552 141 
1807 33 538 
1808 930 285 
1809 341 533 
1810 598 763 
1811 885 735 
1812 443 694 
1813 639 140 
1814 549 240 
1815 484 686 
1816 354 762 
1817 530 710 
1818 634 786 
1819 537 245 
1820 861 170 
1821 138 845 
1822 686 342 
1823 90 913 
1824 13 658 
1825 391 941 
1826 763 301 
1827 218 59 
1828 974 934 
1829 546 268 
1830 236 346 
1831 978 896 
1832 181 743 
1833 840 522 
1834 185 169 
1835 182 154 
1836 904 942 
1837 133 256 
1838 664 671 
1839 637 674 
1840 169 93 
1841 74 242 
1842 725 254 
1843 985 463 
1844 387 891 
1845 712 103 
1846 18 759 
1847 163 678 
1848 178 958 
1849 586 85 
1850 87 327 
1851 408 234 
1852 639 416 
1853 878 527 
1854 923 556 
1855 62 690 
1856 202 844 
1857 772 169 
1858 696 535 
1859 414 335 
1860 277 455 
1861 421 167 
1862 354 690 
1863 451 524 
1864 575 233 
1865 844 643 
1866 272 889 
1867 426 438 
1868 14 595 
1869 120 694 
1870 457 962 
1871 904 156 
1872 891 289 
1873 824 748 
1874 48 214 
1875 798 894 
1876 386 239 
1877 749 802 
1878 816 640 
1879 640 336 
1880 558 758 
1881 707 217 
1882 824 538 
1883 905 141 
1884 129 853 
1885 79 778 
1886 264 261 
1887 911 709 
1888 393 521 
1889 778 665 
1890 794 471 
1891 165 377 
1892 916 559 
1893 364 547 
1894 761 404 
1895 868 252 
1896 565 135 
1897 521 410 
1898 716 679 
1899 560 793 
1900 835 449 
1901 439 21 
1902 123 175 
1903 49 553 
1904 56 392 
1905 21 626 
1906 865 189 
1907 542 684 
1908 744 51 
1909 574 463 
1910 440 938 
1911 371 356 
1912 670 241 
1913 203 970 
1914 199 715 
1915 660 615 
1916 289 466 
1917 444 629 
1918 719 142 
1919 111 76 
1920 604 162 
1921 863 805 
1922 537 76 
1923 214 682 
1924 841 335 
1925 759 320 
1926 121 199 
1927 346 78 
1928 485 928 
1929 894 501 
1930 310 755 
1931 728 907 
1932 127 301 
1933 994 933 
1934 103 558 
1935 167 721 
1936 145 131 
1937 883 285 
1938 710 953 
1939 624 400 
1940 589 127 
1941 163 563 
1942 169 966 
1943 492 980 
1944 864 880 
1945 924 519 
1946 83 170 
1947 809 456 
1948 185 511 
1949 365 889 
1950 495 922 
1951 901 756 
1952 138 815 
1953 493 343 
1954 925 87 
1955 105 154 
1956 486 399 
1957 830 437 
1958 962 460 
1959 726 82 
1960 809 316 
1961 314 772 
1962 420 876 
1963 227 851 
1964 307 618 
1965 225 357 
1966 483 334 
1967 260 355 
1968 540 698 
1969 473 509 
1970 233 347 
1971 828 99 
1972 681 410 
1973 916 641 
1974 538 644 
1975 220 813 
1976 141 258 
1977 157 17 
1978 180 638 
1979 313 775 
1980 288 523 
1981 458 230 
1982 208 999 
1983 233 640 
1984 667 344 
1985 307 341 
1986 159 583 
1987 765 368 
1988 674 126 
1989 73 803 
1990 605 690 
1991 17 769 
1992 424 877 
1993 359 424 
1994 760 275 
1995 871 98 
1996 613 926 
1997 508 414 
1998 833 448 
1999 111 32 
2000 123 268 
2001 495 561 
2002 217 594 
2003 466 980 
2004 540 629 
2005 913 831 
2006 205 819 
2007 513 586 
2008 294 464 
2009 38 911 
2010 955 951 
2011 722 406 
2012 862 943 
2013 363 131 
2014 818 701 
2015 995 38 
2016 96 284 
2017 721 207 
2018 117 422 
2019 61 100 
2020 797 981 
2021 672 617 
2022 536 242 
2023 569 915 
2024 346 433 
2025 156 617 
2026 769 15 
2027 926 983 
2028 135 257 
2029 763 176 
2030 127 331 
2031 80 991 
2032 829 842 
2033 885 258 
2034 870 15 
2035 274 548 
2036 967 72 
2037 714 142 
2038 353 500 
2039 245 33 
2040 129 986 
2041 927 82 
2042 878 623 
2043 678 882 
2044 36 242 
2045 457 625 
2046 125 870 
2047 75 455 
2048 407 259 
2049 215 103 
2050 345 393 
2051 310 824 
2052 551 867 
2053 643 112 
2054 813 588 
2055 1000 31 
2056 935 176 
2057 106 926 
2058 671 857 
2059 350 139 
2060 560 373 
2061 919 618 
2062 111 472 
2063 568 945 
2064 362 236 
2065 667 600 
2066 968 761 
2067 796 331 
2068 992 810 
2069 496 469 
2070 326 774 
2071 335 995 
2072 624 223 
2073 640 634 
2074 127 43 
2075 796 974 
2076 360 373 
2077 178 176 
2078 714 112 
2079 114 434 
2080 650 607 
2081 109 34 
2082 170 483 
2083 609 706 
2084 992 41 
2085 539 664 
2086 962 335 
2087 133 983 
2088 968 924 
2089 327 488 
2090 274 441 
2091 497 246 
2092 616 784 
2093 46 261 
2094 696 951 
2095 573 334 
2096 282 41 
2097 721 258 
2098 80 705 
2099 457 864 
2100 337 300 
2101 913 101 
2102 508 738 
2103 799 15 
2104 26 320 
2105 706 614 
2106 596 894 
2107 635 543 
2108 116 776 
2109 216 303 
2110 679 971 
2111 630 688 
2112 311 966 
2113 436 907 
2114 567 442 
2115 879 930 
2116 800 231 
2117 415 464 
2118 617 508 
2119 856 680 
2120 323 114 
2121 668 167 
2122 498 918 
2123 294 175 
2124 351 986 
2125 650 833 
2126 442 295 
2127 40 309 
2128 541 497 
2129 576 441 
2130 180 55 
2131 119 348 
2132 129 77 
2133 175 854 
2134 540 888 
2135 117 558 
2136 183 93 
2137 715 223 
2138 239 518 
2139 230 496 
2140 582 242 
2141 954 175 
2142 510 712 
2143 825 769 
2144 888 488 
2145 426 88 
2146 586 686 
2147 710 521 
2148 399 724 
2149 950 401 
2150 481 202 
2151 537 284 
2152 402 781 
2153 162 282 
2154 111 665 
2155 5 327 
2156 453 68 
2157 978 493 
2158 246 841 
2159 242 927 
2160 396 982 
2161 942 908 
2162 350 715 
2163 632 695 
2164 240 830 
2165 25 47 
2166 668 111 
2167 937 952 
2168 63 981 
2169 53 765 
2170 847 804 
2171 410 279 
2172 632 212 
2173 295 111 
2174 118 607 
2175 657 132 
2176 28 494 
2177 561 522 
2178 259 584 
2179 480 191 
2180 102 665 
2181 650 907 
2182 786 635 
2183 648 555 
2184 523 779 
2185 967 306 
2186 266 498 
2187 943 949 
2188 651 174 
2189 486 265 
2190 178 949 
2191 186 492 
2192 469 646 
2193 981 252 
2194 861 724 
2195 506 64 
2196 774 327 
2197 639 929 
2198 438 72 
2199 379 964 
2200 778 321 
2201 534 623 
2202 156 383 
2203 512 189 
2204 473 54 
2205 473 704 
2206 6 839 
2207 880 226 
2208 811 560 
2209 696 584 
2210 736 880 
2211 132 340 
2212 108 669 
2213 490 13 
2214 844 564 
2215 765 637 
2216 816 285 
2217 301 7 
2218 577 744 
2219 162 186 
2220 559 879 
2221 974 847 
2222 463 594 
2223 48 683 
2224 138 729 
2225 364 89 
2226 808 146 
2227 455 439 
2228 931 959 
2229 785 659 
2230 513 915 
2231 27 571 
2232 705 305 
2233 848 94 
2234 918 392 
2235 288 161 
2236 657 831 
2237 400 202 
2238 480 433 
2239 405 139 
2240 645 997 
2241 822 315 
2242 674 862 
2243 762 375 
2244 768 241 
2245 238 376 
2246 679 632 
2247 17 641 
2248 552 794 
2249 203 320 
2250 726 340 
2251 479 390 
2252 499 129 
2253 578 453 
2254 86 577 
2255 884 669 
2256 473 137 
2257 419 626 
2258 617 334 
2259 374 230 
2260 320 791 
2261 895 671 
2262 948 823 
2263 482 172 
2264 146 76 
2265 18 537 
2266 773 495 
2267 731 140 
2268 760 168 
2269 410 340 
2270 580 869 
2271 992 750 
2272 906 118 
2273 669 747 
2274 362 905 
2275 578 185 
2276 764 565 
2277 575 451 
2278 292 901 
2279 851 848 
2280 99 851 
2281 641 78 
2282 360 782 
2283 807 528 
2284 981 433 
2285 970 507 
2286 238 713 
2287 294 761 
2288 44 163 
2289 962 568 
2290 144 936 
2291 816 483 
2292 699 687 
2293 49 770 
2294 489 253 
2295 343 664 
2296 983 331 
2297 484 681 
2298 794 115 
2299 160 694 
2300 510 136 
2301 976 255 
2302 520 186 
2303 849 555 
2304 899 891 
2305 45 367 
2306 758 873 
2307 604 337 
2308 191 96 
2309 939 103 
2310 225 19 
2311 10 761 
2312 489 167 
2313 103 352 
2314 575 397 
2315 345 137 
2316 943 97 
2317 343 962 
2318 862 627 
2319 14 704 
2320 442 898 
2321 913 155 
2322 171 392 
2323 851 903 
2324 766 478 
2325 576 735 
2326 608 76 
2327 289 295 
2328 990 829 
2329 927 246 
2330 587 285 
2331 814 78 
2332 292 648 
2333 683 250 
2334 101 537 
2335 201 108 
2336 542 675 
2337 612 568 
2338 208 376 
2339 464 432 
2340 562 235 
2341 236 844 
2342 8 940 
2343 536 597 
2344 546 528 
2345 582 895 
2346 643 65 
2347 685 793 
2348 352 481 
2349 671 866 
2350 816 527 
2351 349 450 
2352 203 476 
2353 65 2 
2354 819 117 
2355 256 833 
2356 15 565 
2357 802 828 
2358 383 821 
2359 130 264 
2360 185 763 
2361 225 831 
2362 962 757 
2363 231 101 
2364 152 464 
2365 761 774 
2366 972 2 
2367 358 903 
2368 693 55 
2369 3 581 
2370 655 100 
2371 727 365 
2372 771 982 
2373 40 673 
2374 432 550 
2375 508 404 
2376 223 787 
2377 932 123 
2378 20 316 
2379 827 535 
2380 432 49 
2381 820 507 
2382 643 708 
2383 289 30 
2384 511 362 
2385 816 318 
2386 625 712 
2387 312 914 
2388 112 19 
2389 241 273 
2390 719 344 
2391 409 588 
2392 559 205 
2393 515 309 
2394 205 674 
2395 898 771 
2396 76 759 
2397 300 715 
2398 155 20 
2399 762 292 
2400 359 103 
2401 715 511 
2402 475 893 
2403 47 858 
2404 923 192 
2405 537 199 
2406 337 217 
2407 166 725 
2408 958 195 
2409 35 731 
2410 786 628 
2411 515 332 
2412 575 512 
2413 797 44 
2414 968 267 
2415 772 749 
2416 647 19 
2417 712 454 
2418 179 488 
2419 105 537 
2420 872 897 
2421 404 304 
2422 585 709 
2423 687 339 
2424 600 650 
2425 862 184 
2426 926 157 
2427 160 447 
2428 223 14 
2429 491 553 
2430 252 383 
2431 227 309 
2432 900 978 
2433 210 390 
2434 220 868 
2435 338 300 
2436 67 58 
2437 254 486 
2438 547 358 
2439 294 305 
2440 137 918 
2441 385 392 
2442 590 297 
2443 77 808 
2444 206 703 
2445 218 646 
2446 277 20 
2447 324 935 
2448 105 720 
2449 463 355 
2450 275 390 
2451 805 271 
2452 751 519 
2453 923 990 
2454 571 571 
2455 914 924 
2456 501 531 
2457 193 919 
2458 860 797 
2459 103 850 
2460 672 405 
2461 422 775 
2462 142 141 
2463 163 344 
2464 956 425 
2465 586 329 
2466 331 65 
2467 847 406 
2468 250 780 
2469 119 165 
2470 646 749 
2471 53 816 
2472 623 949 
2473 672 305 
2474 966 621 
2475 529 346 
2476 811 893 
2477 443 184 
2478 251 390 
2479 443 955 
2480 335 745 
2481 903 341 
2482 424 994 
2483 547 788 
2484 414 420 
2485 190 694 
2486 847 234 
2487 539 912 
2488 204 343 
2489 852 419 
2490 479 827 
2491 528 683 
2492 785 811 
2493 797 669 
2494 193 820 
2495 49 445 
2496 991 547 
2497 738 457 
2498 294 28 
2499 94 878 
2500 727 685 
2501 20 405 
2502 626 862 
2503 241 89 
2504 96 343 
2505 895 311 
2506 52 525 
2507 944 939 
2508 280 787 
2509 216 899 
2510 427 562 
2511 120 794 
2512 272 13 
2513 831 619 
2514 826 67 
2515 475 576 
2516 395 345 
2517 189 198 
2518 948 563 
2519 115 430 
2520 791 927 
2521 7 771 
2522 680 327 
2523 68 339 
2524 826 33 
2525 200 397 
2526 253 100 
2527 13 229 
2528 933 17 
2529 962 6 
2530 887 588 
2531 775 885 
2532 548 965 
2533 445 141 
2534 192 56 
2535 660 725 
2536 356 357 
2537 526 26 
2538 967 284 
2539 784 466 
2540 867 369 
2541 625 271 
2542 532 839 
2543 987 891 
2544 603 757 
2545 199 302 
2546 713 634 
2547 453 986 
2548 735 318 
2549 777 391 
2550 554 158 
2551 168 408 
2552 996 827 
2553 730 664 
2554 509 976 
2555 274 474 
2556 553 735 
2557 104 661 
2558 35 215 
2559 543 704 
2560 839 547 
2561 650 847 
2562 156 618 
2563 930 258 
2564 232 326 
2565 811 926 
2566 342 499 
2567 85 91 
2568 539 510 
2569 637 130 
2570 871 376 
2571 395 368 
2572 190 774 
2573 919 803 
2574 494 214 
2575 781 599 
2576 426 328 
2577 431 686 
2578 549 358 
2579 689 362 
2580 227 922 
2581 280 576 
2582 697 203 
2583 340 315 
2584 773 451 
2585 117 306 
2586 440 735 
2587 617 647 
2588 911 724 
2589 843 773 
2590 929 443 
2591 352 541 
2592 523 752 
2593 954 277 
2594 895 397 
2595 911 438 
2596 531 190 
2597 220 632 
2598 686 425 
2599 619 812 
2600 893 900 
2601 645 566 
2602 820 618 
2603 456 341 
2604 888 555 
2605 936 128 
2606 489 719 
2607 900 142 
2608 92 751 
2609 728 146 
2610 438 841 
2611 160 81 
2612 518 846 
2613 660 274 
2614 529 57 
2615 134 474 
2616 689 734 
2617 656 608 
2618 863 772 
2619 403 779 
2620 93 72 
2621 747 574 
2622 808 744 
2623 38 837 
2624 291 857 
2625 715 672 
2626 95 134 
2627 839 905 
2628 934 581 
2629 26 178 
2630 607 575 
2631 792 944 
2632 819 732 
2633 668 62 
2634 182 201 
2635 647 56 
2636 329 80 
2637 806 613 
2638 477 353 
2639 50 247 
2640 690 946 
2641 264 3 
2642 557 768 
2643 168 335 
2644 184 633 
2645 523 173 
2646 891 576 
2647 470 915 
2648 256 644 
2649 876 931 
2650 540 318 
2651 943 446 
2652 865 333 
2653 750 136 
2654 425 375 
2655 243 912 
2656 389 438 
2657 299 687 
2658 132 804 
2659 632 538 
2660 599 509 
2661 820 5 
2662 105 640 
2663 323 582 
2664 523 817 
2665 339 803 
2666 485 350 
2667 744 162 
2668 449 28 
2669 144 587 
2670 482 317 
2671 325 987 
2672 898 864 
2673 729 720 
2674 384 94 
2675 891 460 
2676 64 348 
2677 519 584 
2678 309 938 
2679 260 270 
2680 154 319 
2681 423 499 
2682 918 718 
2683 590 87 
2684 405 369 
2685 702 266 
2686 739 288 
2687 485 485 
2688 619 894 
2689 4 202 
2690 566 905 
2691 348 874 
2692 40 852 
2693 354 33 
2694 380 818 
2695 453 215 
2696 887 625 
2697 339 533 
2698 898 185 
2699 291 530 
2700 985 560 
2701 334 122 
2702 488 523 
2703 31 122 
2704 869 482 
2705 825 58 
2706 609 361 
2707 408 191 
2708 49 263 
2709 527 628 
2710 393 133 
2711 249 108 
2712 143 980 
2713 947 319 
2714 109 867 
2715 734 903 
2716 688 100 
2717 634 517 
2718 678 738 
2719 438 357 
2720 260 722 
2721 717 939 
2722 93 762 
2723 386 456 
2724 231 738 
2725 60 253 
2726 904 894 
2727 236 507 
2728 534 549 
2729 787 292 
2730 955 257 
2731 521 545 
2732 135 283 
2733 144 137 
2734 64 778 
2735 183 579 
2736 148 816 
2737 858 857 
2738 239 297 
2739 183 817 
2740 992 937 
2741 171 568 
2742 949 617 
2743 651 349 
2744 351 718 
2745 647 664 
2746 89 974 
2747 128 349 
2748 962 511 
2749 354 625 
2750 810 46 
2751 645 408 
2752 857 457 
2753 846 928 
2754 818 762 
2755 594 45 
2756 62 960 
2757 258 162 
2758 829 107 
2759 641 233 
2760 984 604 
2761 195 47 
2762 570 479 
2763 16 415 
2764 325 654 
2765 886 657 
2766 968 699 
2767 613 271 
2768 614 385 
2769 947 140 
2770 330 80 
2771 160 961 
2772 734 787 
2773 188 765 
2774 315 520 
2775 172 17 
2776 123 411 
2777 91 221 
2778 978 639 
2779 245 562 
2780 315 626 
2781 951 397 
2782 463 84 
2783 914 805 
2784 968 180 
2785 103 657 
2786 675 535 
2787 764 609 
2788 676 358 
2789 740 639 
2790 236 162 
2791 725 369 
2792 845 991 
2793 35 311 
2794 174 186 
2795 642 579 
2796 985 769 
2797 208 386 
2798 602 661 
2799 945 285 
2800 99 54 
2801 492 540 
2802 866 44 
2803 771 152 
2804 324 45 
2805 112 891 
2806 890 631 
2807 170 887 
2808 74 444 
2809 479 103 
2810 641 325 
2811 827 566 
2812 155 285 
2813 95 218 
2814 981 507 
2815 565 773 
2816 130 875 
2817 368 16 
2818 290 306 
2819 448 3 
2820 97 171 
2821 99 797 
2822 307 683 
2823 903 373 
2824 733 86 
2825 571 187 
2826 663 355 
2827 790 310 
2828 197 883 
2829 727 195 
2830 197 425 
2831 707 694 
2832 339 79 
2833 861 929 
2834 71 773 
2835 856 190 
2836 376 630 
2837 880 58 
2838 994 89 
2839 207 472 
2840 115 104 
2841 283 470 
2842 732 673 
2843 428 632 
2844 419 887 
2845 20 520 
2846 669 180 
2847 943 383 
2848 488 517 
2849 537 851 
2850 574 962 
2851 39 84 
2852 637 896 
2853 597 628 
2854 460 877 
2855 895 35 
2856 48 176 
2857 899 276 
2858 253 26 
2859 131 240 
2860 888 85 
2861 345 469 
2862 33 375 
2863 708 162 
2864 174 307 
2865 327 258 
2866 762 988 
2867 552 186 
2868 772 863 
2869 229 801 
2870 876 20 
2871 274 675 
2872 336 472 
2873 800 713 
2874 365 499 
2875 79 609 
2876 225 457 
2877 164 54 
2878 757 471 
2879 246 388 
2880 464 203 
2881 562 610 
2882 943 576 
2883 999 620 
2884 865 165 
2885 268 435 
2886 750 929 
2887 877 940 
2888 423 926 
2889 604 82 
2890 360 47 
2891 635 80 
2892 410 638 
2893 304 415 
2894 158 614 
2895 858 576 
2896 972 162 
2897 40 367 
2898 777 457 
2899 33 165 
2900 79 47 
2901 526 736 
2902 446 273 
2903 923 361 
2904 552 996 
2905 204 497 
2906 386 818 
2907 708 513 
2908 799 210 
2909 161 597 
2910 47 499 
2911 164 244 
2912 628 709 
2913 884 910 
2914 557 892 
2915 530 522 
2916 19 425 
2917 255 715 
2918 361 191 
2919 953 495 
2920 856 583 
2921 268 148 
2922 928 25 
2923 902 383 
2924 859 479 
2925 491 50 
2926 780 735 
2927 375 889 
2928 301 670 
2929 682 762 
2930 918 115 
2931 173 111 
2932 481 951 
2933 698 72 
2934 409 831 
2935 378 537 
2936 11 147 
2937 577 230 
2938 925 839 
2939 635 919 
2940 60 683 
2941 714 340 
2942 937 16 
2943 527 174 
2944 651 258 
2945 182 351 
2946 360 429 
2947 270 639 
2948 508 645 
2949 845 948 
2950 301 638 
2951 723 453 
2952 749 620 
2953 69 51 
2954 782 248 
2955 2 29 
2956 124 384 
2957 498 814 
2958 107 682 
2959 481 165 
2960 290 853 
2961 259 425 
2962 495 395 
2963 514 207 
2964 786 327 
2965 131 441 
2966 230 607 
2967 319 101 
2968 122 582 
2969 893 575 
2970 141 345 
2971 461 84 
2972 312 883 
2973 759 68 
2974 189 424 
2975 473 907 
2976 773 147 
2977 39 372 
2978 680 92 
2979 85 402 
2980 557 169 
2981 528 709 
2982 10 647 
2983 339 637 
2984 973 173 
2985 702 191 
2986 128 109 
2987 288 273 
2988 787 993 
2989 165 490 
2990 268 46 
2991 82 355 
2992 305 751 
2993 693 829 
2994 94 817 
2995 402 709 
2996 66 214 
2997 585 531 
2998 676 201 
2999 691 731 
3000 275 917 
3001 762 45 
3002 538 273 
3003 736 271 
3004 419 948 
3005 408 837 
3006 242 177 
3007 865 914 
3008 754 631 
3009 929 78 
3010 614 448 
3011 702 556 
3012 821 188 
3013 608 639 
3014 824 977 
3015 898 824 
3016 208 745 
3017 799 775 
3018 144 848 
3019 353 891 
3020 890 801 
3021 868 703 
3022 381 460 
3023 289 412 
3024 956 182 
3025 735 333 
3026 946 956 
3027 780 899 
3028 137 285 
3029 98 389 
3030 667 700 
3031 548 923 
3032 103 415 
3033 351 391 
3034 653 271 
3035 734 233 
3036 965 652 
3037 453 510 
3038 41 275 
3039 39 380 
3040 514 487 
3041 291 677 
3042 744 218 
3043 209 573 
3044 212 182 
3045 675 25 
3046 575 909 
3047 262 294 
3048 950 585 
3049 736 27 
3050 541 209 
3051 67 517 
3052 119 304 
3053 775 197 
3054 840 363 
3055 622 591 
3056 890 927 
3057 377 610 
3058 275 101 
3059 905 943 
3060 248 564 
3061 143 344 
3062 699 321 
3063 340 62 
3064 887 236 
3065 244 967 
3066 780 690 
3067 237 122 
3068 142 707 
3069 319 24 
3070 176 552 
3071 699 321 
3072 94 667 
3073 285 832 
3074 240 674 
3075 278 556 
3076 338 569 
3077 514 300 
3078 416 163 
3079 633 943 
3080 375 805 
3081 169 645 
3082 31 599 
3083 424 309 
3084 988 224 
3085 367 323 
3086 316 572 
3087 362 445 
3088 915 85 
3089 243 867 
3090 385 44 
3091 503 266 
3092 454 410 
3093 113 371 
3094 404 495 
3095 338 164 
3096 114 302 
3097 194 346 
3098 193 731 
3099 783 793 
3100 254 746 
3101 796 691 
3102 648 630 
3103 134 208 
3104 340 90 
3105 160 224 
3106 213 247 
3107 486 538 
3108 207 259 
3109 342 448 
3110 946 618 
3111 658 362 
3112 115 988 
3113 426 995 
3114 422 275 
3115 991 3 
3116 904 174 
3117 866 386 
3118 865 519 
3119 571 950 
3120 31 726 
3121 526 98 
3122 237 672 
3123 71 587 
3124 298 656 
3125 478 191 
3126 910 815 
3127 742 884 
3128 584 363 
3129 503 515 
3130 746 554 
3131 683 839 
3132 374 89 
3133 878 46 
3134 130 37 
3135 638 730 
3136 934 717 
3137 530 372 
3138 286 514 
3139 303 447 
3140 83 780 
3141 829 324 
3142 268 187 
3143 361 663 
3144 355 431 
3145 812 877 
3146 202 380 
3147 224 817 
3148 171 253 
3149 234 954 
3150 407 51 
3151 979 913 
3152 726 659 
3153 256 588 
3154 413 418 
3155 562 763 
3156 718 709 
3157 216 868 
3158 873 705 
3159 880 735 
3160 89 43 
3161 900 312 
3162 865 246 
3163 89 420 
3164 260 551 
3165 555 625 
3166 196 342 
3167 909 239 
3168 787 571 
3169 461 429 
3170 77 979 
3171 355 986 
3172 71 70 
3173 225 889 
3174 184 821 
3175 782 440 
3176 21 221 
3177 117 309 
3178 163 899 
3179 155 372 
3180 181 995 
3181 70 138 
3182 6 737 
3183 768 39 
3184 72 675 
3185 307 180 
3186 411 193 
3187 94 57 
3188 377 330 
3189 86 321 
3190 662 948 
3191 840 269 
3192 525 792 
3193 506 441 
3194 677 168 
3195 137 527 
3196 306 685 
3197 885 230 
3198 416 441 
3199 585 926 
3200 467 286 
3201 271 827 
3202 290 825 
3203 176 780 
3204 849 711 
3205 553 55 
3206 885 322 
3207 489 227 
3208 763 767 
3209 159 865 
3210 458 576 
3211 936 727 
3212 647 433 
3213 894 618 
3214 174 305 
3215 692 160 
3216 606 543 
3217 950 8 
3218 894 958 
3219 229 806 
3220 971 503 
3221 936 455 
3222 211 721 
3223 846 765 
3224 972 336 
3225 120 743 
3226 118 391 
3227 892 881 
3228 927 227 
3229 963 691 
3230 757 165 
3231 820 912 
3232 662 243 
3233 498 190 
3234 371 525 
3235 944 372 
3236 323 959 
3237 613 741 
3238 804 647 
3239 579 416 
3240 372 589 
3241 521 121 
3242 805 986 
3243 536 64 
3244 263 878 
3245 410 804 
3246 32 658 
3247 686 659 
3248 950 207 
3249 568 992 
3250 397 369 
3251 446 402 
3252 220 923 
3253 806 549 
3254 738 704 
3255 419 944 
3256 166 515 
3257 366 82 
3258 356 812 
3259 608 369 
3260 923 48 
3261 405 145 
3262 259 99 
3263 405 133 
3264 316 117 
3265 525 509 
3266 433 822 
3267 466 548 
3268 940 399 
3269 189 252 
3270 595 607 
3271 178 304 
3272 120 78 
3273 803 286 
3274 558 690 
3275 217 656 
3276 471 507 
3277 314 86 
3278 82 845 
3279 806 105 
3280 466 474 
3281 803 646 
3282 466 337 
3283 945 653 
3284 53 215 
3285 1000 860 
3286 418 936 
3287 221 477 
3288 460 562 
3289 860 738 
3290 959 175 
3291 911 880 
3292 454 429 
3293 964 31 
3294 858 715 
3295 108 604 
3296 141 666 
3297 368 232 
3298 29 813 
3299 86 857 
3300 460 143 
3301 42 395 
3302 515 808 
3303 512 939 
3304 471 59 
3305 189 168 
3306 900 423 
3307 357 382 
3308 534 560 
3309 846 768 
3310 790 657 
3311 964 681 
3312 697 689 
3313 438 440 
3314 181 447 
3315 950 126 
3316 476 243 
3317 478 780 
3318 923 754 
3319 990 525 
3320 764 757 
3321 882 118 
3322 144 951 
3323 823 806 
3324 929 537 
3325 70 246 
3326 178 956 
3327 217 838 
3328 762 154 
3329 131 912 
3330 357 106 
3331 93 710 
3332 507 422 
3333 586 795 
3334 117 59 
3335 523 528 
3336 537 132 
3337 983 518 
3338 679 722 
3339 802 163 
3340 883 860 
3341 959 443 
3342 643 255 
3343 800 940 
3344 899 131 
3345 962 734 
3346 412 690 
3347 389 37 
3348 235 982 
3349 641 373 
3350 277 117 
3351 373 776 
3352 688 587 
3353 608 382 
3354 821 245 
3355 122 402 
3356 42 581 
3357 573 909 
3358 996 551 
3359 869 986 
3360 457 31 
3361 614 173 
3362 107 724 
3363 205 833 
3364 753 853 
3365 303 188 
3366 208 791 
3367 933 817 
3368 910 704 
3369 649 289 
3370 727 699 
3371 570 599 
3372 376 488 
3373 691 503 
3374 553 111 
3375 835 226 
3376 368 329 
3377 981 785 
3378 640 708 
3379 615 475 
3380 153 177 
3381 895 302 
3382 864 427 
3383 865 454 
3384 359 525 
3385 958 628 
3386 24 200 
3387 303 117 
3388 898 409 
3389 975 45 
3390 94 476 
3391 358 729 
3392 836 871 
3393 946 183 
3394 486 684 
3395 103 778 
3396 646 500 
3397 295 445 
3398 723 45 
3399 925 19 
3400 703 104 
3401 707 41 
3402 980 81 
3403 156 633 
3404 404 716 
3405 628 340 
3406 688 104 
3407 811 547 
3408 976 227 
3409 664 329 
3410 218 994 
3411 314 704 
3412 613 683 
3413 82 895 
3414 165 25 
3415 532 181 
3416 921 307 
3417 765 278 
3418 71 674 
3419 294 831 
3420 522 484 
3421 478 526 
3422 202 386 
3423 238 483 
3424 290 122 
3425 773 37 
3426 294 242 
3427 388 210 
3428 179 778 
3429 228 511 
3430 104 364 
3431 971 80 
3432 202 899 
3433 414 429 
3434 510 573 
3435 632 370 
3436 328 319 
3437 393 625 
3438 752 179 
3439 490 709 
3440 140 968 
3441 36 526 
3442 120 671 
3443 704 972 
3444 193 189 
3445 49 601 
3446 234 82 
3447 230 520 
3448 406 348 
3449 739 148 
3450 524 464 
3451 951 655 
3452 857 719 
3453 745 520 
3454 487 313 
3455 915 927 
3456 658 225 
3457 553 816 
3458 427 181 
3459 395 993 
3460 678 584 
3461 765 546 
3462 102 253 
3463 512 24 
3464 681 722 
3465 537 790 
3466 174 311 
3467 375 153 
3468 466 578 
3469 226 799 
3470 234 376 
3471 55 835 
3472 826 1 
3473 424 367 
3474 36 569 
3475 616 638 
3476 501 143 
3477 956 764 
3478 265 732 
3479 629 5 
3480 238 89 
3481 410 775 
3482 230 869 
3483 651 646 
3484 103 162 
3485 880 18 
3486 557 163 
3487 111 686 
3488 102 644 
3489 381 495 
3490 126 590 
3491 163 599 
3492 161 965 
3493 514 629 
3494 278 952 
3495 194 387 
3496 579 469 
3497 987 748 
3498 522 454 
3499 631 672 
3500 651 116 
3501 303 709 
3502 676 662 
3503 673 611 
3504 644 926 
3505 339 740 
3506 237 120 
3507 218 751 
3508 983 352 
3509 731 72 
3510 945 375 
3511 26 805 
3512 282 882 
3513 969 487 
3514 637 439 
3515 312 131 
3516 780 764 
3517 667 756 
3518 724 342 
3519 97 623 
3520 534 403 
3521 104 419 
3522 597 324 
3523 190 19 
3524 243 299 
3525 51 489 
3526 574 365 
3527 378 448 
3528 192 355 
3529 942 326 
3530 628 411 
3531 129 804 
3532 100 430 
3533 896 980 
3534 288 734 
3535 250 630 
3536 728 126 
3537 455 71 
3538 603 918 
3539 166 350 
3540 56 977 
3541 846 396 
3542 785 996 
3543 598 288 
3544 576 622 
3545 440 260 
3546 834 599 
3547 760 247 
3548 704 246 
3549 962 920 
3550 996 26 
3551 273 699 
3552 128 885 
3553 572 740 
3554 498 200 
3555 572 645 
3556 315 263 
3557 800 325 
3558 159 307 
3559 201 488 
3560 624 829 
3561 1 677 
3562 59 958 
3563 414 496 
3564 788 144 
3565 165 587 
3566 444 79 
3567 346 819 
3568 8 794 
3569 955 150 
3570 502 129 
3571 964 980 
3572 625 658 
3573 542 417 
3574 363 283 
3575 624 205 
3576 506 998 
3577 591 373 
3578 923 988 
3579 513 442 
3580 467 927 
3581 110 827 
3582 461 617 
3583 471 202 
3584 877 658 
3585 329 417 
3586 675 450 
3587 523 63 
3588 636 900 
3589 66 714 
3590 658 18 
3591 254 786 
3592 3 563 
3593 965 128 
3594 991 46 
3595 37 186 
3596 738 825 
3597 87 884 
3598 770 194 
3599 455 252 
3600 507 90 
3601 688 361 
3602 750 233 
3603 532 57 
3604 384 386 
3605 889 46 
3606 470 476 
3607 623 380 
3608 767 705 
3609 982 34 
3610 946 255 
3611 845 539 
3612 645 528 
3613 621 520 
3614 639 585 
3615 172 316 
3616 870 748 
3617 333 835 
3618 530 273 
3619 52 455 
3620 27 816 
3621 439 312 
3622 165 476 
3623 233 463 
3624 609 836 
3625 632 976 
3626 600 987 
3627 310 562 
3628 336 10 
3629 828 461 
3630 817 583 
3631 514 102 
3632 545 285 
3633 692 225 
3634 371 967 
3635 391 908 
3636 279 402 
3637 137 412 
3638 827 718 
3639 349 71 
3640 894 224 
3641 702 565 
3642 429 815 
3643 283 659 
3644 399 473 
3645 361 29 
3646 563 346 
3647 926 232 
3648 17 521 
3649 833 217 
3650 878 230 
3651 656 517 
3652 145 659 
3653 769 174 
3654 474 487 
3655 329 303 
3656 267 945 
3657 51 765 
3658 350 735 
3659 433 705 
3660 437 138 
3661 94 54 
3662 25 93 
3663 836 692 
3664 514 99 
3665 120 910 
3666 622 179 
3667 459 318 
3668 517 297 
3669 484 923 
3670 112 210 
3671 857 532 
3672 521 803 
3673 589 844 
3674 726 582 
3675 435 866 
3676 96 810 
3677 288 675 
3678 544 637 
3679 399 598 
3680 624 249 
3681 502 124 
3682 135 561 
3683 813 986 
3684 950 559 
3685 687 45 
3686 800 475 
3687 113 713 
3688 295 225 
3689 143 198 
3690 617 1000 
3691 310 367 
3692 450 515 
3693 436 64 
3694 762 37 
3695 307 803 
3696 143 374 
3697 645 895 
3698 277 892 
3699 10 39 
3700 610 384 
3701 124 314 
3702 503 903 
3703 563 91 
3704 784 353 
3705 149 615 
3706 852 489 
3707 429 207 
3708 607 745 
3709 636 809 
3710 669 914 
3711 261 695 
3712 826 173 
3713 298 452 
3714 765 345 
3715 509 486 
3716 499 361 
3717 289 93 
3718 127 345 
3719 390 726 
3720 319 229 
3721 771 596 
3722 746 6 
3723 205 404 
3724 677 10 
3725 366 747 
3726 981 759 
3727 393 958 
3728 966 524 
3729 610 254 
3730 834 99 
3731 994 214 
3732 158 271 
3733 432 890 
3734 822 126 
3735 548 62 
3736 585 779 
3737 892 872 
3738 591 347 
3739 913 891 
3740 998 337 
3741 68 104 
3742 916 848 
3743 114 467 
3744 335 773 
3745 671 992 
3746 176 223 
3747 255 529 
3748 943 12 
3749 7 725 
3750 871 905 
3751 913 134 
3752 858 517 
3753 542 38 
3754 199 27 
3755 142 711 
3756 871 146 
3757 140 262 
3758 616 930 
3759 509 611 
3760 601 445 
3761 503 952 
3762 28 296 
3763 173 363 
3764 769 405 
3765 128 210 
3766 607 694 
3767 786 170 
3768 237 528 
3769 484 572 
3770 159 298 
3771 968 149 
3772 884 256 
3773 680 712 
3774 652 200 
3775 205 874 
3776 111 64 
3777 540 905 
3778 457 450 
3779 787 130 
3780 145 854 
3781 57 910 
3782 401 442 
3783 827 368 
3784 904 120 
3785 706 181 
3786 90 420 
3787 570 945 
3788 401 433 
3789 102 930 
3790 773 535 
3791 495 547 
3792 391 739 
3793 988 847 
3794 99 394 
3795 914 280 
3796 667 531 
3797 700 931 
3798 137 121 
3799 519 2 
3800 957 801 
3801 852 206 
3802 780 198 
3803 520 182 
3804 113 655 
3805 745 264 
3806 333 954 
3807 822 635 
3808 171 103 
3809 785 567 
3810 686 612 
3811 857 986 
3812 155 184 
3813 79 407 
3814 763 677 
3815 138 701 
3816 633 751 
3817 126 41 
3818 858 292 
3819 400 281 
3820 626 871 
3821 292 863 
3822 298 749 
3823 223 254 
3824 967 139 
3825 497 163 
3826 783 490 
3827 202 595 
3828 437 705 
3829 981 485 
3830 916 845 
3831 121 364 
3832 919 38 
3833 916 740 
3834 639 89 
3835 195 14 
3836 302 294 
3837 69 433 
3838 536 549 
3839 893 575 
3840 601 346 
3841 350 105 
3842 849 146 
3843 457 376 
3844 996 785 
3845 817 209 
3846 735 866 
3847 936 60 
3848 269 442 
3849 58 634 
3850 623 297 
3851 439 200 
3852 593 62 
3853 911 44 
3854 497 45 
3855 245 435 
3856 963 272 
3857 550 772 
3858 920 896 
3859 851 445 
3860 806 574 
3861 209 96 
3862 936 322 
3863 890 681 
3864 637 135 
3865 765 247 
3866 166 153 
3867 608 796 
3868 169 748 
3869 381 291 
3870 659 546 
3871 499 781 
3872 674 680 
3873 851 480 
3874 25 183 
3875 843 757 
3876 668 954 
3877 936 708 
3878 835 576 
3879 796 350 
3880 508 688 
3881 191 471 
3882 393 236 
3883 961 182 
3884 296 988 
3885 805 378 
3886 177 247 
3887 114 322 
3888 690 200 
3889 355 329 
3890 807 27 
3891 806 805 
3892 861 515 
3893 26 875 
3894 981 377 
3895 737 408 
3896 190 867 
3897 613 438 
3898 227 422 
3899 871 841 
3900 364 953 
3901 106 693 
3902 656 89 
3903 646 422 
3904 743 314 
3905 857 491 
3906 774 1 
3907 176 728 
3908 764 859 
3909 227 959 
3910 385 320 
3911 174 443 
3912 911 42 
3913 651 136 
3914 184 980 
3915 309 18 
3916 782 545 
3917 56 56 
3918 834 867 
3919 964 605 
3920 141 652 
3921 65 843 
3922 626 724 
3923 420 852 
3924 716 551 
3925 951 70 
3926 659 818 
3927 206 546 
3928 722 930 
3929 157 58 
3930 524 153 
3931 880 804 
3932 381 535 
3933 923 520 
3934 149 985 
3935 16 842 
3936 991 984 
3937 430 980 
3938 152 520 
3939 718 619 
3940 938 331 
3941 433 267 
3942 400 42 
3943 230 970 
3944 556 303 
3945 576 607 
3946 108 538 
3947 531 925 
3948 588 910 
3949 343 375 
3950 284 519 
3951 717 562 
3952 138 507 
3953 550 633 
3954 739 610 
3955 571 601 
3956 842 851 
3957 367 226 
3958 291 908 
3959 641 63 
3960 849 485 
3961 950 650 
3962 315 354 
3963 587 247 
3964 694 988 
3965 128 179 
3966 580 403 
3967 799 736 
3968 986 313 
3969 772 768 
3970 919 813 
3971 711 628 
3972 704 867 
3973 804 32 
3974 584 389 
3975 748 492 
3976 205 176 
3977 532 593 
3978 22 510 
3979 275 326 
3980 672 131 
3981 706 575 
3982 560 198 
3983 20 577 
3984 458 494 
3985 724 20 
3986 176 774 
3987 589 853 
3988 967 175 
3989 124 423 
3990 412 568 
3991 971 454 
3992 683 428 
3993 39 776 
3994 343 393 
3995 464 935 
3996 958 368 
3997 201 783 
3998 316 774 
3999 325 537 
4000 664 494 
4001 346 930 
4002 435 304 
4003 338 67 
4004 428 186 
4005 35 101 
4006 233 26 
4007 488 521 
4008 129 933 
4009 969 153 
4010 28 975 
4011 598 902 
4012 787 375 
4013 33 239 
4014 476 214 
4015 680 395 
4016 806 741 
4017 602 460 
4018 459 472 
4019 729 712 
4020 179 306 
4021 933 853 
4022 837 614 
4023 106 232 
4024 417 703 
4025 112 897 
4026 968 997 
4027 952 175 
4028 317 708 
4029 806 364 
4030 213 907 
4031 73 60 
4032 465 526 
4033 344 664 
4034 637 401 
4035 423 497 
4036 248 1 
4037 591 851 
4038 460 264 
4039 635 456 
4040 448 357 
4041 166 389 
4042 360 886 
4043 922 845 
4044 182 403 
4045 644 904 
4046 2 888 
4047 843 104 
4048 813 759 
4049 392 112 
4050 971 223 
4051 919 242 
4052 647 509 
4053 851 827 
4054 288 781 
4055 607 604 
4056 113 101 
4057 609 424 
4058 687 686 
4059 41 749 
4060 731 528 
4061 831 577 
4062 551 474 
4063 123 11 
4064 677 722 
4065 934 274 
4066 163 983 
4067 334 438 
4068 651 808 
4069 174 9 
4070 31 720 
4071 212 729 
4072 490 769 
4073 507 350 
4074 705 610 
4075 729 26 
4076 680 231 
4077 659 282 
4078 649 963 
4079 485 568 
4080 191 765 
4081 382 449 
4082 896 340 
4083 879 570 
4084 953 599 
4085 260 642 
4086 332 902 
4087 147 251 
4088 525 455 
4089 98 531 
4090 82 598 
4091 661 666 
4092 808 724 
4093 100 503 
4094 122 354 
4095 699 803 
4096 453 122 
4097 956 633 
4098 159 98 
4099 391 273 
4100 101 183 
4101 633 208 
4102 252 10 
4103 762 30 
4104 247 553 
4105 552 499 
4106 559 204 
4107 690 134 
4108 433 186 
4109 759 748 
4110 16 641 
4111 468 938 
4112 204 486 
4113 908 591 
4114 123 254 
4115 929 720 
4116 643 818 
4117 65 1 
4118 833 584 
4119 53 717 
4120 708 148 
4121 155 267 
4122 467 739 
4123 619 925 
4124 901 311 
4125 462 413 
4126 935 132 
4127 738 655 
4128 383 117 
4129 290 37 
4130 168 388 
4131 298 547 
4132 558 341 
4133 201 688 
4134 385 229 
4135 295 213 
4136 911 652 
4137 782 733 
4138 786 244 
4139 181 313 
4140 416 637 
4141 22 743 
4142 953 647 
4143 865 614 
4144 644 419 
4145 362 201 
4146 298 815 
4147 582 542 
4148 972 723 
4149 907 465 
4150 15 28 
4151 949 473 
4152 661 949 
4153 268 551 
4154 304 101 
4155 275 143 
4156 872 786 
4157 156 453 
4158 940 671 
4159 606 821 
4160 637 396 
4161 80 30 
4162 813 843 
4163 136 636 
4164 575 314 
4165 460 320 
4166 416 882 
4167 82 999 
4168 210 627 
4169 955 492 
4170 386 810 
4171 650 122 
4172 248 280 
4173 458 674 
4174 739 800 
4175 893 174 
4176 775 348 
4177 689 888 
4178 614 436 
4179 228 953 
4180 35 653 
4181 177 234 
4182 847 234 
4183 123 24 
4184 66 938 
4185 302 864 
4186 843 221 
4187 605 791 
4188 315 988 
4189 133 580 
4190 99 844 
4191 849 805 
4192 654 799 
4193 279 843 
4194 224 463 
4195 855 571 
4196 230 335 
4197 932 785 
4198 888 481 
4199 779 467 
4200 9 621 
4201 329 487 
4202 583 197 
4203 489 58 
4204 966 450 
4205 482 903 
4206 663 361 
4207 998 560 
4208 245 128 
4209 567 683 
4210 40 928 
4211 261 516 
4212 698 382 
4213 3 235 
4214 223 177 
4215 991 850 
4216 154 866 
4217 55 310 
4218 195 579 
4219 697 999 
4220 789 990 
4221 955 725 
4222 635 819 
4223 786 537 
4224 514 325 
4225 286 45 
4226 537 137 
4227 801 889 
4228 573 132 
4229 160 827 
4230 897 705 
4231 50 170 
4232 931 892 
4233 78 343 
4234 122 77 
4235 338 985 
4236 675 716 
4237 510 467 
4238 267 965 
4239 622 780 
4240 799 88 
4241 30 563 
4242 871 577 
4243 936 389 
4244 489 407 
4245 257 29 
4246 417 250 
4247 289 742 
4248 270 910 
4249 17 184 
4250 552 983 
4251 343 612 
4252 917 487 
4253 173 902 
4254 36 427 
4255 672 454 
4256 161 167 
4257 428 211 
4258 734 529 
4259 85 629 
4260 562 193 
4261 64 605 
4262 51 11 
4263 864 99 
4264 432 5 
4265 748 852 
4266 177 627 
4267 485 126 
4268 448 829 
4269 614 193 
4270 624 498 
4271 868 35 
4272 307 284 
4273 877 696 
4274 194 927 
4275 205 781 
4276 54 839 
4277 899 311 
4278 548 21 
4279 474 461 
4280 860 501 
4281 99 567 
4282 442 440 
4283 304 177 
4284 101 513 
4285 571 192 
4286 374 517 
4287 477 695 
4288 131 300 
4289 427 582 
4290 736 727 
4291 875 952 
4292 743 589 
4293 852 16 
4294 990 134 
4295 347 791 
4296 135 195 
4297 850 789 
4298 126 327 
4299 531 730 
4300 491 142 
4301 50 943 
4302 351 905 
4303 32 181 
4304 67 371 
4305 708 305 
4306 563 156 
4307 868 139 
4308 586 807 
4309 457 514 
4310 912 681 
4311 216 359 
4312 974 665 
4313 861 658 
4314 713 422 
4315 130 468 
4316 437 650 
4317 206 738 
4318 129 145 
4319 624 706 
4320 768 285 
4321 586 374 
4322 120 954 
4323 355 370 
4324 307 9 
4325 957 923 
4326 819 467 
4327 445 358 
4328 547 971 
4329 136 586 
4330 688 153 
4331 778 180 
4332 174 679 
4333 866 197 
4334 591 601 
4335 450 626 
4336 302 94 
4337 923 575 
4338 690 781 
4339 525 312 
4340 398 470 
4341 363 966 
4342 813 95 
4343 797 451 
4344 258 911 
4345 367 250 
4346 726 507 
4347 959 702 
4348 307 514 
4349 524 493 
4350 37 510 
4351 538 72 
4352 368 34 
4353 953 554 
4354 213 859 
4355 725 186 
4356 702 404 
4357 121 711 
4358 504 682 
4359 61 8 
4360 561 416 
4361 78 733 
4362 759 200 
4363 316 485 
4364 128 79 
4365 479 892 
4366 23 340 
4367 554 785 
4368 932 629 
4369 226 394 
4370 181 645 
4371 904 324 
4372 872 6 
4373 498 315 
4374 715 719 
4375 424 217 
4376 98 162 
4377 937 239 
4378 695 517 
4379 102 486 
4380 720 962 
4381 990 448 
4382 498 269 
4383 209 192 
4384 572 434 
4385 521 627 
4386 102 529 
4387 746 849 
4388 760 663 
4389 49 284 
4390 783 42 
4391 538 68 
4392 538 616 
4393 204 972 
4394 787 461 
4395 232 916 
4396 689 791 
4397 695 764 
4398 617 503 
4399 489 42 
4400 957 135 
4401 449 545 
4402 525 610 
4403 341 302 
4404 218 796 
4405 348 328 
4406 418 120 
4407 689 259 
4408 733 408 
4409 588 864 
4410 526 636 
4411 959 261 
4412 485 930 
4413 973 852 
4414 433 294 
4415 622 579 
4416 387 998 
4417 912 992 
4418 557 365 
4419 264 975 
4420 833 914 
4421 782 497 
4422 679 740 
4423 814 570 
4424 102 372 
4425 459 416 
4426 484 919 
4427 574 323 
4428 473 303 
4429 468 661 
4430 813 501 
4431 45 327 
4432 345 796 
4433 177 109 
4434 243 69 
4435 525 191 
4436 891 835 
4437 731 85 
4438 922 74 
4439 824 455 
4440 867 513 
4441 846 158 
4442 625 81 
4443 898 426 
4444 72 465 
4445 488 505 
4446 272 160 
4447 90 65 
4448 292 254 
4449 816 442 
4450 857 326 
4451 825 115 
4452 802 428 
4453 759 223 
4454 992 439 
4455 648 860 
4456 38 516 
4457 417 624 
4458 914 95 
4459 38 296 
4460 104 694 
4461 37 414 
4462 393 883 
4463 512 6 
4464 944 86 
4465 856 885 
4466 341 357 
4467 207 743 
4468 171 89 
4469 126 251 
4470 724 615 
4471 573 205 
4472 316 55 
4473 721 601 
4474 450 684 
4475 287 847 
4476 803 912 
4477 23 671 
4478 753 732 
4479 260 977 
4480 905 273 
4481 143 161 
4482 186 574 
4483 483 662 
4484 625 510 
4485 724 366 
4486 642 789 
4487 785 888 
4488 153 847 
4489 768 653 
4490 142 21 
4491 752 251 
4492 150 452 
4493 210 32 
4494 198 508 
4495 321 639 
4496 843 275 
4497 136 730 
4498 757 787 
4499 474 109 
4500 170 191 
4501 277 90 
4502 966 949 
4503 88 119 
4504 144 831 
4505 987 40 
4506 960 796 
4507 198 265 
4508 701 895 
4509 50 789 
4510 859 825 
4511 219 820 
4512 201 536 
4513 935 876 
4514 937 186 
4515 776 791 
4516 584 407 
4517 373 157 
4518 573 139 
4519 7 406 
4520 166 869 
4521 703 494 
4522 438 312 
4523 493 477 
4524 140 795 
4525 739 394 
4526 285 590 
4527 776 939 
4528 512 931 
4529 856 636 
4530 226 999 
4531 232 10 
4532 824 812 
4533 648 322 
4534 802 276 
4535 457 370 
4536 432 756 
4537 390 636 
4538 283 587 
4539 912 227 
4540 446 437 
4541 25 451 
4542 902 672 
4543 329 273 
4544 652 986 
4545 991 204 
4546 36 685 
4547 527 135 
4548 654 136 
4549 266 533 
4550 329 180 
4551 235 495 
4552 935 200 
4553 870 356 
4554 756 617 
4555 643 38 
4556 264 417 
4557 368 157 
4558 588 986 
4559 877 698 
4560 289 256 
4561 264 354 
4562 196 56 
4563 648 445 
4564 669 585 
4565 143 202 
4566 775 350 
4567 185 217 
4568 178 372 
4569 105 548 
4570 348 526 
4571 147 723 
4572 702 123 
4573 76 403 
4574 698 649 
4575 909 346 
4576 275 424 
4577 63 921 
4578 725 573 
4579 528 310 
4580 923 273 
4581 763 309 
4582 487 830 
4583 294 59 
4584 571 590 
4585 997 983 
4586 519 159 
4587 828 349 
4588 868 879 
4589 33 88 
4590 21 15 
4591 576 36 
4592 637 103 
4593 72 301 
4594 931 975 
4595 866 743 
4596 234 61 
4597 146 259 
4598 5 296 
4599 951 882 
4600 120 568 
4601 652 1 
4602 313 215 
4603 449 585 
4604 301 336 
4605 179 690 
4606 952 675 
4607 488 548 
4608 348 570 
4609 495 18 
4610 594 387 
4611 171 355 
4612 383 490 
4613 57 438 
4614 997 49 
4615 591 345 
4616 547 751 
4617 316 294 
4618 807 419 
4619 158 851 
4620 735 884 
4621 383 797 
4622 367 735 
4623 17 744 
4624 212 35 
4625 608 949 
4626 599 700 
4627 519 448 
4628 765 994 
4629 362 956 
4630 692 117 
4631 450 542 
4632 936 31 
4633 648 851 
4634 436 286 
4635 481 903 
4636 44 653 
4637 671 435 
4638 478 63 
4639 16 634 
4640 177 503 
4641 407 968 
4642 5 302 
4643 769 791 
4644 282 226 
4645 930 304 
4646 501 263 
4647 710 619 
4648 173 908 
4649 307 994 
4650 676 445 
4651 283 816 
4652 345 897 
4653 264 129 
4654 442 415 
4655 728 6 
4656 598 978 
4657 640 961 
4658 88 454 
4659 669 487 
4660 800 821 
4661 381 734 
4662 828 627 
4663 92 740 
4664 244 26 
4665 187 529 
4666 731 811 
4667 643 51 
4668 409 202 
4669 191 452 
4670 653 684 
4671 294 186 
4672 392 144 
4673 48 195 
4674 949 175 
4675 896 938 
4676 740 457 
4677 24 506 
4678 790 990 
4679 563 742 
4680 994 389 
4681 299 387 
4682 982 356 
4683 810 139 
4684 690 485 
4685 14 487 
4686 222 754 
4687 982 272 
4688 195 397 
4689 409 58 
4690 791 190 
4691 854 533 
4692 234 241 
4693 349 665 
4694 230 835 
4695 12 253 
4696 91 785 
4697 14 380 
4698 848 621 
4699 895 173 
4700 70 878 
4701 130 606 
4702 406 755 
4703 11 532 
4704 595 756 
4705 856 866 
4706 882 862 
4707 242 683 
4708 870 80 
4709 658 981 
4710 648 390 
4711 158 380 
4712 91 762 
4713 146 48 
4714 5 649 
4715 235 325 
4716 2 521 
4717 712 397 
4718 123 525 
4719 753 500 
4720 428 723 
4721 217 679 
4722 74 707 
4723 440 809 
4724 195 404 
4725 649 316 
4726 72 356 
4727 835 513 
4728 717 403 
4729 546 724 
4730 314 597 
4731 141 334 
4732 890 178 
4733 754 608 
4734 656 884 
4735 990 514 
4736 961 717 
4737 697 837 
4738 764 82 
4739 69 91 
4740 918 615 
4741 31 905 
4742 195 72 
4743 279 165 
4744 591 602 
4745 250 226 
4746 506 652 
4747 135 510 
4748 801 293 
4749 54 948 
4750 953 859 
4751 723 210 
4752 215 461 
4753 994 265 
4754 299 798 
4755 901 164 
4756 51 311 
4757 153 824 
4758 396 263 
4759 623 463 
4760 171 297 
4761 158 832 
4762 937 514 
4763 933 342 
4764 669 54 
4765 62 787 
4766 667 158 
4767 758 570 
4768 282 544 
4769 578 974 
4770 179 28 
4771 355 937 
4772 918 414 
4773 114 101 
4774 791 868 
4775 22 961 
4776 797 693 
4777 650 985 
4778 283 60 
4779 972 157 
4780 40 233 
4781 80 187 
4782 129 530 
4783 243 795 
4784 246 387 
4785 467 856 
4786 169 375 
4787 996 350 
4788 754 241 
4789 29 636 
4790 464 28 
4791 761 104 
4792 947 795 
4793 922 409 
4794 821 101 
4795 328 909 
4796 447 457 
4797 30 63 
4798 71 834 
4799 269 980 
4800 286 32 
4801 338 267 
4802 88 587 
4803 315 495 
4804 653 428 
4805 424 306 
4806 316 113 
4807 60 263 
4808 583 381 
4809 90 76 
4810 242 330 
4811 764 18 
4812 29 908 
4813 870 435 
4814 689 651 
4815 329 207 
4816 31 532 
4817 788 843 
4818 812 437 
4819 165 383 
4820 673 323 
4821 109 465 
4822 150 546 
4823 378 819 
4824 782 952 
4825 886 334 
4826 998 766 
4827 412 2 
4828 832 316 
4829 170 299 
4830 340 952 
4831 290 481 
4832 149 563 
4833 619 924 
4834 769 536 
4835 717 594 
4836 131 58 
4837 450 455 
4838 491 192 
4839 591 584 
4840 692 592 
4841 770 668 
4842 238 630 
4843 117 951 
4844 410 870 
4845 800 156 
4846 987 142 
4847 341 334 
4848 948 801 
4849 181 43 
4850 772 137 
4851 592 294 
4852 814 436 
4853 282 447 
4854 765 258 
4855 864 97 
4856 469 320 
4857 930 784 
4858 917 828 
4859 691 941 
4860 888 70 
4861 427 400 
4862 634 735 
4863 62 33 
4864 400 361 
4865 781 427 
4866 512 291 
4867 994 533 
4868 672 687 
4869 736 533 
4870 682 401 
4871 489 27 
4872 605 366 
4873 290 984 
4874 263 55 
4875 313 50 
4876 902 417 
4877 359 501 
4878 694 594 
4879 503 511 
4880 172 889 
4881 854 623 
4882 449 162 
4883 773 499 
4884 427 198 
4885 34 974 
4886 269 291 
4887 605 34 
4888 119 53 
4889 814 95 
4890 544 312 
4891 788 56 
4892 231 713 
4893 967 78 
4894 858 144 
4895 343 555 
4896 549 284 
4897 158 381 
4898 28 459 
4899 264 366 
4900 668 652 
4901 403 924 
4902 459 259 
4903 129 905 
4904 608 944 
4905 578 505 
4906 413 53 
4907 167 291 
4908 505 370 
4909 985 543 
4910 850 863 
4911 168 538 
4912 247 21 
4913 415 1 
4914 972 385 
4915 405 600 
4916 807 854 
4917 263 677 
4918 983 110 
4919 728 933 
4920 748 325 
4921 970 946 
4922 737 522 
4923 654 825 
4924 334 794 
4925 608 940 
4926 922 395 
4927 6 168 
4928 822 650 
4929 639 349 
4930 853 585 
4931 328 581 
4932 31 9 
4933 890 435 
4934 813 255 
4935 247 378 
4936 598 286 
4937 363 487 
4938 360 930 
4939 695 548 
4940 667 724 
4941 304 105 
4942 695 223 
4943 694 553 
4944 381 637 
4945 257 942 
4946 867 958 
4947 70 866 
4948 257 335 
4949 639 436 
4950 913 187 
4951 473 875 
4952 180 25 
4953 967 866 
4954 462 545 
4955 396 600 
4956 907 700 
4957 373 675 
4958 628 687 
4959 316 808 
4960 666 99 
4961 857 689 
4962 51 117 
4963 275 571 
4964 833 29 
4965 300 179 
4966 888 685 
4967 411 357 
4968 680 576 
4969 219 41 
4970 680 36 
4971 801 642 
4972 308 77 
4973 435 468 
4974 301 312 
4975 299 570 
4976 359 120 
4977 499 697 
4978 704 897 
4979 306 700 
4980 891 671 
4981 708 188 
4982 292 417 
4983 600 196 
4984 399 56 
4985 179 183 
4986 345 598 
4987 3 518 
4988 736 533 
4989 798 258 
4990 511 253 
4991 880 994 
4992 953 360 
4993 586 802 
4994 494 974 
4995 184 184 
4996 395 33 
4997 139 476 
4998 84 460 
4999 237 155 
5000 973 861 
