npieces: 1000
capacity: 1584976652
1 18839 10002472 
2 32755 10003657 
3 20345 10008538 
4 61522 10006358 
5 31715 10005164 
6 75569 10003859 
7 72532 10006868 
8 41171 10005742 
9 46764 10006841 
10 9233 10007181 
11 70043 10002209 
12 43250 10003461 
13 77571 10000725 
14 25283 10007948 
15 88780 10007713 
16 92916 10008614 
17 85988 10000776 
18 31599 10004012 
19 92176 10009269 
20 85749 10001116 
21 17172 10007068 
22 92887 10008553 
23 46779 10000942 
24 2190 10004018 
25 28900 10009707 
26 83703 10003073 
27 52201 10006690 
28 26799 10003722 
29 51565 10001140 
30 8998 10001331 
31 10529 10007943 
32 55299 10003858 
33 53587 10007542 
34 41844 10002257 
35 50611 10002022 
36 1680 10004927 
37 11555 10003603 
38 74252 10000721 
39 52443 10003561 
40 55478 10006182 
41 4150 10001774 
42 94897 10006568 
43 64701 10005516 
44 93805 10006765 
45 16526 10006989 
46 73282 10009981 
47 81321 10009583 
48 18793 10007023 
49 10262 10009287 
50 89239 10004124 
51 12502 10001937 
52 5271 10005477 
53 12100 10007765 
54 15491 10003263 
55 3304 10006982 
56 18367 10007676 
57 6264 10004853 
58 61842 10004294 
59 14571 10002514 
60 92449 10009189 
61 45628 10008674 
62 59594 10007920 
63 29175 10007548 
64 57146 10005088 
65 2435 10001693 
66 70635 10006415 
67 33580 10004203 
68 75038 10000448 
69 65995 10008871 
70 6449 10005176 
71 86453 10009291 
72 67517 10008505 
73 88541 10004259 
74 7214 10007984 
75 62023 10002201 
76 79712 10002340 
77 19626 10006680 
78 60882 10007407 
79 82656 10007026 
80 54794 10003786 
81 6253 10004317 
82 46597 10009536 
83 6858 10009288 
84 88761 10007636 
85 40173 10005003 
86 68713 10005519 
87 99895 10008092 
88 22819 10000209 
89 39417 10007838 
90 75386 10008121 
91 5252 10004356 
92 2332 10009616 
93 72652 10008836 
94 7983 10004591 
95 56151 10009030 
96 80140 10003137 
97 84232 10001147 
98 62168 10002050 
99 74627 10009867 
100 64219 10005831 
101 56860 10007719 
102 82431 10007832 
103 95489 10007837 
104 21927 10009064 
105 42976 10001753 
106 86025 10003109 
107 60438 10001592 
108 62026 10007195 
109 74678 10000616 
110 34260 10001539 
111 93170 10007660 
112 83894 10002824 
113 57736 10008028 
114 10584 10000986 
115 22924 10009640 
116 6042 10009915 
117 34830 10005293 
118 648 10008199 
119 18120 10008960 
120 72508 10006257 
121 57031 10002168 
122 65072 10002393 
123 787 10006632 
124 86654 10004505 
125 12604 10001386 
126 60310 10006863 
127 11363 10004679 
128 33467 10008980 
129 18882 10008642 
130 57850 10004987 
131 5945 10008437 
132 13064 10008501 
133 98294 10003762 
134 48951 10009041 
135 64672 10004172 
136 44181 10000514 
137 17888 10001935 
138 60322 10009688 
139 58061 10003401 
140 16459 10008944 
141 36946 10005564 
142 77032 10000839 
143 36382 10007692 
144 90670 10005402 
145 87208 10002770 
146 10257 10006729 
147 38461 10002723 
148 37082 10002137 
149 60680 10000971 
150 14529 10009513 
151 90172 10005731 
152 89128 10004173 
153 62689 10002226 
154 50739 10005574 
155 83161 10007007 
156 47207 10004914 
157 39853 10004324 
158 61342 10000063 
159 57593 10008206 
160 68868 10009003 
161 58608 10008513 
162 59122 10003848 
163 32653 10007944 
164 22245 10001339 
165 72280 10004891 
166 6073 10000563 
167 51986 10007177 
168 18727 10002534 
169 11133 10007284 
170 91320 10004791 
171 36490 10006589 
172 57573 10001716 
173 2496 10005732 
174 75789 10004844 
175 38022 10003425 
176 22738 10006750 
177 48077 10000561 
178 19408 10005356 
179 86589 10003560 
180 12187 10002495 
181 93722 10009413 
182 64724 10002948 
183 15635 10004163 
184 94407 10004899 
185 32072 10006011 
186 740 10007360 
187 19125 10008007 
188 24248 10000218 
189 20959 10003666 
190 2696 10003297 
191 9689 10000635 
192 15594 10007078 
193 73779 10004200 
194 10975 10009274 
195 51712 10004374 
196 84977 10009000 
197 67907 10009823 
198 82341 10006382 
199 16918 10007029 
200 54396 10005222 
201 38678 10004906 
202 51852 10007236 
203 35662 10005618 
204 4950 10002968 
205 85150 10006112 
206 23844 10002771 
207 61543 10008013 
208 84737 10008070 
209 4118 10000760 
210 50068 10003173 
211 1035 10005511 
212 24987 10001211 
213 34118 10000459 
214 5408 10003415 
215 34701 10002482 
216 5626 10007173 
217 13755 10001365 
218 88611 10009255 
219 12328 10006850 
220 58193 10006737 
221 19857 10004004 
222 54804 10004325 
223 43588 10002638 
224 37195 10008371 
225 25995 10005159 
226 19907 10008514 
227 41746 10005566 
228 89868 10003388 
229 73302 10000047 
230 93434 10009843 
231 87308 10004318 
232 20725 10009745 
233 49164 10009280 
234 60317 10009966 
235 81368 10007498 
236 159 10000267 
237 13420 10000385 
238 43052 10007371 
239 96324 10008432 
240 56060 10006737 
241 79844 10004071 
242 15038 10009779 
243 81352 10009632 
244 45274 10005934 
245 44585 10009342 
246 62982 10001732 
247 55945 10008654 
248 63681 10007281 
249 923 10003231 
250 86063 10000524 
251 22578 10000766 
252 98322 10007272 
253 55716 10002810 
254 49665 10009001 
255 63674 10005079 
256 75592 10005955 
257 95735 10009838 
258 81147 10000110 
259 87298 10006977 
260 63864 10001799 
261 22130 10008203 
262 89976 10005344 
263 80758 10006438 
264 22482 10008152 
265 54654 10005799 
266 67309 10005109 
267 16393 10001620 
268 63807 10004525 
269 32940 10009733 
270 80326 10002659 
271 33115 10008648 
272 28546 10002015 
273 14487 10009342 
274 14158 10006327 
275 14580 10001300 
276 90169 10001817 
277 88646 10008636 
278 59269 10009067 
279 36776 10009529 
280 35835 10003385 
281 92232 10002650 
282 96073 10001533 
283 8850 10002173 
284 4410 10003437 
285 48055 10006469 
286 69104 10003390 
287 39162 10004934 
288 98752 10004679 
289 79032 10002525 
290 71146 10008560 
291 12369 10000109 
292 69747 10001513 
293 78295 10001844 
294 59905 10008247 
295 78706 10000412 
296 77810 10007609 
297 1485 10006157 
298 98681 10009129 
299 86209 10006863 
300 54327 10007661 
301 96155 10007038 
302 89522 10003245 
303 28653 10001942 
304 96852 10000736 
305 37838 10008446 
306 22307 10000223 
307 98638 10001393 
308 13368 10007787 
309 10843 10005719 
310 74814 10005818 
311 2089 10005474 
312 20201 10007100 
313 54401 10008548 
314 71345 10002476 
315 43209 10001358 
316 66441 10006898 
317 67372 10009107 
318 38528 10002325 
319 9509 10000364 
320 86580 10007709 
321 91533 10004628 
322 65678 10002583 
323 62847 10006451 
324 21725 10008818 
325 40612 10007289 
326 50802 10007447 
327 22369 10000160 
328 67286 10006629 
329 77433 10007363 
330 2244 10007002 
331 30175 10008669 
332 32262 10009422 
333 37404 10009402 
334 65999 10001048 
335 55641 10005083 
336 72562 10005652 
337 82410 10001253 
338 82910 10000621 
339 87575 10005688 
340 48951 10003860 
341 65864 10006541 
342 81201 10007074 
343 84781 10003097 
344 4779 10003290 
345 73959 10001263 
346 3686 10007591 
347 42807 10006177 
348 62529 10004469 
349 20192 10000454 
350 6066 10006988 
351 31803 10004807 
352 53123 10008583 
353 57943 10009572 
354 41447 10001603 
355 63627 10007732 
356 41112 10008131 
357 67450 10007913 
358 97742 10009808 
359 79586 10007506 
360 2941 10000189 
361 6145 10007194 
362 96172 10008248 
363 74468 10005261 
364 46413 10009693 
365 39021 10009579 
366 23166 10000229 
367 58240 10002469 
368 83675 10003883 
369 66506 10003285 
370 54110 10008591 
371 75023 10000570 
372 95285 10001124 
373 40591 10008560 
374 46173 10002372 
375 67987 10008062 
376 99296 10007939 
377 28954 10009801 
378 2537 10001120 
379 92923 10004678 
380 87744 10003064 
381 43414 10002845 
382 43558 10007061 
383 60699 10008473 
384 74286 10007812 
385 5078 10001436 
386 85078 10002196 
387 61110 10000735 
388 48321 10007434 
389 41465 10006182 
390 69203 10005506 
391 98934 10008562 
392 37384 10004128 
393 98022 10009489 
394 59409 10002932 
395 81455 10009248 
396 38060 10005259 
397 48239 10003968 
398 34271 10000194 
399 11169 10005654 
400 12304 10004390 
401 50095 10001564 
402 78692 10001735 
403 97621 10004246 
404 15122 10006283 
405 59629 10009039 
406 40483 10005678 
407 51069 10000578 
408 1481 10008007 
409 82521 10007188 
410 75225 10001590 
411 37142 10003102 
412 53862 10006490 
413 47532 10005496 
414 67516 10001071 
415 19398 10003313 
416 86453 10003108 
417 76778 10007083 
418 87483 10000987 
419 71199 10007620 
420 9435 10004633 
421 3360 10000111 
422 87682 10000637 
423 51100 10001968 
424 40055 10003037 
425 68231 10005079 
426 87316 10002220 
427 84449 10008372 
428 68931 10009353 
429 1473 10005865 
430 16177 10007760 
431 17022 10008493 
432 19633 10007299 
433 25113 10003148 
434 21136 10001588 
435 58410 10003340 
436 61328 10009817 
437 63653 10008858 
438 68483 10004274 
439 33673 10002739 
440 36134 10007478 
441 96421 10002255 
442 47319 10005945 
443 9511 10000199 
444 25429 10001403 
445 67266 10004151 
446 83827 10000362 
447 6940 10002687 
448 86840 10002279 
449 37970 10000275 
450 27382 10004678 
451 96328 10001618 
452 70020 10008463 
453 89264 10000772 
454 84730 10003441 
455 92117 10008045 
456 48169 10004598 
457 62118 10007150 
458 7541 10000802 
459 46202 10009883 
460 34545 10002117 
461 83044 10007046 
462 33109 10003872 
463 7188 10002138 
464 58141 10005908 
465 29511 10008340 
466 28417 10003702 
467 90317 10002284 
468 53389 10005054 
469 24053 10008178 
470 49500 10005967 
471 39895 10004898 
472 65110 10009041 
473 48189 10000458 
474 52003 10002826 
475 99247 10005299 
476 95914 10004043 
477 48506 10008122 
478 32299 10003974 
479 9116 10008163 
480 8534 10009870 
481 94926 10009267 
482 56550 10000183 
483 98926 10004588 
484 10813 10003020 
485 57256 10007878 
486 10556 10006031 
487 11969 10000616 
488 1151 10000234 
489 33280 10007509 
490 44788 10003733 
491 84538 10009459 
492 99414 10004689 
493 56696 10008376 
494 83882 10000289 
495 46406 10009181 
496 5685 10008776 
497 63034 10009156 
498 59832 10003229 
499 37727 10009974 
500 92137 10000043 
501 14046 10002885 
502 22959 10004389 
503 60520 10002128 
504 33626 10007367 
505 21090 10000197 
506 74012 10005943 
507 73774 10001744 
508 98312 10008954 
509 89810 10009058 
510 71302 10003491 
511 80295 10000061 
512 46319 10005527 
513 92095 10000859 
514 8811 10002956 
515 27572 10005471 
516 21477 10003200 
517 66569 10003571 
518 16424 10001493 
519 23296 10006224 
520 49753 10004922 
521 92568 10005660 
522 43920 10005269 
523 5375 10009166 
524 35859 10000540 
525 33436 10004029 
526 83953 10009891 
527 42802 10005062 
528 3193 10006255 
529 92146 10006125 
530 5972 10006825 
531 94496 10002746 
532 47269 10002910 
533 46911 10005732 
534 73468 10007092 
535 2652 10006060 
536 54769 10006263 
537 95796 10005456 
538 48131 10006354 
539 36195 10000304 
540 55821 10000249 
541 87530 10005213 
542 33313 10007986 
543 14396 10007965 
544 55301 10007876 
545 57829 10001708 
546 45351 10009767 
547 81336 10009676 
548 81757 10001995 
549 13235 10004429 
550 22429 10004741 
551 51825 10006839 
552 50550 10001428 
553 44332 10006900 
554 9258 10001186 
555 88428 10002795 
556 68328 10001382 
557 12177 10002167 
558 10826 10007078 
559 94265 10001334 
560 28680 10007113 
561 42222 10002349 
562 60374 10002762 
563 27343 10000153 
564 46593 10005561 
565 5273 10002848 
566 24930 10002668 
567 22834 10008582 
568 64924 10004723 
569 65810 10001243 
570 44952 10004009 
571 22863 10003618 
572 17914 10001206 
573 70083 10002045 
574 67743 10002449 
575 84892 10007556 
576 85846 10005651 
577 8448 10009604 
578 52696 10001559 
579 26810 10008420 
580 11653 10006813 
581 49221 10003426 
582 90780 10007790 
583 50548 10006300 
584 47703 10006537 
585 95484 10008619 
586 20449 10003900 
587 92863 10005642 
588 3093 10007631 
589 38454 10000036 
590 58740 10008010 
591 73018 10001595 
592 44066 10004182 
593 42415 10005653 
594 78430 10005601 
595 21101 10005169 
596 87132 10002747 
597 88460 10007512 
598 42049 10003374 
599 85803 10001854 
600 17403 10001306 
601 20029 10009815 
602 27546 10006446 
603 86321 10001430 
604 85550 10002899 
605 66653 10005601 
606 36414 10008210 
607 55719 10002944 
608 7682 10008806 
609 70383 10002965 
610 13502 10006284 
611 71579 10007221 
612 43452 10004951 
613 27200 10000116 
614 35397 10008784 
615 64683 10006735 
616 76571 10002522 
617 15338 10000227 
618 64534 10004851 
619 19417 10009787 
620 30745 10008839 
621 35948 10006470 
622 78736 10007423 
623 13814 10001991 
624 45609 10005510 
625 26964 10000822 
626 76396 10007180 
627 13113 10001796 
628 17144 10008404 
629 50903 10006731 
630 33563 10000424 
631 23079 10002068 
632 10509 10008364 
633 99989 10007939 
634 28106 10003920 
635 107 10001324 
636 40010 10006431 
637 99640 10003993 
638 49151 10000484 
639 97692 10000867 
640 52074 10005116 
641 91475 10001229 
642 48250 10009942 
643 90363 10003425 
644 79139 10009031 
645 28804 10004418 
646 69719 10005451 
647 85780 10002240 
648 54595 10008838 
649 35539 10004922 
650 89865 10001448 
651 8826 10001230 
652 97717 10008686 
653 57971 10002460 
654 73278 10009749 
655 23980 10006265 
656 83355 10008186 
657 40126 10001807 
658 64831 10003117 
659 27477 10002625 
660 38098 10006548 
661 73083 10008603 
662 93678 10006684 
663 64357 10006696 
664 8531 10004602 
665 7897 10000478 
666 81031 10004511 
667 18106 10003077 
668 91694 10007033 
669 13427 10005317 
670 17441 10008727 
671 73948 10002012 
672 77742 10003109 
673 37643 10008878 
674 42316 10002997 
675 73018 10001927 
676 55193 10003359 
677 49328 10001324 
678 92723 10008655 
679 94991 10003472 
680 8495 10002716 
681 53626 10008738 
682 16473 10006681 
683 60225 10008755 
684 66952 10004533 
685 60810 10009942 
686 61789 10000461 
687 46142 10009025 
688 20696 10008609 
689 75533 10004847 
690 71191 10004675 
691 18558 10008135 
692 95821 10004971 
693 58103 10008008 
694 30778 10002840 
695 23462 10009131 
696 93388 10000306 
697 54762 10003002 
698 74098 10006491 
699 2945 10009455 
700 18073 10005427 
701 57710 10002837 
702 64549 10004251 
703 98182 10003387 
704 56749 10006849 
705 47896 10004007 
706 13140 10006890 
707 74263 10002759 
708 9120 10001182 
709 2405 10003810 
710 43960 10005916 
711 40765 10003149 
712 8862 10003502 
713 7485 10002250 
714 80871 10000600 
715 71407 10005595 
716 82195 10006938 
717 29746 10000676 
718 33454 10009957 
719 59145 10000735 
720 13890 10000842 
721 92128 10002504 
722 66038 10008030 
723 65303 10007032 
724 75238 10001482 
725 11757 10006736 
726 85280 10009086 
727 4265 10008699 
728 43801 10007013 
729 28487 10004486 
730 88779 10002548 
731 78110 10003212 
732 37964 10006445 
733 23498 10001897 
734 55595 10004160 
735 61915 10007008 
736 78473 10004336 
737 87290 10007816 
738 30065 10009571 
739 38098 10007697 
740 84181 10003811 
741 30178 10002068 
742 64103 10004899 
743 89342 10008825 
744 37297 10001547 
745 18845 10001442 
746 37298 10003636 
747 49987 10004709 
748 19542 10007391 
749 43275 10007671 
750 3632 10002143 
751 33552 10002803 
752 44246 10007767 
753 95352 10001305 
754 27449 10004318 
755 3742 10005604 
756 96864 10007663 
757 64570 10008180 
758 81920 10004189 
759 61167 10003482 
760 14298 10004692 
761 14642 10006338 
762 44177 10005739 
763 30866 10009706 
764 89414 10009509 
765 19207 10008817 
766 47602 10001734 
767 34555 10009499 
768 30143 10002227 
769 11056 10000417 
770 21444 10003842 
771 56653 10002373 
772 21403 10007825 
773 64264 10007299 
774 77344 10006050 
775 11569 10001155 
776 95528 10001540 
777 27801 10005834 
778 27995 10001661 
779 11838 10004032 
780 75312 10000595 
781 59188 10005885 
782 10372 10002026 
783 25329 10002637 
784 90423 10008551 
785 42069 10006659 
786 74467 10000723 
787 97715 10004345 
788 71609 10006940 
789 59105 10004821 
790 22138 10002517 
791 63192 10005799 
792 52431 10008638 
793 40968 10001390 
794 95525 10007422 
795 22556 10008555 
796 64040 10003548 
797 48485 10005982 
798 12347 10008542 
799 81541 10008012 
800 58993 10008888 
801 26683 10000386 
802 19948 10006470 
803 83590 10004707 
804 57072 10009653 
805 28695 10003709 
806 57282 10007915 
807 75224 10000250 
808 83554 10003223 
809 94482 10000227 
810 26274 10004787 
811 66784 10004526 
812 44962 10002134 
813 2382 10006424 
814 94410 10009638 
815 36685 10001373 
816 18787 10002570 
817 54 10001508 
818 40626 10007758 
819 29560 10002792 
820 6386 10008271 
821 13824 10003793 
822 12781 10007639 
823 63588 10001314 
824 72439 10001187 
825 39980 10006635 
826 3591 10006799 
827 84285 10007006 
828 43090 10003891 
829 44483 10003374 
830 60933 10002054 
831 6235 10006244 
832 74495 10008113 
833 97978 10008748 
834 62442 10001999 
835 3965 10006140 
836 38324 10001904 
837 93646 10005076 
838 2094 10007005 
839 40944 10009424 
840 81408 10005733 
841 57160 10008299 
842 81318 10000598 
843 58856 10000894 
844 85484 10007176 
845 92760 10004470 
846 86561 10007699 
847 53475 10002644 
848 13883 10009520 
849 92860 10001181 
850 67463 10005821 
851 29003 10007970 
852 82506 10005226 
853 86807 10005258 
854 33018 10004001 
855 54801 10001883 
856 12402 10004083 
857 699 10005799 
858 24054 10007020 
859 67156 10008947 
860 39011 10009944 
861 54914 10008323 
862 8466 10004176 
863 9882 10004881 
864 23401 10001293 
865 83566 10003869 
866 26173 10001933 
867 38516 10004590 
868 13417 10009778 
869 1966 10002087 
870 60484 10009528 
871 78139 10007012 
872 69121 10007311 
873 77626 10007940 
874 86728 10003830 
875 42871 10005920 
876 34253 10006313 
877 93107 10008953 
878 98730 10004657 
879 31508 10003888 
880 77918 10009754 
881 33830 10009279 
882 32449 10008898 
883 72972 10007397 
884 70403 10008668 
885 12264 10008031 
886 21216 10003172 
887 63554 10001890 
888 673 10004718 
889 40376 10006612 
890 51443 10001143 
891 63427 10007402 
892 24284 10002029 
893 69089 10007916 
894 40447 10003386 
895 9924 10005797 
896 64622 10007548 
897 31831 10001047 
898 70471 10007536 
899 53448 10003867 
900 38188 10007324 
901 97431 10008966 
902 12195 10008492 
903 2745 10007351 
904 17606 10004163 
905 90185 10003964 
906 50792 10006020 
907 68396 10003957 
908 31494 10007849 
909 25983 10005952 
910 16645 10002288 
911 6592 10000595 
912 1165 10009862 
913 47381 10009881 
914 53505 10007403 
915 38076 10003955 
916 98906 10002245 
917 40656 10007888 
918 16384 10007345 
919 80341 10006567 
920 3908 10008564 
921 65345 10004385 
922 1277 10005471 
923 16807 10003475 
924 80221 10003585 
925 95745 10005977 
926 51983 10007798 
927 72601 10004319 
928 35151 10007598 
929 28532 10003689 
930 63813 10005432 
931 75740 10004802 
932 8160 10003917 
933 27688 10009937 
934 4972 10001849 
935 18602 10006311 
936 66799 10001187 
937 21557 10006213 
938 88613 10009710 
939 12616 10004379 
940 97302 10003705 
941 30716 10002891 
942 67281 10004209 
943 8198 10006732 
944 88808 10006598 
945 93897 10007018 
946 26055 10004650 
947 25883 10008827 
948 79089 10006902 
949 690 10009613 
950 37818 10007399 
951 63627 10009210 
952 68027 10000757 
953 99031 10004621 
954 95829 10007332 
955 16259 10000671 
956 18565 10001716 
957 11778 10008250 
958 56000 10009123 
959 40377 10001599 
960 68651 10005843 
961 82630 10004722 
962 34650 10009526 
963 42862 10000131 
964 90467 10001396 
965 14338 10002136 
966 75006 10005887 
967 64333 10004917 
968 58363 10000766 
969 30749 10009502 
970 17856 10008982 
971 73419 10005955 
972 44990 10006231 
973 7656 10005530 
974 20719 10006242 
975 60391 10005275 
976 71278 10008872 
977 49185 10005060 
978 49234 10007870 
979 91816 10003597 
980 99016 10004541 
981 30316 10005238 
982 33773 10001878 
983 27524 10004972 
984 93605 10005890 
985 19226 10002074 
986 86203 10009303 
987 99061 10002956 
988 88469 10003926 
989 51075 10006607 
990 31570 10004849 
991 24611 10006005 
992 84963 10004171 
993 15725 10006900 
994 23940 10006536 
995 10847 10007454 
996 46838 10002371 
997 95812 10009435 
998 42074 10009790 
999 61955 10004002 
1000 88363 10005316 
