npieces: 1000
capacity: 8816332386
1 10465 10000961 
2 99010 10006437 
3 50668 10001499 
4 51497 10008523 
5 33822 10002580 
6 60847 10005920 
7 93111 10000996 
8 44217 10008946 
9 20535 10001825 
10 60096 10003305 
11 98157 10008754 
12 12841 10008602 
13 87966 10007374 
14 43778 10004713 
15 30638 10005570 
16 61466 10005003 
17 31823 10004593 
18 40862 10009657 
19 9667 10002213 
20 22924 10004752 
21 8719 10008628 
22 6037 10000966 
23 65374 10006271 
24 6612 10005783 
25 12846 10008708 
26 65190 10007741 
27 60796 10005107 
28 38437 10002990 
29 90727 10000797 
30 48357 10009231 
31 24131 10004792 
32 55657 10002919 
33 30397 10008495 
34 45379 10004942 
35 45158 10003478 
36 9191 10000644 
37 79070 10002828 
38 29194 10007166 
39 2398 10005865 
40 54300 10002522 
41 769 10006343 
42 24127 10003636 
43 74480 10002876 
44 79523 10004514 
45 86409 10004661 
46 20704 10001882 
47 65099 10001535 
48 86639 10006179 
49 47521 10000367 
50 39430 10002712 
51 58728 10001074 
52 31662 10007609 
53 66975 10001022 
54 51234 10005644 
55 94826 10009847 
56 90309 10001841 
57 24195 10003821 
58 30464 10009315 
59 75294 10009987 
60 57624 10008682 
61 61078 10002907 
62 51720 10007325 
63 2745 10000092 
64 47328 10001476 
65 89197 10003861 
66 35098 10009420 
67 28542 10002204 
68 90132 10004724 
69 67718 10004047 
70 84847 10000340 
71 62551 10001836 
72 91107 10005934 
73 31208 10006060 
74 44573 10005052 
75 41145 10003593 
76 82582 10005305 
77 11492 10004577 
78 96017 10009900 
79 42754 10003699 
80 69904 10002862 
81 45207 10000582 
82 36755 10001021 
83 9628 10007080 
84 14127 10001673 
85 17671 10001940 
86 3047 10003995 
87 57721 10009053 
88 74154 10005382 
89 10020 10006343 
90 78985 10007541 
91 41974 10006677 
92 51762 10002148 
93 43718 10000140 
94 60205 10001851 
95 81626 10001847 
96 979 10000117 
97 80339 10002532 
98 65606 10008479 
99 27638 10002203 
100 36338 10004091 
101 80791 10002287 
102 69758 10007844 
103 25924 10004237 
104 86894 10001404 
105 16779 10005890 
106 35640 10005538 
107 88937 10000889 
108 80672 10009311 
109 39248 10001793 
110 83891 10002783 
111 33620 10002140 
112 67229 10009405 
113 57811 10003060 
114 52327 10003478 
115 56959 10000121 
116 74064 10007856 
117 71625 10001718 
118 99431 10008868 
119 43467 10009249 
120 60898 10002390 
121 70001 10009056 
122 85918 10004741 
123 87909 10009369 
124 74132 10009694 
125 83255 10006994 
126 40724 10009211 
127 24837 10003927 
128 75201 10004777 
129 65644 10002026 
130 49065 10007927 
131 12427 10006293 
132 34687 10000234 
133 17040 10004107 
134 95062 10004525 
135 43650 10003244 
136 36508 10001110 
137 4395 10005559 
138 2576 10003732 
139 91967 10007834 
140 96162 10002772 
141 31405 10005989 
142 54182 10004403 
143 63553 10006476 
144 21717 10000206 
145 91571 10002171 
146 27776 10005557 
147 58096 10007844 
148 76305 10008222 
149 3522 10007459 
150 17120 10003029 
151 57503 10009011 
152 83438 10002561 
153 11435 10002922 
154 70946 10008450 
155 61963 10000911 
156 64062 10001879 
157 35048 10006204 
158 15165 10009260 
159 57563 10000686 
160 20203 10001392 
161 88315 10009577 
162 92256 10002724 
163 60416 10008601 
164 12539 10000096 
165 94003 10003043 
166 27096 10007584 
167 88788 10009290 
168 61069 10007899 
169 86503 10007709 
170 48263 10007604 
171 24188 10001341 
172 41211 10007497 
173 6842 10004285 
174 79723 10007945 
175 11560 10004530 
176 21272 10004579 
177 16344 10008298 
178 16767 10007657 
179 76720 10006841 
180 19665 10000499 
181 99445 10003070 
182 33042 10001696 
183 56310 10002068 
184 25646 10000888 
185 97362 10005220 
186 69555 10004732 
187 16008 10006312 
188 52175 10001231 
189 63001 10005818 
190 3207 10008334 
191 87868 10007435 
192 81936 10005146 
193 60638 10003408 
194 27278 10006199 
195 90003 10004855 
196 22503 10002396 
197 52669 10009815 
198 91491 10002795 
199 3192 10001397 
200 73379 10004091 
201 59200 10005139 
202 70842 10009568 
203 1536 10002883 
204 65708 10005917 
205 18552 10009177 
206 38178 10000735 
207 10730 10006510 
208 29063 10003210 
209 28705 10006465 
210 60259 10000594 
211 26174 10002040 
212 15345 10006208 
213 36928 10006804 
214 42174 10000692 
215 87919 10002722 
216 99649 10007449 
217 80070 10006718 
218 38769 10005924 
219 20571 10001618 
220 16424 10000870 
221 95691 10008812 
222 68754 10008721 
223 70439 10002782 
224 89713 10003463 
225 18837 10008575 
226 82321 10005582 
227 17605 10002639 
228 96227 10009456 
229 49425 10005207 
230 35608 10001647 
231 13423 10001711 
232 95996 10004022 
233 65718 10009785 
234 30380 10002522 
235 42155 10000122 
236 8821 10004223 
237 1511 10003609 
238 88587 10009175 
239 36422 10008208 
240 64770 10001205 
241 53263 10009392 
242 50925 10008480 
243 52923 10002417 
244 1649 10003475 
245 21476 10007718 
246 93476 10004449 
247 17803 10002319 
248 8487 10006230 
249 7398 10005288 
250 1086 10007656 
251 53284 10002895 
252 45512 10000396 
253 16926 10003747 
254 20927 10009861 
255 21117 10001879 
256 51214 10008024 
257 34370 10008310 
258 39722 10008459 
259 83797 10000801 
260 70990 10006283 
261 37133 10001156 
262 25399 10003981 
263 35800 10000118 
264 54008 10001964 
265 14601 10004495 
266 86427 10009489 
267 64828 10005812 
268 37813 10001009 
269 40518 10005326 
270 13157 10005392 
271 99965 10009704 
272 44169 10004611 
273 45697 10007943 
274 84828 10000627 
275 23623 10007620 
276 29616 10008750 
277 77632 10002213 
278 98628 10006807 
279 76618 10002026 
280 14274 10006733 
281 98066 10004898 
282 59320 10002074 
283 7301 10005038 
284 54992 10003634 
285 43570 10005389 
286 53262 10009643 
287 85981 10005991 
288 51110 10008635 
289 45186 10007094 
290 81272 10002957 
291 50372 10000589 
292 1673 10006926 
293 64306 10004508 
294 96831 10003300 
295 50484 10004252 
296 2232 10005549 
297 30424 10005717 
298 73800 10004181 
299 91027 10006784 
300 25069 10009522 
301 27190 10001062 
302 17392 10000346 
303 93135 10006743 
304 36795 10003396 
305 52249 10006006 
306 33073 10008956 
307 66753 10007393 
308 21455 10006847 
309 92725 10008783 
310 11677 10009078 
311 13451 10008291 
312 9968 10004624 
313 6156 10003757 
314 33311 10008440 
315 88859 10003519 
316 23328 10009990 
317 43462 10009900 
318 84639 10006481 
319 66888 10003916 
320 84122 10007074 
321 8856 10006525 
322 69852 10000484 
323 68305 10009588 
324 29172 10009031 
325 81663 10007233 
326 29169 10006643 
327 13763 10007824 
328 57916 10008218 
329 30147 10008860 
330 98322 10005174 
331 68817 10005486 
332 28733 10001778 
333 18678 10007187 
334 50190 10008661 
335 41915 10009499 
336 61817 10008040 
337 38228 10005470 
338 68012 10004425 
339 15978 10005433 
340 79757 10007320 
341 98819 10004502 
342 77712 10009023 
343 1743 10004746 
344 29362 10006110 
345 5554 10008775 
346 65652 10006420 
347 65641 10008674 
348 68055 10008490 
349 38715 10008095 
350 23953 10002441 
351 65086 10000680 
352 97354 10005484 
353 57410 10003868 
354 3862 10006800 
355 83934 10005621 
356 17838 10007431 
357 66773 10008354 
358 21869 10009964 
359 43140 10000562 
360 20708 10005409 
361 50251 10001858 
362 70778 10009237 
363 374 10000798 
364 44260 10005345 
365 3783 10003956 
366 76605 10007201 
367 43746 10003894 
368 54818 10005152 
369 22037 10003869 
370 94956 10005324 
371 11841 10009691 
372 53163 10009848 
373 76521 10003353 
374 70684 10003440 
375 97878 10007727 
376 93383 10004871 
377 45316 10008242 
378 98327 10005677 
379 57101 10001031 
380 89078 10006493 
381 96272 10001638 
382 3813 10001730 
383 63038 10007129 
384 99765 10000281 
385 75937 10009748 
386 40677 10008465 
387 32393 10006159 
388 31128 10004175 
389 86899 10005983 
390 26034 10007934 
391 34968 10003779 
392 28943 10005188 
393 79376 10004249 
394 44480 10003680 
395 24066 10002336 
396 94179 10001984 
397 85257 10007033 
398 72477 10000782 
399 59332 10008535 
400 5495 10007770 
401 63738 10006597 
402 18323 10004707 
403 70599 10008998 
404 56585 10003375 
405 76872 10007368 
406 34850 10002619 
407 25407 10007170 
408 61904 10001916 
409 92292 10001756 
410 56744 10000163 
411 8296 10002014 
412 53949 10007310 
413 91270 10009889 
414 85146 10003756 
415 95401 10006801 
416 9852 10006841 
417 33844 10005812 
418 9258 10001143 
419 51026 10005812 
420 61809 10001229 
421 34651 10007432 
422 44896 10008441 
423 9599 10007665 
424 56029 10001666 
425 45522 10004320 
426 74691 10003273 
427 49204 10002149 
428 86873 10006253 
429 5980 10009922 
430 40911 10002573 
431 60896 10006093 
432 98967 10002808 
433 88067 10007317 
434 66110 10004976 
435 25852 10005196 
436 44102 10000621 
437 34271 10004899 
438 80769 10007454 
439 24523 10004899 
440 38220 10003515 
441 28303 10003783 
442 66310 10008598 
443 20153 10002856 
444 82987 10004399 
445 23069 10007920 
446 67313 10007095 
447 89022 10006399 
448 57886 10008876 
449 19740 10005068 
450 42724 10001523 
451 47354 10001203 
452 98491 10001395 
453 98058 10006717 
454 41689 10005166 
455 54488 10001389 
456 92208 10008395 
457 55920 10002711 
458 47076 10009950 
459 30893 10008139 
460 48167 10006922 
461 89439 10000959 
462 14131 10008925 
463 49463 10003834 
464 62596 10000345 
465 65778 10003757 
466 81519 10006194 
467 73792 10004284 
468 52771 10008099 
469 13840 10006282 
470 1275 10005723 
471 92570 10005587 
472 79036 10001813 
473 85544 10006354 
474 27345 10005990 
475 83361 10005363 
476 58145 10003504 
477 34900 10009779 
478 50890 10008963 
479 57502 10002723 
480 59068 10005890 
481 65465 10003260 
482 30900 10006499 
483 88897 10000284 
484 97651 10009184 
485 87107 10001902 
486 98299 10001067 
487 41988 10007624 
488 80870 10003615 
489 93355 10009630 
490 95298 10006017 
491 79308 10005700 
492 40173 10006453 
493 38546 10007568 
494 44489 10007949 
495 59400 10003166 
496 98172 10003020 
497 64005 10003597 
498 36422 10008025 
499 22066 10003078 
500 35584 10001503 
501 98872 10002173 
502 9294 10008321 
503 44523 10007681 
504 24416 10007419 
505 50989 10000797 
506 91723 10000532 
507 48576 10004417 
508 68190 10005967 
509 89964 10001850 
510 22308 10004528 
511 50313 10003085 
512 57590 10009787 
513 90090 10004676 
514 62010 10006921 
515 29318 10005391 
516 75644 10007204 
517 80228 10008076 
518 97671 10005618 
519 99810 10007169 
520 9439 10007230 
521 14210 10002037 
522 22238 10009329 
523 76370 10008494 
524 32810 10009648 
525 70774 10004134 
526 99088 10005231 
527 84820 10006583 
528 54207 10004323 
529 14716 10006677 
530 17635 10008933 
531 44146 10003131 
532 63452 10009443 
533 29082 10002797 
534 11994 10001824 
535 44382 10002540 
536 33239 10004540 
537 59967 10000377 
538 77714 10009646 
539 4021 10000561 
540 8451 10009053 
541 65605 10004422 
542 91168 10007390 
543 5534 10008654 
544 57963 10004152 
545 80240 10008868 
546 67989 10003187 
547 5482 10008029 
548 38900 10008863 
549 74414 10007461 
550 91580 10004577 
551 3347 10004488 
552 71165 10006120 
553 35670 10009980 
554 24824 10009262 
555 94143 10003675 
556 97183 10006842 
557 7851 10001727 
558 58024 10006930 
559 60539 10000806 
560 16302 10003453 
561 43384 10007173 
562 31269 10001703 
563 53666 10004617 
564 81752 10008766 
565 64468 10001752 
566 90432 10005737 
567 89237 10005430 
568 20386 10009864 
569 58749 10003028 
570 39398 10005062 
571 36577 10007971 
572 528 10009195 
573 71230 10007685 
574 83997 10007070 
575 8094 10002100 
576 43612 10009976 
577 26858 10004765 
578 73414 10006227 
579 72717 10002804 
580 66811 10001986 
581 40832 10008683 
582 90267 10001754 
583 53367 10008621 
584 30525 10005646 
585 59239 10001956 
586 24368 10002776 
587 67794 10007194 
588 53515 10006131 
589 67185 10001453 
590 1779 10002854 
591 61116 10009196 
592 21257 10000027 
593 62905 10005870 
594 12589 10005405 
595 66015 10005730 
596 72371 10000111 
597 81734 10006144 
598 99168 10004986 
599 84366 10002830 
600 66721 10003295 
601 90888 10007583 
602 23336 10009738 
603 49316 10002519 
604 1157 10004263 
605 17016 10002425 
606 7037 10008479 
607 66089 10006417 
608 99081 10002170 
609 31001 10007325 
610 82637 10003032 
611 43694 10001334 
612 51059 10005227 
613 16763 10004237 
614 55683 10007084 
615 77453 10003248 
616 75906 10001246 
617 50708 10005771 
618 33221 10004912 
619 74060 10005435 
620 22704 10005691 
621 46215 10005055 
622 16687 10005851 
623 90936 10000359 
624 21967 10006171 
625 56671 10002270 
626 74074 10003689 
627 30860 10002036 
628 84782 10006008 
629 78098 10006804 
630 69497 10005349 
631 34537 10007013 
632 99987 10004881 
633 85279 10000091 
634 96152 10009356 
635 33597 10003325 
636 80097 10001219 
637 90002 10008785 
638 47229 10005008 
639 45438 10008036 
640 55985 10000768 
641 98781 10009830 
642 3241 10005939 
643 81870 10004353 
644 20313 10001628 
645 3038 10006042 
646 16597 10003735 
647 49526 10001313 
648 61418 10008250 
649 87262 10002083 
650 8695 10006676 
651 46028 10007759 
652 48779 10006883 
653 53773 10000085 
654 24156 10000354 
655 10607 10004153 
656 43361 10005758 
657 85385 10009639 
658 38861 10005738 
659 86503 10000401 
660 88969 10007305 
661 27765 10000244 
662 36428 10008712 
663 9992 10006121 
664 12025 10004670 
665 47844 10008343 
666 92086 10001067 
667 77485 10003589 
668 87172 10005742 
669 15565 10009597 
670 76832 10003347 
671 37086 10005580 
672 38805 10009257 
673 38037 10006950 
674 42299 10005394 
675 31244 10000151 
676 37744 10009555 
677 79563 10008388 
678 20017 10007067 
679 33106 10001376 
680 85046 10003409 
681 95620 10008027 
682 96135 10001014 
683 75187 10003604 
684 24991 10005689 
685 68965 10002335 
686 46203 10007241 
687 65088 10007649 
688 56415 10008325 
689 26423 10002584 
690 30630 10001919 
691 66929 10002872 
692 15619 10005792 
693 43922 10007872 
694 14553 10005733 
695 32392 10003275 
696 30547 10003350 
697 60596 10007187 
698 82401 10008567 
699 77779 10003967 
700 71983 10008056 
701 24393 10002861 
702 63524 10005687 
703 82537 10007643 
704 18068 10000310 
705 95106 10004271 
706 88002 10005526 
707 35273 10001207 
708 246 10006322 
709 62815 10003547 
710 53527 10006393 
711 24416 10008654 
712 19461 10005587 
713 91912 10005283 
714 73717 10006164 
715 35329 10000507 
716 92682 10003999 
717 16237 10009181 
718 90956 10006914 
719 70156 10007423 
720 24968 10002015 
721 87883 10005681 
722 16164 10005626 
723 97993 10003369 
724 99933 10009758 
725 9735 10006248 
726 17791 10001163 
727 95212 10008476 
728 29120 10001098 
729 31506 10002175 
730 32057 10006321 
731 8496 10009692 
732 58178 10003441 
733 88485 10003249 
734 49545 10003660 
735 84766 10006880 
736 67151 10000533 
737 44260 10009536 
738 47743 10004272 
739 26693 10002689 
740 94124 10003656 
741 12253 10000061 
742 56774 10008463 
743 55713 10002249 
744 33880 10001008 
745 10695 10004587 
746 20993 10002512 
747 10069 10008437 
748 90956 10001923 
749 64197 10001135 
750 76367 10008683 
751 82354 10004643 
752 21565 10002844 
753 75299 10003826 
754 2472 10003450 
755 78992 10002452 
756 14583 10005732 
757 82165 10002589 
758 93439 10009146 
759 60690 10003178 
760 40769 10008281 
761 17148 10000347 
762 94592 10003751 
763 74724 10008603 
764 23229 10003529 
765 97250 10007226 
766 52689 10004131 
767 40990 10004204 
768 88102 10002487 
769 64410 10000345 
770 20626 10003470 
771 51775 10006325 
772 3441 10002197 
773 78691 10005723 
774 34686 10004575 
775 80212 10004371 
776 66702 10003880 
777 53956 10000211 
778 72810 10003177 
779 7632 10005985 
780 81031 10008199 
781 58863 10006070 
782 59427 10002966 
783 43635 10001885 
784 65149 10007708 
785 61983 10005387 
786 72113 10006144 
787 53382 10002185 
788 55344 10003024 
789 97499 10006845 
790 88 10004962 
791 87451 10005783 
792 75189 10008834 
793 32627 10008407 
794 8723 10003051 
795 55630 10009147 
796 30879 10001345 
797 18975 10002854 
798 5497 10006842 
799 44456 10004701 
800 77560 10002205 
801 4965 10009115 
802 44666 10003522 
803 36568 10003428 
804 7526 10002441 
805 21714 10004038 
806 92545 10002359 
807 80762 10003979 
808 70953 10007115 
809 11005 10001707 
810 76849 10001871 
811 30194 10004767 
812 5017 10000682 
813 98888 10001648 
814 83464 10009794 
815 93135 10003694 
816 13321 10005471 
817 32160 10008028 
818 38497 10009674 
819 34058 10000025 
820 46697 10002836 
821 67930 10003626 
822 34443 10002147 
823 36582 10009922 
824 74173 10008199 
825 97814 10005331 
826 18709 10003435 
827 49199 10007406 
828 18152 10001719 
829 84158 10008503 
830 63492 10000147 
831 9981 10002708 
832 61702 10009381 
833 88005 10006116 
834 43832 10005307 
835 71216 10005180 
836 96555 10004708 
837 96105 10007132 
838 27501 10002825 
839 371 10005937 
840 30630 10002074 
841 32946 10002916 
842 58549 10003426 
843 14138 10006495 
844 50210 10002220 
845 43347 10003263 
846 81888 10000943 
847 19045 10002516 
848 41857 10009909 
849 25830 10009094 
850 4789 10008954 
851 14013 10004562 
852 54817 10000975 
853 77970 10004210 
854 65528 10005117 
855 73780 10009883 
856 5241 10000407 
857 21798 10001424 
858 80068 10006185 
859 24359 10006099 
860 85978 10007213 
861 88796 10009884 
862 35248 10003180 
863 50269 10006850 
864 85743 10000369 
865 46777 10001798 
866 33420 10009369 
867 30598 10009247 
868 78175 10000967 
869 96617 10002287 
870 68994 10007620 
871 39870 10001077 
872 78792 10006515 
873 59813 10003772 
874 53175 10009827 
875 41225 10004609 
876 51587 10008381 
877 10542 10000050 
878 18249 10003917 
879 46806 10005553 
880 76901 10008158 
881 72784 10001495 
882 95632 10002478 
883 33439 10008534 
884 51353 10007841 
885 39202 10007591 
886 37918 10005409 
887 66309 10008018 
888 24296 10006898 
889 60131 10000988 
890 21761 10007076 
891 91189 10004379 
892 95315 10001298 
893 19548 10002469 
894 50686 10008951 
895 43271 10009638 
896 41653 10002896 
897 87937 10007055 
898 27157 10006956 
899 36955 10005532 
900 18563 10000272 
901 86225 10002078 
902 95745 10001544 
903 81212 10001639 
904 6669 10009816 
905 38740 10003845 
906 10679 10009856 
907 18783 10007765 
908 63324 10006094 
909 29498 10007353 
910 48163 10009549 
911 65506 10000756 
912 99956 10003595 
913 97536 10000385 
914 57872 10008824 
915 48559 10005444 
916 33649 10009322 
917 12171 10004312 
918 31422 10001534 
919 45208 10005640 
920 43787 10000840 
921 71916 10001321 
922 75499 10000540 
923 76634 10004884 
924 34195 10004214 
925 66140 10001170 
926 82029 10002803 
927 33980 10004335 
928 32181 10009938 
929 55519 10000081 
930 31572 10001029 
931 71406 10005554 
932 88982 10007825 
933 97187 10000025 
934 36234 10007045 
935 10604 10008696 
936 90870 10002744 
937 58335 10006782 
938 71476 10009659 
939 50939 10008699 
940 35820 10004957 
941 46006 10009156 
942 33903 10007805 
943 90600 10004557 
944 40142 10007050 
945 9619 10002755 
946 99509 10002167 
947 75150 10004396 
948 13992 10004954 
949 52012 10009333 
950 4248 10005283 
951 9486 10003067 
952 4481 10008714 
953 18882 10008150 
954 97987 10002977 
955 38421 10007247 
956 35548 10002569 
957 86460 10006467 
958 70270 10004624 
959 9019 10000031 
960 40402 10004503 
961 49457 10006699 
962 45864 10001826 
963 11104 10007203 
964 83258 10007769 
965 86652 10009856 
966 41980 10003148 
967 98096 10002118 
968 77026 10007203 
969 6791 10005798 
970 29487 10000562 
971 60637 10000484 
972 96340 10002300 
973 32291 10002371 
974 64493 10003567 
975 15785 10009692 
976 19124 10006925 
977 68587 10007693 
978 66849 10001547 
979 80955 10009486 
980 98015 10002529 
981 74055 10009454 
982 61803 10005170 
983 62854 10008829 
984 69099 10009158 
985 82532 10005507 
986 23817 10006035 
987 97063 10004269 
988 87947 10007019 
989 62686 10009560 
990 4305 10009134 
991 91205 10002085 
992 51914 10003439 
993 16919 10003501 
994 32690 10002405 
995 98929 10008766 
996 89804 10002184 
997 61311 10000148 
998 48088 10006235 
999 48069 10000643 
1000 30578 10001481 
